"StrainName","Start","End","DonorLineage","length"
"SRR13556499",87352,90730,"9",3378
"SRR13556499",90731,92685,"10",1954
"SRR13556499",92686,93777,"3",1091
"SRR13556499",93778,95037,"10",1259
"SRR13556499",95038,96471,"5",1433
"SRR13556499",97338,97907,"5",569
"SRR13556499",97908,99221,"8",1313
"SRR13556499",99222,104229,"5",5007
"SRR13556499",104230,105871,"3",1641
"SRR13556499",105872,108518,"5",2646
"SRR13556499",282933,284368,"10",1435
"SRR13556499",284369,284922,"6",553
"SRR13556499",284923,287753,"7",2830
"SRR13556499",287754,288582,"6",828
"SRR13556499",288583,289605,"3",1022
"SRR13556499",289606,293994,"5",4388
"SRR13556499",295045,300171,"5",5126
"SRR13556499",300172,300675,"9",503
"SRR13556499",300676,301916,"5",1240
"SRR13556499",301917,302912,"8",995
"SRR13556499",302913,303605,"3",692
"SRR13556499",303606,303651,"8",45
"SRR13556499",303652,304337,"5",685
"SRR13556499",304338,305025,"7",687
"SRR13556499",305026,306358,"5",1332
"SRR13556499",397731,399476,"10",1745
"SRR13556499",399477,400444,"3",967
"SRR13556499",400445,402060,"5",1615
"SRR13556499",402061,404820,"3",2759
"SRR13556499",404821,407411,"10",2590
"SRR13556499",407412,408767,"3",1355
"SRR13556499",409293,416218,"6",6925
"SRR13556499",688998,694505,"5",5507
"SRR13556499",833641,835862,"4",2221
"SRR13556499",835863,837123,"9",1260
"SRR13556499",837124,839721,"5",2597
"SRR13556499",894170,895170,"3",1000
"SRR13556499",895171,897593,"10",2422
"SRR13556499",897594,897936,"5",342
"SRR13556499",897937,898654,"10",717
"SRR13556499",898655,899796,"4",1141
"SRR13556499",899797,901429,"3",1632
"SRR13556499",963473,965122,"5",1649
"SRR13556499",965123,966066,"3",943
"SRR13556499",966067,967742,"6",1675
"SRR13556499",967743,967865,"4",122
"SRR13556499",967866,968305,"3",439
"SRR13556499",968306,969017,"4",711
"SRR13556499",970493,970984,"5",491
"SRR13556499",970985,972481,"3",1496
"SRR13556499",972482,974260,"7",1778
"SRR13556499",989152,991256,"4",2104
"SRR13556499",991257,993449,"7",2192
"SRR13556499",993450,994830,"6",1380
"SRR13556499",994831,999229,"3",4398
"SRR13556499",1046849,1050538,"5",3689
"SRR13556499",1050539,1051309,"10",770
"SRR13556499",1051310,1054685,"4",3375
"SRR13556499",1054686,1055889,"7",1203
"SRR13556499",1055890,1057297,"5",1407
"SRR13556499",1057298,1060276,"4",2978
"SRR13556499",1060277,1060705,"5",428
"SRR13556499",1060706,1063254,"7",2548
"SRR13556499",1101927,1102729,"4",802
"SRR13556499",1159354,1164115,"5",4761
"SRR13556499",1164116,1164280,"4",164
"SRR13556499",1164281,1164524,"5",243
"SRR13556499",1164525,1165827,"8",1302
"SRR13556499",1227314,1229622,"9",2308
"SRR13556499",1229623,1231997,"5",2374
"SRR13556499",1248573,1251119,"6",2546
"SRR13556499",1251403,1252466,"5",1063
"SRR13556499",1252467,1254634,"9",2167
"SRR13556499",1254921,1256169,"5",1248
"SRR13556499",1256170,1256413,"9",243
"SRR13556499",1256414,1257882,"8",1468
"SRR13556499",1290821,1292152,"3",1331
"SRR13556499",1292153,1297553,"5",5400
"SRR13556499",1298330,1299301,"10",971
"SRR13556499",1349359,1354239,"10",4880
"SRR13556499",1354240,1356481,"6",2241
"SRR13556499",1356482,1357602,"10",1120
"SRR13556499",1408690,1411731,"5",3041
"SRR13556499",1411732,1413503,"6",1771
"SRR13556499",1413504,1415179,"4",1675
"SRR13556499",1415180,1424911,"5",9731
"SRR13556499",1425176,1428344,"5",3168
"SRR13556499",1589520,1590829,"4",1309
"SRR13556499",1590830,1592231,"5",1401
"SRR13556499",1592232,1593125,"7",893
"SRR13556499",1593126,1595067,"4",1941
"SRR13556499",1595068,1596945,"5",1877
"SRR13556499",1597355,1597958,"7",603
"SRR13556499",1597959,1599800,"5",1841
"SRR13556499",1599801,1603898,"7",4097
"SRR13556499",1603899,1606026,"5",2127
"SRR13556499",1606027,1608611,"4",2584
"SRR13556499",1649874,1654380,"5",4506
"SRR13556499",1654381,1654865,"8",484
"SRR13556499",1654866,1656360,"10",1494
"SRR13556499",1657054,1662893,"10",5839
"SRR13556499",1663257,1663363,"10",106
"SRR13556499",1664099,1666919,"9",2820
"SRR13556499",1703349,1706799,"9",3450
"SRR13556499",1706800,1710566,"6",3766
"SRR13556499",1710567,1710966,"3",399
"SRR13556499",1727266,1729187,"3",1921
"SRR13556499",1729188,1731993,"1",2805
"SRR13556499",1822251,1824039,"6",1788
"SRR13556499",1824040,1828070,"5",4030
"SRR13556499",1877720,1878816,"6",1096
"SRR13556499",1878817,1879906,"10",1089
"SRR13556499",1879907,1880012,"8",105
"SRR13556499",1880013,1880856,"3",843
"SRR13556499",1880857,1882526,"5",1669
"SRR13556499",1882527,1883356,"3",829
"SRR13556499",1883357,1883685,"4",328
"SRR13556499",1883686,1886410,"3",2724
"SRR13556499",1906417,1909505,"5",3088
"SRR13556499",1910812,1911560,"3",748
"SRR13556499",1911561,1919160,"5",7599
"SRR13556499",1919161,1921883,"4",2722
"SRR13556499",2061217,2068955,"5",7738
"SRR13556499",2068956,2070362,"6",1406
"SRR13556499",2070363,2073686,"5",3323
"SRR13556499",2073687,2073737,"7",50
"SRR13556499",2073738,2074507,"8",769
"SRR13556499",2074508,2074826,"7",318
"SRR13556499",2140329,2141613,"7",1284
"SRR13556499",2268222,2271229,"6",3007
"SRR13556499",2271230,2274214,"5",2984
"SRR13556499",2274215,2276019,"4",1804
"SRR13556499",2323260,2328692,"4",5432
"SRR13556499",2361352,2363652,"6",2300
"SRR13556499",2364080,2365850,"3",1770
"SRR13556499",2365851,2369143,"6",3292
"SRR13556499",2369144,2370690,"10",1546
"SRR13556499",2370691,2373357,"6",2666
"SRR13556499",2373358,2375185,"5",1827
"SRR13556499",2498872,2499342,"6",470
"SRR13556499",2499343,2500316,"1",973
"SRR13556499",2510944,2513784,"8",2840
"SRR13556499",2513785,2517908,"5",4123
"SRR13556499",2526317,2528635,"5",2318
"SRR13556499",2528636,2529702,"4",1066
"SRR13556499",2529703,2531007,"3",1304
"SRR13556499",2531008,2532755,"7",1747
"SRR13556499",2556901,2559958,"4",3057
"SRR13556499",2559959,2570336,"5",10377
"SRR13556499",2584495,2585407,"6",912
"SRR13556499",2588489,2590002,"4",1513
"SRR13556499",2593662,2594633,"5",971
"SRR13556499",2595530,2596891,"10",1361
"SRR13556499",2598625,2601673,"6",3048
"SRR13556499",2612804,2616232,"6",3428
"SRR13556499",2616233,2617494,"3",1261
"SRR13556499",2618032,2619240,"3",1208
"SRR13556499",2647447,2648910,"3",1463
"SRR13556499",2648911,2650265,"4",1354
"SRR13556499",2750021,2755081,"6",5060
"SRR13556499",2755082,2756676,"7",1594
"SRR13556499",2756677,2760145,"6",3468
"SRR13556499",2760146,2763230,"8",3084
"SRR13556499",2763231,2764148,"3",917
"SRR13556499",2764149,2765875,"6",1726
"SRR13556499",2799811,2802606,"10",2795
"SRR13556499",2810583,2811076,"9",493
"SRR13556499",2922196,2925216,"4",3020
"SRR13556499",2925217,2928603,"6",3386
"SRR13556499",2928604,2930402,"3",1798
"SRR13556499",2938469,2939656,"6",1187
"SRR13556499",2940000,2943186,"1",3186
"SRR13556499",2943187,2943286,"3",99
"SRR13556499",2943287,2946442,"10",3155
"SRR13556499",2946868,2947146,"7",278
"SRR13556499",2947147,2950740,"6",3593
"SRR13556499",2950741,2955148,"5",4407
"SRR13556499",2955149,2956490,"3",1341
"SRR13556499",2962747,2967800,"4",5053
"SRR13556499",2971388,2982550,"6",11162
"SRR13556499",2993549,2997543,"10",3994
"SRR13556499",3027274,3028680,"3",1406
"SRR13556499",3035555,3040262,"6",4707
"SRR13556499",3040263,3043799,"3",3536
"SRR13556499",3048187,3052201,"10",4014
"SRR13556499",3052202,3053530,"1",1328
"SRR13556499",3062237,3065244,"5",3007
"SRR13556499",3126613,3129375,"5",2762
"SRR13556499",3129376,3130139,"1",763
"SRR13556499",3134798,3136436,"3",1638
"SRR13556499",3136437,3137824,"8",1387
"SRR13556499",3137850,3137884,"4",34
"SRR13556499",3138242,3139441,"5",1199
"SRR13556499",3146625,3148797,"6",2172
"SRR13556499",3148798,3153760,"3",4962
"SRR13556499",3153761,3155596,"4",1835
"SRR13556499",3175603,3178018,"6",2415
"SRR13556499",3178019,3179035,"7",1016
"SRR13556499",3179036,3181654,"6",2618
"SRR13556499",3181655,3184451,"5",2796
"SRR13556499",3233423,3235092,"4",1669
"SRR13556499",3235093,3237419,"3",2326
"SRR13556499",3237420,3238162,"7",742
"SRR13556499",3238163,3238781,"4",618
"SRR13556499",3242738,3245405,"9",2667
"SRR13556499",3245406,3245873,"3",467
"SRR13556499",3245874,3248581,"4",2707
"SRR13556499",3274921,3275913,"6",992
"SRR13556499",3275914,3277259,"3",1345
"SRR13556499",3327976,3332538,"3",4562
"SRR13556499",3332539,3335053,"7",2514
"SRR13556499",3335054,3337232,"5",2178
"SRR13556499",3337233,3340873,"6",3640
"SRR13556499",3340874,3341651,"4",777
"SRR13556499",3346896,3349274,"5",2378
"SRR13556499",3350891,3352351,"4",1460
"SRR13556499",3352352,3352645,"8",293
"SRR13556499",3352646,3353482,"4",836
"SRR13556499",3356525,3361267,"5",4742
"SRR13556499",3361268,3363877,"6",2609
"SRR13556499",3363878,3365866,"4",1988
"SRR13556499",3378216,3384586,"3",6370
"SRR13556499",3384587,3386434,"6",1847
"SRR13556499",3386813,3390071,"4",3258
"SRR13556499",3390072,3396065,"6",5993
"SRR13556499",3403126,3403731,"8",605
"SRR13556499",3403732,3404988,"9",1256
"SRR13556499",3404989,3409827,"5",4838
"SRR13556499",3429485,3431324,"7",1839
"SRR13556499",3431325,3437151,"5",5826
"SRR13556499",3437152,3439525,"4",2373
"SRR13556499",3439526,3440047,"10",521
"SRR13556499",3440048,3442403,"5",2355
"SRR13556499",3461291,3464332,"3",3041
"SRR13556499",3464333,3466835,"7",2502
"SRR13556499",3466836,3468832,"3",1996
"SRR13556499",3468833,3470146,"10",1313
"SRR13556499",3470147,3470444,"4",297
"SRR13556499",3470445,3470641,"10",196
"SRR13556499",3470642,3471050,"6",408
"SRR13556499",3471051,3473096,"10",2045
"SRR13556499",3531895,3534315,"6",2420
"SRR13556499",3534316,3535993,"3",1677
"SRR13556499",3535994,3541439,"5",5445
"SRR13556499",3564450,3566251,"3",1801
"SRR13556499",3566252,3567518,"5",1266
"SRR13556499",3567519,3568040,"10",521
"SRR13556499",3568041,3570729,"3",2688
"SRR13556499",3570730,3571997,"5",1267
"SRR13556499",3571998,3573783,"9",1785
"SRR13556499",3573784,3576006,"6",2222
"SRR13556499",3576007,3577444,"8",1437
"SRR13556499",3577445,3581743,"5",4298
"SRR13556499",3581744,3582624,"3",880
"SRR13556499",3582625,3584402,"6",1777
"SRR13556499",3590506,3591230,"6",724
"SRR13556499",3604768,3607247,"4",2479
"SRR13556499",3607248,3608223,"5",975
"SRR13556499",3638860,3646816,"5",7956
"SRR13556499",3670023,3673586,"5",3563
"SRR13556499",3673587,3674017,"10",430
"SRR13556499",3674018,3677034,"6",3016
"SRR13556499",3677035,3678004,"4",969
"SRR13556499",3678005,3681355,"5",3350
"SRR13556499",3729666,3730000,"4",334
"SRR13556499",3730001,3732772,"5",2771
"SRR13556499",3751192,3753105,"10",1913
"SRR13556499",3753106,3757250,"7",4144
"SRR13556499",3757251,3771403,"5",14152
"SRR13556499",3800399,3806548,"5",6149
"SRR13556499",3806549,3810930,"6",4381
"SRR13556499",3821662,3823390,"6",1728
"SRR13556499",3823391,3824670,"10",1279
"SRR13556499",3824671,3825888,"4",1217
"SRR13556499",3825889,3826886,"3",997
"SRR13556499",3826887,3827885,"8",998
"SRR13556499",3827886,3830194,"5",2308
"SRR13556499",3898757,3901774,"6",3017
"SRR13556499",3911169,3913676,"5",2507
"SRR13556499",3916163,3924258,"6",8095
"SRR13556499",3924259,3927555,"10",3296
"SRR13556499",3983058,3983489,"5",431
"SRR13556499",3983490,3986577,"3",3087
"SRR13556499",3987894,3988990,"3",1096
"SRR13556499",3988991,3990981,"6",1990
"SRR13556499",3990982,3995252,"10",4270
"SRR13556499",3997314,4004182,"5",6868
"SRR13556499",4004183,4006346,"6",2163
"SRR13556499",4131274,4133629,"3",2355
"SRR13556499",4133852,4135144,"10",1292
"SRR13556499",4135145,4139459,"1",4314
"SRR13556499",4239869,4251226,"6",11357
"ERR12861639",2586060,2587049,"5",989
"ERR12861639",2587050,2587902,"10",852
"ERR12861639",3151985,3152665,"3",680
"ERR12861491",104230,105109,"10",879
"ERR12861491",105110,109403,"7",4293
"ERR12861491",203443,203577,"2",134
"ERR12861491",244731,245818,"6",1087
"ERR12861491",245819,246253,"7",434
"ERR12861491",246254,247305,"1",1051
"ERR12861491",247306,247544,"7",238
"ERR12861491",250076,251704,"10",1628
"ERR12861491",274253,276025,"7",1772
"ERR12861491",456079,456232,"10",153
"ERR12861491",559651,560375,"6",724
"ERR12861491",564563,566200,"1",1637
"ERR12861491",588642,590621,"1",1979
"ERR12861491",618939,619284,"10",345
"ERR12861491",700528,701920,"5",1392
"ERR12861491",763647,764309,"6",662
"ERR12861491",836299,837375,"1",1076
"ERR12861491",902629,905989,"6",3360
"ERR12861491",907872,908544,"7",672
"ERR12861491",990875,992183,"10",1308
"ERR12861491",1032817,1035355,"6",2538
"ERR12861491",1134852,1139105,"7",4253
"ERR12861491",1149448,1150303,"1",855
"ERR12861491",1258098,1258757,"10",659
"ERR12861491",1333534,1334434,"7",900
"ERR12861491",1458283,1459116,"1",833
"ERR12861491",1507571,1508280,"7",709
"ERR12861491",1513144,1513892,"7",748
"ERR12861491",1546031,1546773,"3",742
"ERR12861491",1552218,1552554,"1",336
"ERR12861491",1561288,1562722,"1",1434
"ERR12861491",1569267,1572681,"6",3414
"ERR12861491",1586243,1587214,"7",971
"ERR12861491",1817808,1819113,"7",1305
"ERR12861491",1819114,1822168,"6",3054
"ERR12861491",1826503,1829123,"6",2620
"ERR12861491",1864255,1864988,"6",733
"ERR12861491",1906708,1907612,"10",904
"ERR12861491",2113193,2114050,"10",857
"ERR12861491",2260215,2260847,"2",632
"ERR12861491",2266353,2267952,"9",1599
"ERR12861491",2414556,2415758,"10",1202
"ERR12861491",2522547,2525159,"2",2612
"ERR12861491",2580676,2581793,"6",1117
"ERR12861491",2588362,2589347,"10",985
"ERR12861491",2632777,2633238,"10",461
"ERR12861491",2716780,2723527,"6",6747
"ERR12861491",2836020,2837287,"7",1267
"ERR12861491",2837288,2838175,"10",887
"ERR12861491",2873260,2874003,"6",743
"ERR12861491",2968491,2971269,"6",2778
"ERR12861491",2995888,2997732,"7",1844
"ERR12861491",3015104,3015844,"3",740
"ERR12861491",3015845,3016758,"7",913
"ERR12861491",3047935,3048862,"5",927
"ERR12861491",3088735,3093328,"6",4593
"ERR12861491",3098266,3100349,"7",2083
"ERR12861491",3224799,3226339,"6",1540
"ERR12861491",3321990,3323894,"7",1904
"ERR12861491",3333439,3334408,"8",969
"ERR12861491",3422865,3426386,"7",3521
"ERR12861491",3445701,3446957,"10",1256
"ERR12861491",3457872,3459746,"10",1874
"ERR12861491",3465515,3466329,"6",814
"ERR12861491",3586098,3587353,"10",1255
"ERR12861491",3612332,3613785,"7",1453
"ERR12861491",3625272,3626924,"6",1652
"ERR12861491",3654289,3655334,"7",1045
"ERR12861491",3715572,3720925,"6",5353
"ERR12861491",3723443,3724897,"1",1454
"ERR12861491",3754055,3763253,"7",9198
"ERR12861491",3779940,3780192,"8",252
"ERR12861491",3922683,3924055,"7",1372
"ERR12861491",3987610,3988855,"6",1245
"ERR12861491",4004790,4006055,"6",1265
"ERR12861491",4006737,4007276,"7",539
"ERR12861491",4182645,4194131,"2",11486
"ERR12861491",4194132,4201330,"3",7198
"DRR286137",1496907,1498493,"8",1586
"ERR12861475",7199,7882,"10",683
"ERR12861475",14333,14951,"8",618
"ERR12861475",14952,20968,"6",6016
"ERR12861475",70783,72584,"6",1801
"ERR12861475",86856,89950,"10",3094
"ERR12861475",100053,109462,"6",9409
"ERR12861475",116792,117082,"10",290
"ERR12861475",117083,121523,"4",4440
"ERR12861475",123164,124201,"7",1037
"ERR12861475",140926,141863,"4",937
"ERR12861475",148640,150347,"8",1707
"ERR12861475",150348,151156,"7",808
"ERR12861475",158821,162079,"10",3258
"ERR12861475",174261,175562,"9",1301
"ERR12861475",175563,177692,"10",2129
"ERR12861475",177931,180057,"10",2126
"ERR12861475",186825,190329,"10",3504
"ERR12861475",192474,192581,"6",107
"ERR12861475",192582,193769,"4",1187
"ERR12861475",194104,196372,"6",2268
"ERR12861475",204015,205905,"4",1890
"ERR12861475",213558,217674,"7",4116
"ERR12861475",218657,226915,"4",8258
"ERR12861475",226916,227394,"8",478
"ERR12861475",227395,228254,"4",859
"ERR12861475",228255,230467,"7",2212
"ERR12861475",230468,234166,"4",3698
"ERR12861475",234167,237044,"10",2877
"ERR12861475",272480,276353,"4",3873
"ERR12861475",290638,292550,"9",1912
"ERR12861475",320894,322843,"5",1949
"ERR12861475",326703,331957,"6",5254
"ERR12861475",366346,367630,"4",1284
"ERR12861475",396792,400580,"6",3788
"ERR12861475",400581,403728,"8",3147
"ERR12861475",405507,406525,"10",1018
"ERR12861475",413876,415246,"8",1370
"ERR12861475",419707,420356,"4",649
"ERR12861475",420357,422189,"6",1832
"ERR12861475",422190,422950,"10",760
"ERR12861475",435137,436376,"8",1239
"ERR12861475",450416,451621,"8",1205
"ERR12861475",451622,457800,"6",6178
"ERR12861475",457801,458696,"10",895
"ERR12861475",477597,478699,"9",1102
"ERR12861475",482403,483325,"10",922
"ERR12861475",505951,506588,"10",637
"ERR12861475",506844,508150,"4",1306
"ERR12861475",522207,524433,"4",2226
"ERR12861475",530025,532545,"10",2520
"ERR12861475",559587,560705,"10",1118
"ERR12861475",560706,561612,"6",906
"ERR12861475",571017,574394,"6",3377
"ERR12861475",600112,601204,"10",1092
"ERR12861475",618939,619691,"6",752
"ERR12861475",623284,624590,"10",1306
"ERR12861475",632574,634462,"10",1888
"ERR12861475",682137,687659,"8",5522
"ERR12861475",695802,696764,"4",962
"ERR12861475",696765,698559,"10",1794
"ERR12861475",700528,701825,"6",1297
"ERR12861475",722283,723027,"4",744
"ERR12861475",727235,731542,"4",4307
"ERR12861475",731543,736849,"10",5306
"ERR12861475",736850,740133,"9",3283
"ERR12861475",743767,745747,"9",1980
"ERR12861475",745748,746396,"6",648
"ERR12861475",775514,777123,"7",1609
"ERR12861475",796288,797358,"6",1070
"ERR12861475",813090,813550,"4",460
"ERR12861475",822151,824868,"9",2717
"ERR12861475",829662,832141,"6",2479
"ERR12861475",839070,840231,"10",1161
"ERR12861475",840232,841693,"6",1461
"ERR12861475",846156,847468,"6",1312
"ERR12861475",873881,874631,"10",750
"ERR12861475",881726,883435,"6",1709
"ERR12861475",907942,910201,"4",2259
"ERR12861475",913548,914359,"5",811
"ERR12861475",918416,919378,"9",962
"ERR12861475",944917,945231,"3",314
"ERR12861475",962564,964734,"4",2170
"ERR12861475",969982,971983,"7",2001
"ERR12861475",972349,973165,"4",816
"ERR12861475",984121,986253,"4",2132
"ERR12861475",1016228,1020690,"9",4462
"ERR12861475",1023379,1026827,"4",3448
"ERR12861475",1026828,1030169,"6",3341
"ERR12861475",1035540,1041793,"4",6253
"ERR12861475",1041794,1044708,"6",2914
"ERR12861475",1063593,1064644,"4",1051
"ERR12861475",1079892,1084714,"7",4822
"ERR12861475",1084764,1087567,"8",2803
"ERR12861475",1087568,1090278,"4",2710
"ERR12861475",1092994,1097520,"9",4526
"ERR12861475",1097521,1100044,"6",2523
"ERR12861475",1100045,1101353,"10",1308
"ERR12861475",1102730,1104508,"8",1778
"ERR12861475",1104509,1106691,"5",2182
"ERR12861475",1106692,1109024,"4",2332
"ERR12861475",1114650,1115583,"6",933
"ERR12861475",1117715,1120156,"6",2441
"ERR12861475",1128935,1129745,"6",810
"ERR12861475",1146287,1147469,"8",1182
"ERR12861475",1151128,1152096,"4",968
"ERR12861475",1164044,1165516,"4",1472
"ERR12861475",1192101,1192370,"6",269
"ERR12861475",1199746,1200233,"9",487
"ERR12861475",1204065,1211684,"9",7619
"ERR12861475",1211685,1212012,"6",327
"ERR12861475",1213790,1216635,"8",2845
"ERR12861475",1216636,1219157,"6",2521
"ERR12861475",1227987,1229914,"6",1927
"ERR12861475",1233182,1239488,"4",6306
"ERR12861475",1257127,1258783,"10",1656
"ERR12861475",1259560,1260462,"10",902
"ERR12861475",1268570,1271337,"6",2767
"ERR12861475",1271338,1272347,"9",1009
"ERR12861475",1285634,1288748,"7",3114
"ERR12861475",1294950,1295575,"8",625
"ERR12861475",1295576,1296592,"4",1016
"ERR12861475",1310259,1310550,"7",291
"ERR12861475",1311488,1317908,"6",6420
"ERR12861475",1320997,1322129,"5",1132
"ERR12861475",1322130,1323543,"7",1413
"ERR12861475",1323544,1324579,"10",1035
"ERR12861475",1338183,1340332,"6",2149
"ERR12861475",1351060,1352895,"9",1835
"ERR12861475",1352896,1354598,"5",1702
"ERR12861475",1369684,1372787,"6",3103
"ERR12861475",1372788,1373279,"4",491
"ERR12861475",1386911,1389078,"6",2167
"ERR12861475",1389079,1389950,"4",871
"ERR12861475",1407067,1411599,"6",4532
"ERR12861475",1424034,1426659,"4",2625
"ERR12861475",1427433,1432455,"6",5022
"ERR12861475",1432456,1433969,"5",1513
"ERR12861475",1433970,1437981,"8",4011
"ERR12861475",1437982,1441372,"10",3390
"ERR12861475",1447418,1450171,"4",2753
"ERR12861475",1467817,1472865,"10",5048
"ERR12861475",1477129,1479182,"7",2053
"ERR12861475",1489579,1490579,"10",1000
"ERR12861475",1498494,1499957,"10",1463
"ERR12861475",1507571,1508126,"7",555
"ERR12861475",1508565,1508934,"8",369
"ERR12861475",1509301,1511373,"4",2072
"ERR12861475",1511612,1513018,"10",1406
"ERR12861475",1513893,1517851,"8",3958
"ERR12861475",1517852,1519684,"5",1832
"ERR12861475",1522078,1524798,"9",2720
"ERR12861475",1528241,1531114,"5",2873
"ERR12861475",1548380,1549559,"4",1179
"ERR12861475",1549560,1551782,"6",2222
"ERR12861475",1552634,1555639,"4",3005
"ERR12861475",1567411,1569338,"6",1927
"ERR12861475",1575318,1576547,"9",1229
"ERR12861475",1578975,1585381,"6",6406
"ERR12861475",1585382,1585964,"5",582
"ERR12861475",1585965,1592161,"10",6196
"ERR12861475",1601712,1602534,"6",822
"ERR12861475",1606027,1608861,"6",2834
"ERR12861475",1614009,1615734,"9",1725
"ERR12861475",1615735,1617612,"4",1877
"ERR12861475",1622343,1623392,"5",1049
"ERR12861475",1623393,1626429,"6",3036
"ERR12861475",1626430,1627436,"10",1006
"ERR12861475",1629598,1633928,"9",4330
"ERR12861475",1635664,1639075,"7",3411
"ERR12861475",1639076,1642374,"8",3298
"ERR12861475",1642375,1643951,"4",1576
"ERR12861475",1645481,1647126,"10",1645
"ERR12861475",1647127,1647932,"6",805
"ERR12861475",1647933,1650470,"10",2537
"ERR12861475",1650471,1652770,"6",2299
"ERR12861475",1652771,1653637,"5",866
"ERR12861475",1658938,1660601,"4",1663
"ERR12861475",1676250,1680240,"6",3990
"ERR12861475",1688824,1689867,"8",1043
"ERR12861475",1696537,1697375,"9",838
"ERR12861475",1697376,1700657,"6",3281
"ERR12861475",1705168,1708001,"10",2833
"ERR12861475",1710567,1713901,"7",3334
"ERR12861475",1713902,1715831,"9",1929
"ERR12861475",1715832,1718033,"4",2201
"ERR12861475",1718034,1719025,"10",991
"ERR12861475",1725298,1726398,"8",1100
"ERR12861475",1731372,1732986,"10",1614
"ERR12861475",1759029,1760524,"10",1495
"ERR12861475",1760525,1762320,"4",1795
"ERR12861475",1762321,1764555,"6",2234
"ERR12861475",1768542,1770215,"8",1673
"ERR12861475",1777323,1779196,"5",1873
"ERR12861475",1781500,1783229,"7",1729
"ERR12861475",1783230,1785862,"10",2632
"ERR12861475",1791056,1794787,"6",3731
"ERR12861475",1797294,1799853,"5",2559
"ERR12861475",1800602,1801462,"4",860
"ERR12861475",1801463,1802111,"8",648
"ERR12861475",1802112,1805396,"4",3284
"ERR12861475",1809228,1811034,"6",1806
"ERR12861475",1811035,1813052,"4",2017
"ERR12861475",1816806,1818495,"10",1689
"ERR12861475",1870508,1871464,"9",956
"ERR12861475",1874852,1877166,"4",2314
"ERR12861475",1889484,1890910,"8",1426
"ERR12861475",1890911,1898079,"6",7168
"ERR12861475",1898080,1901408,"9",3328
"ERR12861475",1901409,1902975,"4",1566
"ERR12861475",1902976,1904666,"9",1690
"ERR12861475",1904667,1907333,"4",2666
"ERR12861475",1910746,1916325,"6",5579
"ERR12861475",1926258,1929550,"8",3292
"ERR12861475",1939267,1942070,"8",2803
"ERR12861475",1952309,1953373,"4",1064
"ERR12861475",1954355,1955824,"6",1469
"ERR12861475",1957275,1958212,"4",937
"ERR12861475",1966954,1968537,"4",1583
"ERR12861475",1968737,1974934,"10",6197
"ERR12861475",1974935,1976961,"5",2026
"ERR12861475",1977239,1979747,"8",2508
"ERR12861475",1979748,1982701,"7",2953
"ERR12861475",1982702,1987783,"4",5081
"ERR12861475",1992294,1995318,"10",3024
"ERR12861475",1998591,2000963,"8",2372
"ERR12861475",2022408,2023805,"4",1397
"ERR12861475",2042736,2043547,"6",811
"ERR12861475",2044057,2045153,"5",1096
"ERR12861475",2049186,2050010,"8",824
"ERR12861475",2057714,2060776,"8",3062
"ERR12861475",2061670,2068425,"10",6755
"ERR12861475",2092722,2094160,"10",1438
"ERR12861475",2094161,2096729,"4",2568
"ERR12861475",2096730,2098080,"8",1350
"ERR12861475",2108095,2110703,"7",2608
"ERR12861475",2110704,2114207,"6",3503
"ERR12861475",2126561,2128283,"4",1722
"ERR12861475",2128284,2131095,"6",2811
"ERR12861475",2131096,2132668,"4",1572
"ERR12861475",2170280,2173813,"9",3533
"ERR12861475",2173814,2175762,"5",1948
"ERR12861475",2178655,2180792,"4",2137
"ERR12861475",2180793,2187215,"10",6422
"ERR12861475",2187216,2192820,"4",5604
"ERR12861475",2192821,2196902,"8",4081
"ERR12861475",2201203,2205518,"7",4315
"ERR12861475",2221894,2225846,"4",3952
"ERR12861475",2227325,2229670,"10",2345
"ERR12861475",2232454,2236180,"10",3726
"ERR12861475",2236181,2237928,"4",1747
"ERR12861475",2237929,2238637,"9",708
"ERR12861475",2245104,2245596,"7",492
"ERR12861475",2245597,2248779,"4",3182
"ERR12861475",2252129,2255050,"4",2921
"ERR12861475",2255110,2256743,"9",1633
"ERR12861475",2267857,2269669,"4",1812
"ERR12861475",2306231,2306912,"4",681
"ERR12861475",2311724,2311993,"10",269
"ERR12861475",2311994,2312530,"5",536
"ERR12861475",2312531,2314707,"4",2176
"ERR12861475",2314708,2321023,"6",6315
"ERR12861475",2325245,2328846,"6",3601
"ERR12861475",2328847,2330791,"10",1944
"ERR12861475",2330792,2336561,"4",5769
"ERR12861475",2343927,2344962,"4",1035
"ERR12861475",2351335,2355392,"4",4057
"ERR12861475",2400450,2400926,"6",476
"ERR12861475",2409385,2418871,"4",9486
"ERR12861475",2430335,2431748,"10",1413
"ERR12861475",2431749,2437727,"4",5978
"ERR12861475",2444131,2445349,"7",1218
"ERR12861475",2446830,2448038,"6",1208
"ERR12861475",2449533,2454732,"4",5199
"ERR12861475",2465238,2470419,"8",5181
"ERR12861475",2484411,2488152,"4",3741
"ERR12861475",2492263,2497715,"10",5452
"ERR12861475",2504857,2505855,"8",998
"ERR12861475",2517909,2519028,"4",1119
"ERR12861475",2519611,2522546,"10",2935
"ERR12861475",2536300,2538180,"6",1880
"ERR12861475",2538321,2538873,"10",552
"ERR12861475",2538874,2539097,"4",223
"ERR12861475",2539098,2540602,"6",1504
"ERR12861475",2562984,2565487,"6",2503
"ERR12861475",2565488,2568048,"8",2560
"ERR12861475",2568049,2569220,"7",1171
"ERR12861475",2575788,2579599,"6",3811
"ERR12861475",2579600,2582595,"10",2995
"ERR12861475",2582596,2588123,"8",5527
"ERR12861475",2591662,2595595,"6",3933
"ERR12861475",2609014,2611865,"8",2851
"ERR12861475",2632777,2633406,"4",629
"ERR12861475",2634726,2637406,"4",2680
"ERR12861475",2652198,2653879,"4",1681
"ERR12861475",2661848,2663526,"4",1678
"ERR12861475",2674206,2677673,"4",3467
"ERR12861475",2677717,2681276,"10",3559
"ERR12861475",2738821,2741460,"8",2639
"ERR12861475",2741461,2743502,"4",2041
"ERR12861475",2743503,2745192,"8",1689
"ERR12861475",2747353,2748444,"5",1091
"ERR12861475",2749327,2752854,"4",3527
"ERR12861475",2752855,2754921,"8",2066
"ERR12861475",2769882,2774650,"4",4768
"ERR12861475",2800316,2801927,"10",1611
"ERR12861475",2830786,2831827,"10",1041
"ERR12861475",2871200,2873593,"4",2393
"ERR12861475",2874004,2874893,"4",889
"ERR12861475",2891335,2894264,"4",2929
"ERR12861475",2894265,2896314,"8",2049
"ERR12861475",2898169,2898567,"9",398
"ERR12861475",2914197,2917358,"4",3161
"ERR12861475",2918721,2924244,"4",5523
"ERR12861475",2924245,2928311,"6",4066
"ERR12861475",2961275,2964505,"10",3230
"ERR12861475",2968566,2971269,"6",2703
"ERR12861475",2978540,2979271,"6",731
"ERR12861475",2982289,2985721,"7",3432
"ERR12861475",2999710,3001078,"10",1368
"ERR12861475",3002572,3004461,"6",1889
"ERR12861475",3018644,3021657,"4",3013
"ERR12861475",3028446,3030977,"5",2531
"ERR12861475",3030978,3037304,"6",6326
"ERR12861475",3039002,3041576,"6",2574
"ERR12861475",3041577,3042945,"4",1368
"ERR12861475",3044606,3046679,"6",2073
"ERR12861475",3059445,3065541,"4",6096
"ERR12861475",3069215,3071995,"10",2780
"ERR12861475",3076852,3079570,"4",2718
"ERR12861475",3089551,3094617,"7",5066
"ERR12861475",3099585,3101698,"10",2113
"ERR12861475",3114406,3116286,"7",1880
"ERR12861475",3121474,3126313,"4",4839
"ERR12861475",3141627,3145374,"9",3747
"ERR12861475",3145375,3146362,"4",987
"ERR12861475",3153857,3158893,"10",5036
"ERR12861475",3171332,3172548,"7",1216
"ERR12861475",3201220,3204332,"4",3112
"ERR12861475",3204333,3204618,"10",285
"ERR12861475",3204619,3208154,"9",3535
"ERR12861475",3235093,3236003,"2",910
"ERR12861475",3250886,3254350,"6",3464
"ERR12861475",3255695,3256643,"6",948
"ERR12861475",3286700,3292151,"6",5451
"ERR12861475",3292152,3295490,"10",3338
"ERR12861475",3295491,3296475,"6",984
"ERR12861475",3323435,3330546,"6",7111
"ERR12861475",3350549,3351780,"4",1231
"ERR12861475",3364521,3368131,"4",3610
"ERR12861475",3368132,3374069,"6",5937
"ERR12861475",3388073,3389041,"8",968
"ERR12861475",3394793,3396119,"10",1326
"ERR12861475",3404112,3406054,"4",1942
"ERR12861475",3414068,3419757,"4",5689
"ERR12861475",3419758,3426715,"10",6957
"ERR12861475",3429259,3429876,"10",617
"ERR12861475",3429877,3431156,"6",1279
"ERR12861475",3441885,3445554,"6",3669
"ERR12861475",3465574,3466088,"8",514
"ERR12861475",3473380,3476053,"10",2673
"ERR12861475",3486960,3488873,"10",1913
"ERR12861475",3488874,3490166,"6",1292
"ERR12861475",3493758,3496235,"4",2477
"ERR12861475",3503261,3509574,"8",6313
"ERR12861475",3509575,3511793,"10",2218
"ERR12861475",3521736,3523987,"8",2251
"ERR12861475",3540303,3542560,"6",2257
"ERR12861475",3547717,3549129,"7",1412
"ERR12861475",3549130,3551475,"10",2345
"ERR12861475",3551476,3552025,"9",549
"ERR12861475",3572109,3574358,"7",2249
"ERR12861475",3574359,3575013,"10",654
"ERR12861475",3581844,3582624,"4",780
"ERR12861475",3592057,3597929,"4",5872
"ERR12861475",3597930,3601821,"7",3891
"ERR12861475",3618293,3619814,"7",1521
"ERR12861475",3619815,3622645,"6",2830
"ERR12861475",3622646,3624508,"5",1862
"ERR12861475",3624509,3628212,"6",3703
"ERR12861475",3628213,3631575,"4",3362
"ERR12861475",3631576,3632193,"10",617
"ERR12861475",3634851,3636983,"7",2132
"ERR12861475",3636984,3637638,"4",654
"ERR12861475",3662376,3664964,"8",2588
"ERR12861475",3666669,3668378,"4",1709
"ERR12861475",3673587,3674268,"8",681
"ERR12861475",3678390,3679777,"6",1387
"ERR12861475",3679778,3680980,"4",1202
"ERR12861475",3683746,3684919,"4",1173
"ERR12861475",3700686,3704328,"6",3642
"ERR12861475",3706752,3710454,"6",3702
"ERR12861475",3712788,3720152,"4",7364
"ERR12861475",3727525,3729171,"10",1646
"ERR12861475",3729172,3732655,"4",3483
"ERR12861475",3732656,3732961,"6",305
"ERR12861475",3740101,3741007,"6",906
"ERR12861475",3741008,3743809,"8",2801
"ERR12861475",3752361,3757450,"6",5089
"ERR12861475",3757451,3760833,"10",3382
"ERR12861475",3786611,3788084,"7",1473
"ERR12861475",3795308,3798197,"10",2889
"ERR12861475",3803203,3807348,"4",4145
"ERR12861475",3813067,3816387,"4",3320
"ERR12861475",3816388,3817713,"10",1325
"ERR12861475",3822937,3824037,"5",1100
"ERR12861475",3847169,3847927,"4",758
"ERR12861475",3859688,3861209,"7",1521
"ERR12861475",3861210,3861336,"2",126
"ERR12861475",3861337,3862293,"10",956
"ERR12861475",3866833,3870726,"6",3893
"ERR12861475",3870727,3872416,"4",1689
"ERR12861475",3890626,3895243,"4",4617
"ERR12861475",3919272,3920232,"10",960
"ERR12861475",3922443,3925726,"6",3283
"ERR12861475",3925727,3928096,"10",2369
"ERR12861475",3928097,3931324,"4",3227
"ERR12861475",3931325,3932659,"5",1334
"ERR12861475",3932660,3936430,"10",3770
"ERR12861475",3945328,3946143,"6",815
"ERR12861475",3949685,3950542,"4",857
"ERR12861475",3973394,3974663,"6",1269
"ERR12861475",3974664,3976597,"10",1933
"ERR12861475",4000885,4001954,"4",1069
"ERR12861475",4017988,4020340,"6",2352
"ERR12861475",4072631,4083063,"4",10432
"ERR12861475",4096702,4098201,"10",1499
"ERR12861475",4098202,4100184,"3",1982
"ERR12861475",4100185,4103889,"6",3704
"ERR12861475",4113100,4115849,"4",2749
"ERR12861475",4115850,4120661,"10",4811
"ERR12861475",4123297,4125277,"6",1980
"ERR12861475",4129166,4131273,"4",2107
"ERR12861475",4188222,4188294,"10",72
"DRR286159",3032,3837,"1",805
"DRR286159",24058,24698,"1",640
"DRR286159",48256,49070,"7",814
"DRR286159",49071,52457,"10",3386
"DRR286159",52458,62804,"9",10346
"DRR286159",67846,72117,"3",4271
"DRR286159",116656,122318,"9",5662
"DRR286159",122319,124394,"10",2075
"DRR286159",145740,149260,"1",3520
"DRR286159",149261,165295,"9",16034
"DRR286159",167868,175401,"9",7533
"DRR286159",175402,176229,"1",827
"DRR286159",176230,179552,"9",3322
"DRR286159",180618,184227,"10",3609
"DRR286159",185377,190918,"9",5541
"DRR286159",190919,191615,"3",696
"DRR286159",198478,202854,"10",4376
"DRR286159",202855,203356,"3",501
"DRR286159",203357,204267,"6",910
"DRR286159",235217,237308,"9",2091
"DRR286159",242696,245314,"9",2618
"DRR286159",255836,259286,"9",3450
"DRR286159",259386,262736,"9",3350
"DRR286159",262737,266851,"3",4114
"DRR286159",266852,270477,"9",3625
"DRR286159",273499,276800,"10",3301
"DRR286159",282489,283790,"3",1301
"DRR286159",292426,294303,"3",1877
"DRR286159",294304,296285,"1",1981
"DRR286159",299776,301916,"1",2140
"DRR286159",301917,304857,"9",2940
"DRR286159",304858,307118,"10",2260
"DRR286159",307119,307710,"3",591
"DRR286159",311349,314680,"9",3331
"DRR286159",314681,319937,"1",5256
"DRR286159",320861,323342,"10",2481
"DRR286159",324492,332143,"9",7651
"DRR286159",332144,335371,"10",3227
"DRR286159",343901,344578,"10",677
"DRR286159",352651,356868,"1",4217
"DRR286159",365227,368174,"9",2947
"DRR286159",369812,370710,"3",898
"DRR286159",378214,380528,"3",2314
"DRR286159",380529,382463,"10",1934
"DRR286159",382464,384609,"9",2145
"DRR286159",384610,385928,"3",1318
"DRR286159",387296,389374,"10",2078
"DRR286159",389375,392439,"9",3064
"DRR286159",392440,393196,"4",756
"DRR286159",393197,399522,"3",6325
"DRR286159",399523,401484,"10",1961
"DRR286159",401485,403649,"3",2164
"DRR286159",419555,420272,"10",717
"DRR286159",420273,427942,"9",7669
"DRR286159",432455,434843,"9",2388
"DRR286159",452701,456738,"9",4037
"DRR286159",456739,458696,"10",1957
"DRR286159",469900,471436,"9",1536
"DRR286159",474941,483566,"9",8625
"DRR286159",484255,484997,"9",742
"DRR286159",506085,506797,"10",712
"DRR286159",506798,509250,"3",2452
"DRR286159",509251,514055,"9",4804
"DRR286159",522207,523791,"10",1584
"DRR286159",523792,524678,"3",886
"DRR286159",524679,525790,"6",1111
"DRR286159",526426,528833,"1",2407
"DRR286159",539670,547173,"9",7503
"DRR286159",547174,549299,"1",2125
"DRR286159",549300,550212,"3",912
"DRR286159",550213,557415,"9",7202
"DRR286159",559429,560493,"3",1064
"DRR286159",560494,563204,"9",2710
"DRR286159",564563,578468,"9",13905
"DRR286159",588032,590403,"3",2371
"DRR286159",594825,599573,"9",4748
"DRR286159",599574,602051,"10",2477
"DRR286159",602052,602900,"3",848
"DRR286159",610516,614584,"3",4068
"DRR286159",614585,621989,"9",7404
"DRR286159",649180,650030,"9",850
"DRR286159",650247,651609,"9",1362
"DRR286159",658751,659495,"3",744
"DRR286159",662381,665528,"1",3147
"DRR286159",665529,671765,"9",6236
"DRR286159",676296,677204,"3",908
"DRR286159",677205,679315,"9",2110
"DRR286159",679316,681845,"3",2529
"DRR286159",691311,691873,"1",562
"DRR286159",709090,711918,"1",2828
"DRR286159",714627,721160,"9",6533
"DRR286159",721900,724405,"9",2505
"DRR286159",724406,725253,"10",847
"DRR286159",725254,725945,"3",691
"DRR286159",743590,757871,"9",14281
"DRR286159",758975,761308,"7",2333
"DRR286159",763647,765416,"10",1769
"DRR286159",775161,776119,"3",958
"DRR286159",776120,787160,"9",11040
"DRR286159",787161,790047,"10",2886
"DRR286159",794170,799401,"10",5231
"DRR286159",800643,810644,"9",10001
"DRR286159",829165,841121,"9",11956
"DRR286159",846298,854481,"9",8183
"DRR286159",867789,876303,"9",8514
"DRR286159",876304,876607,"3",303
"DRR286159",876608,878531,"9",1923
"DRR286159",886627,891026,"9",4399
"DRR286159",906936,908936,"9",2000
"DRR286159",908937,909982,"10",1045
"DRR286159",915614,916694,"10",1080
"DRR286159",943083,944132,"9",1049
"DRR286159",951137,955274,"1",4137
"DRR286159",965123,968271,"1",3148
"DRR286159",969018,970202,"7",1184
"DRR286159",970203,971033,"10",830
"DRR286159",971659,975739,"1",4080
"DRR286159",980464,983257,"9",2793
"DRR286159",988861,993562,"9",4701
"DRR286159",993563,996966,"3",3403
"DRR286159",996967,997235,"9",268
"DRR286159",997236,999061,"10",1825
"DRR286159",999062,1005884,"9",6822
"DRR286159",1005885,1007318,"3",1433
"DRR286159",1014051,1016482,"10",2431
"DRR286159",1020605,1022946,"10",2341
"DRR286159",1024012,1027827,"3",3815
"DRR286159",1048584,1049998,"4",1414
"DRR286159",1052493,1053540,"7",1047
"DRR286159",1053541,1057926,"10",4385
"DRR286159",1057927,1080766,"9",22839
"DRR286159",1080767,1081356,"10",589
"DRR286159",1090095,1090363,"2",268
"DRR286159",1117013,1117995,"10",982
"DRR286159",1117996,1123567,"9",5571
"DRR286159",1133483,1134779,"9",1296
"DRR286159",1139446,1139672,"1",226
"DRR286159",1140865,1141617,"4",752
"DRR286159",1156525,1158496,"9",1971
"DRR286159",1159474,1161639,"9",2165
"DRR286159",1171347,1174705,"9",3358
"DRR286159",1177334,1187219,"9",9885
"DRR286159",1191042,1192008,"1",966
"DRR286159",1192009,1193161,"3",1152
"DRR286159",1196647,1197817,"3",1170
"DRR286159",1214678,1224044,"9",9366
"DRR286159",1224045,1224755,"10",710
"DRR286159",1227877,1230601,"9",2724
"DRR286159",1238655,1245556,"9",6901
"DRR286159",1247811,1252343,"10",4532
"DRR286159",1252344,1253125,"3",781
"DRR286159",1257883,1258895,"3",1012
"DRR286159",1258896,1272347,"9",13451
"DRR286159",1281043,1282713,"10",1670
"DRR286159",1282714,1286020,"9",3306
"DRR286159",1287270,1295844,"9",8574
"DRR286159",1300393,1301374,"9",981
"DRR286159",1302982,1308221,"9",5239
"DRR286159",1308222,1309979,"3",1757
"DRR286159",1323544,1324906,"10",1362
"DRR286159",1324907,1334520,"9",9613
"DRR286159",1334521,1336460,"1",1939
"DRR286159",1340410,1341826,"1",1416
"DRR286159",1346677,1348282,"10",1605
"DRR286159",1360018,1362883,"3",2865
"DRR286159",1362884,1365460,"9",2576
"DRR286159",1372891,1373391,"6",500
"DRR286159",1373392,1375992,"3",2600
"DRR286159",1375993,1381203,"10",5210
"DRR286159",1381204,1381220,"9",16
"DRR286159",1381656,1382124,"4",468
"DRR286159",1382497,1385387,"3",2890
"DRR286159",1385388,1390827,"9",5439
"DRR286159",1393383,1395624,"3",2241
"DRR286159",1395625,1400831,"9",5206
"DRR286159",1400832,1403304,"3",2472
"DRR286159",1406830,1408495,"3",1665
"DRR286159",1408496,1411599,"9",3103
"DRR286159",1413504,1433827,"9",20323
"DRR286159",1464159,1466595,"10",2436
"DRR286159",1476418,1477528,"9",1110
"DRR286159",1477529,1479235,"1",1706
"DRR286159",1488390,1489617,"4",1227
"DRR286159",1489618,1495364,"9",5746
"DRR286159",1495365,1496906,"6",1541
"DRR286159",1498735,1502456,"9",3721
"DRR286159",1502457,1505144,"1",2687
"DRR286159",1512874,1522658,"9",9784
"DRR286159",1524799,1527965,"9",3166
"DRR286159",1542175,1543094,"3",919
"DRR286159",1543095,1544877,"1",1782
"DRR286159",1552199,1552814,"3",615
"DRR286159",1552815,1554154,"7",1339
"DRR286159",1554155,1555893,"3",1738
"DRR286159",1555894,1561287,"9",5393
"DRR286159",1563031,1566478,"10",3447
"DRR286159",1566479,1570782,"3",4303
"DRR286159",1574679,1583570,"9",8891
"DRR286159",1586947,1588178,"10",1231
"DRR286159",1614187,1617612,"9",3425
"DRR286159",1635664,1640611,"9",4947
"DRR286159",1642232,1643641,"9",1409
"DRR286159",1643642,1645011,"1",1369
"DRR286159",1645012,1646776,"10",1764
"DRR286159",1672502,1673266,"3",764
"DRR286159",1676037,1677017,"10",980
"DRR286159",1677018,1685662,"9",8644
"DRR286159",1686934,1694722,"1",7788
"DRR286159",1712980,1714545,"9",1565
"DRR286159",1715564,1719363,"10",3799
"DRR286159",1719364,1723109,"9",3745
"DRR286159",1723110,1723892,"3",782
"DRR286159",1726538,1727635,"10",1097
"DRR286159",1732581,1735723,"9",3142
"DRR286159",1735724,1740578,"10",4854
"DRR286159",1748513,1749882,"6",1369
"DRR286159",1751969,1753466,"1",1497
"DRR286159",1753467,1756049,"9",2582
"DRR286159",1756050,1758861,"1",2811
"DRR286159",1761470,1768927,"1",7457
"DRR286159",1774815,1776214,"3",1399
"DRR286159",1776215,1779752,"9",3537
"DRR286159",1793825,1797240,"9",3415
"DRR286159",1799176,1802169,"9",2993
"DRR286159",1803241,1816074,"9",12833
"DRR286159",1839528,1846372,"9",6844
"DRR286159",1846373,1849225,"10",2852
"DRR286159",1850666,1852332,"9",1666
"DRR286159",1862453,1863862,"10",1409
"DRR286159",1864989,1866556,"7",1567
"DRR286159",1866557,1883356,"9",16799
"DRR286159",1883357,1884496,"3",1139
"DRR286159",1884497,1887262,"10",2765
"DRR286159",1887263,1888391,"9",1128
"DRR286159",1888392,1888693,"3",301
"DRR286159",1892828,1893932,"9",1104
"DRR286159",1893933,1894677,"7",744
"DRR286159",1902018,1920542,"9",18524
"DRR286159",1920543,1926025,"1",5482
"DRR286159",1935077,1938698,"10",3621
"DRR286159",1945800,1947545,"3",1745
"DRR286159",1964608,1967972,"1",3364
"DRR286159",1969102,1970462,"3",1360
"DRR286159",1972185,1973374,"3",1189
"DRR286159",1973375,1980515,"9",7140
"DRR286159",1990208,1990872,"5",664
"DRR286159",1996438,1998590,"9",2152
"DRR286159",2001844,2002464,"10",620
"DRR286159",2004223,2006043,"3",1820
"DRR286159",2011260,2015755,"9",4495
"DRR286159",2015756,2017231,"3",1475
"DRR286159",2017232,2019975,"9",2743
"DRR286159",2019976,2022268,"7",2292
"DRR286159",2022269,2027501,"9",5232
"DRR286159",2027502,2028564,"6",1062
"DRR286159",2028565,2030042,"10",1477
"DRR286159",2030602,2033681,"10",3079
"DRR286159",2033682,2035322,"9",1640
"DRR286159",2044252,2046166,"9",1914
"DRR286159",2054503,2055897,"3",1394
"DRR286159",2065933,2067637,"3",1704
"DRR286159",2073368,2074871,"3",1503
"DRR286159",2074872,2076717,"1",1845
"DRR286159",2076718,2078942,"3",2224
"DRR286159",2093718,2101236,"9",7518
"DRR286159",2102220,2109366,"9",7146
"DRR286159",2110893,2113069,"9",2176
"DRR286159",2113193,2114050,"6",857
"DRR286159",2120133,2121139,"3",1006
"DRR286159",2134104,2135878,"3",1774
"DRR286159",2151437,2154419,"6",2982
"DRR286159",2172786,2176661,"9",3875
"DRR286159",2182757,2183221,"9",464
"DRR286159",2190463,2192312,"3",1849
"DRR286159",2214505,2216191,"3",1686
"DRR286159",2216817,2225725,"9",8908
"DRR286159",2230760,2233818,"1",3058
"DRR286159",2233819,2235923,"3",2104
"DRR286159",2235924,2236251,"9",327
"DRR286159",2236252,2237928,"10",1676
"DRR286159",2250510,2251940,"3",1430
"DRR286159",2268179,2269538,"3",1359
"DRR286159",2276543,2284135,"9",7592
"DRR286159",2287984,2293844,"9",5860
"DRR286159",2298477,2308269,"9",9792
"DRR286159",2336928,2339592,"1",2664
"DRR286159",2341560,2342983,"7",1423
"DRR286159",2346406,2353503,"1",7097
"DRR286159",2358411,2360194,"3",1783
"DRR286159",2362019,2364527,"4",2508
"DRR286159",2364528,2366321,"3",1793
"DRR286159",2372088,2374736,"1",2648
"DRR286159",2389086,2389924,"3",838
"DRR286159",2410328,2413735,"3",3407
"DRR286159",2415921,2418781,"3",2860
"DRR286159",2418782,2421229,"6",2447
"DRR286159",2421230,2434429,"9",13199
"DRR286159",2446692,2448152,"10",1460
"DRR286159",2452048,2454940,"9",2892
"DRR286159",2460759,2461712,"3",953
"DRR286159",2461713,2463378,"10",1665
"DRR286159",2464371,2465095,"3",724
"DRR286159",2494276,2495129,"10",853
"DRR286159",2497219,2501324,"10",4105
"DRR286159",2501325,2504364,"9",3039
"DRR286159",2537998,2542845,"9",4847
"DRR286159",2542846,2546526,"3",3680
"DRR286159",2554639,2563948,"9",9309
"DRR286159",2563949,2564795,"10",846
"DRR286159",2564796,2565917,"4",1121
"DRR286159",2565918,2573360,"9",7442
"DRR286159",2593319,2594195,"3",876
"DRR286159",2594269,2595491,"10",1222
"DRR286159",2595621,2596211,"1",590
"DRR286159",2596212,2597134,"6",922
"DRR286159",2597135,2598496,"1",1361
"DRR286159",2598497,2600473,"9",1976
"DRR286159",2605163,2606502,"2",1339
"DRR286159",2606503,2606963,"3",460
"DRR286159",2606964,2620447,"9",13483
"DRR286159",2620893,2622699,"3",1806
"DRR286159",2622700,2623553,"4",853
"DRR286159",2640954,2645038,"3",4084
"DRR286159",2645039,2647269,"9",2230
"DRR286159",2652198,2654017,"10",1819
"DRR286159",2659926,2661489,"9",1563
"DRR286159",2661490,2662675,"5",1185
"DRR286159",2662676,2663661,"3",985
"DRR286159",2665119,2666433,"3",1314
"DRR286159",2675081,2676308,"3",1227
"DRR286159",2676309,2677827,"10",1518
"DRR286159",2677828,2687429,"9",9601
"DRR286159",2700874,2701244,"10",370
"DRR286159",2701245,2703489,"6",2244
"DRR286159",2706020,2711636,"9",5616
"DRR286159",2717578,2717659,"5",81
"DRR286159",2728020,2730389,"10",2369
"DRR286159",2732566,2735853,"1",3287
"DRR286159",2735854,2736379,"5",525
"DRR286159",2736380,2738136,"3",1756
"DRR286159",2767230,2769739,"3",2509
"DRR286159",2792377,2802144,"9",9767
"DRR286159",2802145,2808634,"3",6489
"DRR286159",2819190,2820194,"4",1004
"DRR286159",2823079,2824277,"3",1198
"DRR286159",2825298,2827889,"4",2591
"DRR286159",2832047,2834700,"9",2653
"DRR286159",2837214,2840083,"3",2869
"DRR286159",2843193,2844643,"1",1450
"DRR286159",2846325,2847771,"10",1446
"DRR286159",2864290,2865466,"1",1176
"DRR286159",2900414,2902759,"9",2345
"DRR286159",2905589,2910584,"10",4995
"DRR286159",2910585,2915176,"9",4591
"DRR286159",2915177,2920909,"6",5732
"DRR286159",2924548,2928311,"3",3763
"DRR286159",2928312,2930344,"6",2032
"DRR286159",2930345,2934526,"9",4181
"DRR286159",2949473,2950612,"4",1139
"DRR286159",2956603,2959259,"10",2656
"DRR286159",2965455,2968589,"9",3134
"DRR286159",2968590,2971227,"5",2637
"DRR286159",2971228,2972465,"1",1237
"DRR286159",3009907,3011023,"6",1116
"DRR286159",3011024,3016353,"3",5329
"DRR286159",3016354,3017802,"6",1448
"DRR286159",3017835,3020287,"10",2452
"DRR286159",3022865,3026065,"10",3200
"DRR286159",3026066,3026616,"3",550
"DRR286159",3034257,3035554,"10",1297
"DRR286159",3044758,3047356,"6",2598
"DRR286159",3047357,3048625,"9",1268
"DRR286159",3056890,3063155,"3",6265
"DRR286159",3098266,3101097,"10",2831
"DRR286159",3126743,3127541,"6",798
"DRR286159",3152794,3153913,"6",1119
"DRR286159",3153914,3154969,"7",1055
"DRR286159",3157987,3160662,"1",2675
"DRR286159",3177579,3178811,"10",1232
"DRR286159",3178812,3181448,"1",2636
"DRR286159",3183366,3190017,"9",6651
"DRR286159",3190462,3213416,"9",22954
"DRR286159",3218673,3222971,"3",4298
"DRR286159",3222972,3231810,"9",8838
"DRR286159",3231811,3234123,"3",2312
"DRR286159",3234124,3237781,"9",3657
"DRR286159",3237782,3240965,"1",3183
"DRR286159",3250121,3251107,"9",986
"DRR286159",3251108,3254282,"10",3174
"DRR286159",3255812,3257633,"3",1821
"DRR286159",3257634,3261034,"10",3400
"DRR286159",3261035,3265206,"3",4171
"DRR286159",3324270,3326159,"3",1889
"DRR286159",3327976,3329884,"6",1908
"DRR286159",3332816,3335053,"3",2237
"DRR286159",3335054,3340873,"10",5819
"DRR286159",3342111,3343958,"4",1847
"DRR286159",3343959,3346966,"7",3007
"DRR286159",3346967,3348995,"10",2028
"DRR286159",3348996,3357739,"9",8743
"DRR286159",3361984,3365714,"3",3730
"DRR286159",3369596,3371083,"3",1487
"DRR286159",3373521,3375198,"3",1677
"DRR286159",3375199,3384501,"10",9302
"DRR286159",3386283,3387966,"4",1683
"DRR286159",3395595,3399687,"9",4092
"DRR286159",3400018,3400983,"10",965
"DRR286159",3406872,3407753,"5",881
"DRR286159",3407754,3413287,"7",5533
"DRR286159",3413288,3416724,"10",3436
"DRR286159",3416725,3417933,"4",1208
"DRR286159",3417934,3422778,"9",4844
"DRR286159",3428404,3437038,"9",8634
"DRR286159",3444095,3446429,"9",2334
"DRR286159",3446430,3450032,"10",3602
"DRR286159",3450600,3451209,"3",609
"DRR286159",3455688,3457560,"3",1872
"DRR286159",3466974,3469066,"9",2092
"DRR286159",3472691,3475480,"9",2789
"DRR286159",3475481,3476329,"1",848
"DRR286159",3476330,3478683,"7",2353
"DRR286159",3489958,3490727,"3",769
"DRR286159",3496156,3501914,"9",5758
"DRR286159",3514243,3521783,"9",7540
"DRR286159",3523850,3525014,"3",1164
"DRR286159",3547282,3549090,"6",1808
"DRR286159",3549091,3554978,"9",5887
"DRR286159",3554979,3556171,"3",1192
"DRR286159",3562505,3566207,"3",3702
"DRR286159",3566252,3568608,"10",2356
"DRR286159",3568609,3570329,"3",1720
"DRR286159",3570330,3573248,"1",2918
"DRR286159",3573249,3577689,"3",4440
"DRR286159",3577690,3591230,"9",13540
"DRR286159",3644461,3648732,"10",4271
"DRR286159",3648733,3649461,"5",728
"DRR286159",3653269,3657416,"9",4147
"DRR286159",3663572,3664964,"7",1392
"DRR286159",3675318,3677680,"10",2362
"DRR286159",3679838,3682649,"9",2811
"DRR286159",3683620,3687013,"3",3393
"DRR286159",3696378,3712787,"9",16409
"DRR286159",3712788,3719330,"6",6542
"DRR286159",3725913,3727296,"9",1383
"DRR286159",3735194,3735431,"1",237
"DRR286159",3735432,3737207,"10",1775
"DRR286159",3749774,3753711,"9",3937
"DRR286159",3753712,3758140,"3",4428
"DRR286159",3758141,3759335,"9",1194
"DRR286159",3759336,3760833,"3",1497
"DRR286159",3763676,3766307,"9",2631
"DRR286159",3766308,3767727,"3",1419
"DRR286159",3767728,3776539,"9",8811
"DRR286159",3777577,3780119,"1",2542
"DRR286159",3796566,3811151,"9",14585
"DRR286159",3811152,3818927,"10",7775
"DRR286159",3818928,3821451,"9",2523
"DRR286159",3837163,3839260,"9",2097
"DRR286159",3839261,3841405,"3",2144
"DRR286159",3841406,3842679,"4",1273
"DRR286159",3842680,3844257,"9",1577
"DRR286159",3849428,3859240,"9",9812
"DRR286159",3865125,3866276,"3",1151
"DRR286159",3866277,3869175,"9",2898
"DRR286159",3869176,3873962,"6",4786
"DRR286159",3881351,3882383,"1",1032
"DRR286159",3882384,3886882,"9",4498
"DRR286159",3886883,3888489,"10",1606
"DRR286159",3888490,3892655,"3",4165
"DRR286159",3898827,3909881,"9",11054
"DRR286159",3914591,3919137,"10",4546
"DRR286159",3919138,3924258,"9",5120
"DRR286159",3925199,3928096,"10",2897
"DRR286159",3930580,3932837,"9",2257
"DRR286159",3953462,3957767,"9",4305
"DRR286159",3957768,3959836,"10",2068
"DRR286159",3969754,3973630,"9",3876
"DRR286159",3976862,3978132,"3",1270
"DRR286159",3979924,3980633,"4",709
"DRR286159",3980634,3981196,"7",562
"DRR286159",4003300,4004410,"1",1110
"DRR286159",4027921,4035083,"9",7162
"DRR286159",4046275,4068102,"9",21827
"DRR286159",4068103,4071359,"4",3256
"DRR286159",4071360,4071389,"5",29
"DRR286159",4076853,4078459,"10",1606
"DRR286159",4079416,4082334,"4",2918
"DRR286159",4085296,4087879,"3",2583
"DRR286159",4087880,4088315,"9",435
"DRR286159",4108431,4110158,"10",1727
"DRR286159",4110159,4111224,"1",1065
"DRR286159",4111225,4114448,"6",3223
"DRR286159",4114449,4116651,"10",2202
"DRR286159",4116652,4117376,"9",724
"DRR286159",4117377,4118933,"3",1556
"DRR286159",4129166,4135144,"10",5978
"DRR286159",4152263,4177014,"9",24751
"DRR286159",4216759,4227244,"1",10485
"DRR286159",4227245,4232670,"4",5425
"DRR286159",4232671,4238720,"1",6049
"DRR286159",4242631,4245508,"3",2877
"SRR10120005",208076,208497,"9",421
"SRR10120005",371548,372425,"6",877
"SRR10120005",670132,670805,"3",673
"SRR10120005",753355,753607,"4",252
"SRR10120005",753608,754358,"1",750
"SRR10120005",934014,935190,"6",1176
"SRR10120005",987283,988464,"6",1181
"SRR10120005",1008309,1009417,"1",1108
"SRR10120005",1145709,1146286,"1",577
"SRR10120005",1203052,1204021,"8",969
"SRR10120005",1239630,1240540,"9",910
"SRR10120005",1335158,1336383,"1",1225
"SRR10120005",2369144,2370518,"6",1374
"SRR10120005",2373695,2374801,"1",1106
"SRR10120005",2408997,2409427,"1",430
"SRR10120005",2421230,2422476,"7",1246
"SRR10120005",2422551,2423571,"9",1020
"SRR10120005",2558072,2562065,"2",3993
"SRR10120005",2646330,2647072,"1",742
"SRR10120005",2777656,2779309,"2",1653
"SRR10120005",2794110,2795273,"5",1163
"SRR10120005",2876723,2877742,"1",1019
"SRR10120005",3330426,3332992,"6",2566
"SRR10120005",3396748,3399603,"9",2855
"SRR10120005",3605072,3607019,"2",1947
"SRR10120005",3623265,3624508,"5",1243
"SRR10120005",3628927,3629528,"8",601
"SRR10120005",3750782,3751374,"8",592
"SRR10120005",3793235,3794468,"1",1233
"SRR10120005",3899103,3900724,"1",1621
"SRR10112072",987283,988464,"6",1181
"DRR286232",1,2437,"3",2436
"DRR286232",8227,9772,"3",1545
"DRR286232",48256,49070,"7",814
"DRR286232",49071,52399,"10",3328
"DRR286232",52400,56167,"9",3767
"DRR286232",67846,72300,"3",4454
"DRR286232",72301,77855,"9",5554
"DRR286232",77856,85387,"3",7531
"DRR286232",99471,106726,"9",7255
"DRR286232",106727,116694,"10",9967
"DRR286232",122319,124563,"10",2244
"DRR286232",142375,146721,"10",4346
"DRR286232",146722,148183,"1",1461
"DRR286232",157679,159907,"9",2228
"DRR286232",159908,161118,"3",1210
"DRR286232",170455,171417,"7",962
"DRR286232",172080,179241,"9",7161
"DRR286232",184699,189794,"3",5095
"DRR286232",190434,191698,"3",1264
"DRR286232",198345,202987,"10",4642
"DRR286232",202988,204267,"6",1279
"DRR286232",216780,220068,"10",3288
"DRR286232",235063,235901,"1",838
"DRR286232",235902,236842,"3",940
"DRR286232",240631,245308,"9",4677
"DRR286232",255324,255854,"5",530
"DRR286232",255855,260284,"9",4429
"DRR286232",260984,261899,"9",915
"DRR286232",266230,275692,"9",9462
"DRR286232",276640,279350,"3",2710
"DRR286232",282443,284368,"3",1925
"DRR286232",286741,288582,"3",1841
"DRR286232",288583,298363,"9",9780
"DRR286232",298364,302105,"1",3741
"DRR286232",302106,304495,"9",2389
"DRR286232",304496,308538,"10",4042
"DRR286232",310819,314680,"9",3861
"DRR286232",314681,317937,"1",3256
"DRR286232",320414,321815,"3",1401
"DRR286232",324642,326177,"1",1535
"DRR286232",326178,327530,"3",1352
"DRR286232",332353,335371,"10",3018
"DRR286232",356869,357619,"3",750
"DRR286232",357620,366219,"9",8599
"DRR286232",375251,375819,"9",568
"DRR286232",378369,381334,"3",2965
"DRR286232",381335,384311,"9",2976
"DRR286232",387296,392096,"9",4800
"DRR286232",392097,396791,"3",4694
"DRR286232",396792,403928,"9",7136
"DRR286232",415030,418875,"9",3845
"DRR286232",419426,420533,"10",1107
"DRR286232",420534,421279,"3",745
"DRR286232",421280,424657,"1",3377
"DRR286232",425778,428156,"9",2378
"DRR286232",432455,434843,"9",2388
"DRR286232",443136,458396,"9",15260
"DRR286232",470098,471389,"9",1291
"DRR286232",474941,485145,"9",10204
"DRR286232",506085,512463,"9",6378
"DRR286232",512464,514401,"4",1937
"DRR286232",517605,518346,"4",741
"DRR286232",521809,523866,"3",2057
"DRR286232",523867,525859,"7",1992
"DRR286232",525956,530024,"1",4068
"DRR286232",530025,530858,"3",833
"DRR286232",539756,542519,"9",2763
"DRR286232",542520,543623,"7",1103
"DRR286232",543624,545610,"1",1986
"DRR286232",545611,548171,"10",2560
"DRR286232",548172,550771,"9",2599
"DRR286232",553020,557415,"9",4395
"DRR286232",558637,559715,"7",1078
"DRR286232",559716,561453,"3",1737
"DRR286232",561454,580901,"9",19447
"DRR286232",595065,599288,"9",4223
"DRR286232",604018,604593,"5",575
"DRR286232",605990,607284,"1",1294
"DRR286232",613113,614584,"3",1471
"DRR286232",614585,621989,"9",7404
"DRR286232",650912,653006,"3",2094
"DRR286232",660302,662845,"4",2543
"DRR286232",664094,671765,"9",7671
"DRR286232",676296,677156,"3",860
"DRR286232",677157,681677,"9",4520
"DRR286232",697206,698559,"3",1353
"DRR286232",709414,711618,"1",2204
"DRR286232",711619,724545,"9",12926
"DRR286232",729108,730411,"1",1303
"DRR286232",744067,760119,"9",16052
"DRR286232",760120,761143,"4",1023
"DRR286232",763728,764283,"9",555
"DRR286232",764284,766976,"10",2692
"DRR286232",778059,779142,"3",1083
"DRR286232",781400,784509,"9",3109
"DRR286232",785166,794169,"9",9003
"DRR286232",800643,814259,"9",13616
"DRR286232",827594,841121,"9",13527
"DRR286232",846156,847506,"3",1350
"DRR286232",847507,850168,"9",2661
"DRR286232",850169,857397,"3",7228
"DRR286232",870378,874531,"9",4153
"DRR286232",874532,878812,"3",4280
"DRR286232",886627,891075,"9",4448
"DRR286232",891423,891952,"9",529
"DRR286232",905152,906790,"3",1638
"DRR286232",906791,908936,"9",2145
"DRR286232",908937,909982,"10",1045
"DRR286232",915614,916820,"10",1206
"DRR286232",919498,922450,"3",2952
"DRR286232",938383,944328,"9",5945
"DRR286232",944329,944835,"3",506
"DRR286232",965123,968287,"1",3164
"DRR286232",968288,968637,"3",349
"DRR286232",968638,975787,"1",7149
"DRR286232",981063,983257,"9",2194
"DRR286232",989467,993774,"9",4307
"DRR286232",994831,1008112,"9",13281
"DRR286232",1014051,1016614,"10",2563
"DRR286232",1019008,1020604,"9",1596
"DRR286232",1020605,1022781,"10",2176
"DRR286232",1022782,1030238,"3",7456
"DRR286232",1048584,1049998,"4",1414
"DRR286232",1053541,1058077,"10",4536
"DRR286232",1058078,1060420,"9",2342
"DRR286232",1060421,1063839,"10",3418
"DRR286232",1063840,1071788,"9",7948
"DRR286232",1078380,1081476,"9",3096
"DRR286232",1098666,1106482,"9",7816
"DRR286232",1122439,1125956,"9",3517
"DRR286232",1133483,1141461,"3",7978
"DRR286232",1157612,1159986,"1",2374
"DRR286232",1177050,1187493,"9",10443
"DRR286232",1206991,1208097,"3",1106
"DRR286232",1211893,1212981,"3",1088
"DRR286232",1215108,1222681,"9",7573
"DRR286232",1222682,1223216,"4",534
"DRR286232",1228187,1229342,"2",1155
"DRR286232",1232593,1245257,"9",12664
"DRR286232",1247811,1249941,"9",2130
"DRR286232",1249942,1253125,"3",3183
"DRR286232",1258820,1261799,"9",2979
"DRR286232",1261800,1264105,"2",2305
"DRR286232",1264106,1266035,"4",1929
"DRR286232",1280845,1282713,"10",1868
"DRR286232",1287370,1290742,"3",3372
"DRR286232",1299418,1301374,"9",1956
"DRR286232",1304768,1309053,"3",4285
"DRR286232",1309282,1310459,"9",1177
"DRR286232",1323544,1324906,"10",1362
"DRR286232",1324907,1333608,"9",8701
"DRR286232",1333609,1334480,"3",871
"DRR286232",1334481,1336460,"1",1979
"DRR286232",1340410,1342629,"1",2219
"DRR286232",1348497,1350285,"9",1788
"DRR286232",1363725,1365552,"9",1827
"DRR286232",1373490,1375933,"3",2443
"DRR286232",1375934,1380955,"10",5021
"DRR286232",1382635,1385387,"3",2752
"DRR286232",1385388,1390827,"9",5439
"DRR286232",1393878,1395539,"3",1661
"DRR286232",1395540,1400831,"9",5291
"DRR286232",1400832,1403129,"3",2297
"DRR286232",1403130,1403559,"2",429
"DRR286232",1403560,1419207,"9",15647
"DRR286232",1426660,1433969,"9",7309
"DRR286232",1455090,1464623,"9",9533
"DRR286232",1464624,1466706,"10",2082
"DRR286232",1468238,1472721,"3",4483
"DRR286232",1472722,1480142,"9",7420
"DRR286232",1488536,1496906,"9",8370
"DRR286232",1498494,1502048,"9",3554
"DRR286232",1502049,1505831,"1",3782
"DRR286232",1512659,1513892,"10",1233
"DRR286232",1513893,1515381,"3",1488
"DRR286232",1515382,1520742,"9",5360
"DRR286232",1523807,1524916,"3",1109
"DRR286232",1524917,1527965,"9",3048
"DRR286232",1529725,1531067,"3",1342
"DRR286232",1538665,1542174,"10",3509
"DRR286232",1542175,1543094,"3",919
"DRR286232",1543095,1545049,"1",1954
"DRR286232",1552932,1554192,"7",1260
"DRR286232",1554193,1555893,"3",1700
"DRR286232",1555894,1560930,"9",5036
"DRR286232",1566479,1570916,"3",4437
"DRR286232",1587077,1588439,"10",1362
"DRR286232",1608371,1617612,"9",9241
"DRR286232",1636333,1643440,"9",7107
"DRR286232",1643441,1645011,"5",1570
"DRR286232",1645012,1646866,"10",1854
"DRR286232",1648718,1649034,"3",316
"DRR286232",1654016,1654775,"10",759
"DRR286232",1654776,1656325,"3",1549
"DRR286232",1656910,1658731,"3",1821
"DRR286232",1673133,1685662,"9",12529
"DRR286232",1710525,1711748,"3",1223
"DRR286232",1711749,1715622,"9",3873
"DRR286232",1715623,1719363,"10",3740
"DRR286232",1719364,1723109,"9",3745
"DRR286232",1723110,1723892,"3",782
"DRR286232",1726523,1727635,"10",1112
"DRR286232",1736203,1740508,"1",4305
"DRR286232",1750056,1751968,"1",1912
"DRR286232",1751969,1754651,"3",2682
"DRR286232",1754652,1759681,"9",5029
"DRR286232",1759682,1767583,"10",7901
"DRR286232",1777276,1779696,"9",2420
"DRR286232",1791520,1794268,"3",2748
"DRR286232",1794269,1802169,"9",7900
"DRR286232",1805756,1809923,"3",4167
"DRR286232",1839528,1847150,"9",7622
"DRR286232",1850666,1852332,"9",1666
"DRR286232",1861670,1864187,"9",2517
"DRR286232",1864989,1866556,"7",1567
"DRR286232",1872403,1877247,"3",4844
"DRR286232",1877248,1881153,"9",3905
"DRR286232",1886925,1889622,"9",2697
"DRR286232",1892440,1899446,"9",7006
"DRR286232",1909506,1914511,"6",5005
"DRR286232",1914512,1920874,"9",6362
"DRR286232",1925259,1931324,"3",6065
"DRR286232",1935663,1936797,"1",1134
"DRR286232",1936798,1942070,"9",5272
"DRR286232",1945691,1950314,"3",4623
"DRR286232",1953532,1953885,"10",353
"DRR286232",1953886,1955824,"3",1938
"DRR286232",1964608,1968040,"10",3432
"DRR286232",1970463,1972835,"3",2372
"DRR286232",1972836,1975593,"9",2757
"DRR286232",1975594,1977238,"3",1644
"DRR286232",1977239,1989401,"9",12162
"DRR286232",1992417,1994225,"9",1808
"DRR286232",1994226,1995851,"3",1625
"DRR286232",1995852,2004222,"9",8370
"DRR286232",2004223,2007940,"3",3717
"DRR286232",2011222,2015755,"9",4533
"DRR286232",2015756,2017231,"3",1475
"DRR286232",2017232,2019975,"9",2743
"DRR286232",2019976,2022268,"7",2292
"DRR286232",2022269,2027501,"9",5232
"DRR286232",2027502,2028564,"6",1062
"DRR286232",2028565,2030042,"10",1477
"DRR286232",2030602,2033681,"10",3079
"DRR286232",2044252,2046166,"9",1914
"DRR286232",2056495,2057713,"3",1218
"DRR286232",2076150,2076585,"9",435
"DRR286232",2094018,2108233,"9",14215
"DRR286232",2110538,2121697,"9",11159
"DRR286232",2121698,2122795,"4",1097
"DRR286232",2149246,2150928,"2",1682
"DRR286232",2150929,2154327,"6",3398
"DRR286232",2154328,2157819,"10",3491
"DRR286232",2172786,2176661,"9",3875
"DRR286232",2186859,2189134,"3",2275
"DRR286232",2203988,2206001,"3",2013
"DRR286232",2217816,2219647,"9",1831
"DRR286232",2221625,2227324,"9",5699
"DRR286232",2230774,2232276,"9",1502
"DRR286232",2234779,2237928,"1",3149
"DRR286232",2250510,2252519,"3",2009
"DRR286232",2267696,2269538,"3",1842
"DRR286232",2276622,2306912,"9",30290
"DRR286232",2329550,2330662,"3",1112
"DRR286232",2346406,2350039,"1",3633
"DRR286232",2350040,2351224,"3",1184
"DRR286232",2356660,2358560,"3",1900
"DRR286232",2373297,2374873,"1",1576
"DRR286232",2402147,2404524,"3",2377
"DRR286232",2404525,2415920,"9",11395
"DRR286232",2415921,2418816,"3",2895
"DRR286232",2418817,2421129,"6",2312
"DRR286232",2421130,2422476,"3",1346
"DRR286232",2422477,2431702,"9",9225
"DRR286232",2431703,2432446,"3",743
"DRR286232",2444131,2445130,"4",999
"DRR286232",2451867,2454940,"9",3073
"DRR286232",2462143,2463378,"10",1235
"DRR286232",2492364,2495129,"3",2765
"DRR286232",2497600,2498871,"3",1271
"DRR286232",2498872,2503688,"9",4816
"DRR286232",2537527,2542845,"9",5318
"DRR286232",2542846,2546669,"3",3823
"DRR286232",2560892,2562701,"9",1809
"DRR286232",2562702,2563948,"3",1246
"DRR286232",2563949,2566412,"4",2463
"DRR286232",2566413,2568995,"9",2582
"DRR286232",2580520,2581793,"3",1273
"DRR286232",2581794,2582354,"7",560
"DRR286232",2589751,2590297,"6",546
"DRR286232",2593375,2595684,"10",2309
"DRR286232",2595685,2598647,"6",2962
"DRR286232",2598648,2599382,"3",734
"DRR286232",2599383,2600342,"9",959
"DRR286232",2611769,2612955,"3",1186
"DRR286232",2612956,2617608,"1",4652
"DRR286232",2619380,2620892,"1",1512
"DRR286232",2638929,2644887,"3",5958
"DRR286232",2644888,2652436,"9",7548
"DRR286232",2652437,2654017,"10",1580
"DRR286232",2659926,2661489,"3",1563
"DRR286232",2661490,2663221,"5",1731
"DRR286232",2663222,2663661,"3",439
"DRR286232",2669688,2672455,"9",2767
"DRR286232",2676309,2678336,"10",2027
"DRR286232",2678337,2680823,"3",2486
"DRR286232",2685232,2686160,"3",928
"DRR286232",2686161,2686227,"9",66
"DRR286232",2686228,2687587,"10",1359
"DRR286232",2694199,2694910,"3",711
"DRR286232",2696114,2698180,"3",2066
"DRR286232",2701368,2702586,"6",1218
"DRR286232",2716706,2721512,"5",4806
"DRR286232",2721513,2725097,"9",3584
"DRR286232",2725098,2727827,"3",2729
"DRR286232",2727828,2730389,"10",2561
"DRR286232",2732566,2735337,"1",2771
"DRR286232",2741556,2742649,"3",1093
"DRR286232",2761119,2764645,"9",3526
"DRR286232",2764646,2766291,"1",1645
"DRR286232",2790909,2803468,"9",12559
"DRR286232",2803469,2808634,"3",5165
"DRR286232",2819138,2820427,"3",1289
"DRR286232",2822225,2824373,"3",2148
"DRR286232",2825387,2827889,"4",2502
"DRR286232",2841561,2843747,"3",2186
"DRR286232",2896621,2903047,"3",6426
"DRR286232",2903048,2905734,"9",2686
"DRR286232",2905735,2906455,"10",720
"DRR286232",2906456,2908282,"3",1826
"DRR286232",2908283,2915176,"9",6893
"DRR286232",2915177,2920130,"6",4953
"DRR286232",2924548,2928311,"3",3763
"DRR286232",2928312,2931413,"10",3101
"DRR286232",2931414,2935493,"9",4079
"DRR286232",2935494,2936776,"6",1282
"DRR286232",2936777,2938650,"9",1873
"DRR286232",2956491,2959521,"9",3030
"DRR286232",2959522,2961194,"3",1672
"DRR286232",2965455,2968589,"9",3134
"DRR286232",2968590,2971227,"5",2637
"DRR286232",2971228,2972465,"1",1237
"DRR286232",2982650,2984598,"4",1948
"DRR286232",2992402,2992864,"3",462
"DRR286232",2992865,2994934,"2",2069
"DRR286232",2994935,2996928,"3",1993
"DRR286232",3007371,3009196,"3",1825
"DRR286232",3009907,3014892,"3",4985
"DRR286232",3022214,3025580,"3",3366
"DRR286232",3045577,3046938,"6",1361
"DRR286232",3049084,3051852,"3",2768
"DRR286232",3071691,3076010,"3",4319
"DRR286232",3098266,3101391,"10",3125
"DRR286232",3109511,3116286,"9",6775
"DRR286232",3126743,3128474,"6",1731
"DRR286232",3141498,3142972,"3",1474
"DRR286232",3148067,3149486,"3",1419
"DRR286232",3152850,3153913,"6",1063
"DRR286232",3153914,3154969,"7",1055
"DRR286232",3177579,3178811,"10",1232
"DRR286232",3178812,3181448,"1",2636
"DRR286232",3183366,3187753,"9",4387
"DRR286232",3192234,3197750,"9",5516
"DRR286232",3203472,3208362,"9",4890
"DRR286232",3212087,3213416,"9",1329
"DRR286232",3219513,3222971,"9",3458
"DRR286232",3222972,3226339,"3",3367
"DRR286232",3231811,3234123,"3",2312
"DRR286232",3234124,3240965,"9",6841
"DRR286232",3249540,3252493,"9",2953
"DRR286232",3252494,3252556,"10",62
"DRR286232",3252557,3256687,"3",4130
"DRR286232",3256688,3261104,"10",4416
"DRR286232",3261568,3268104,"1",6536
"DRR286232",3322218,3327504,"9",5286
"DRR286232",3327809,3328413,"9",604
"DRR286232",3328414,3329475,"6",1061
"DRR286232",3332816,3335053,"3",2237
"DRR286232",3344450,3350635,"3",6185
"DRR286232",3356525,3361556,"3",5031
"DRR286232",3361557,3363994,"9",2437
"DRR286232",3363995,3365761,"3",1766
"DRR286232",3371312,3375198,"3",3886
"DRR286232",3375199,3384355,"10",9156
"DRR286232",3387225,3387966,"4",741
"DRR286232",3395595,3400658,"9",5063
"DRR286232",3400984,3401780,"5",796
"DRR286232",3413691,3416724,"10",3033
"DRR286232",3416725,3420935,"3",4210
"DRR286232",3420936,3422864,"9",1928
"DRR286232",3428538,3429258,"9",720
"DRR286232",3429259,3430980,"3",1721
"DRR286232",3430981,3437038,"9",6057
"DRR286232",3444095,3445700,"9",1605
"DRR286232",3445701,3449953,"3",4252
"DRR286232",3455688,3457560,"3",1872
"DRR286232",3462554,3463627,"3",1073
"DRR286232",3472691,3475480,"9",2789
"DRR286232",3475481,3476329,"1",848
"DRR286232",3476330,3478683,"7",2353
"DRR286232",3489958,3490727,"3",769
"DRR286232",3496074,3501914,"9",5840
"DRR286232",3514234,3521652,"9",7418
"DRR286232",3547282,3549090,"6",1808
"DRR286232",3549091,3573164,"9",24073
"DRR286232",3573165,3576027,"3",2862
"DRR286232",3576028,3583536,"9",7508
"DRR286232",3583817,3591230,"9",7413
"DRR286232",3644461,3645635,"10",1174
"DRR286232",3655837,3657416,"9",1579
"DRR286232",3662591,3663554,"3",963
"DRR286232",3664965,3666969,"1",2004
"DRR286232",3675318,3677680,"10",2362
"DRR286232",3683620,3687013,"3",3393
"DRR286232",3693047,3694172,"3",1125
"DRR286232",3696378,3712787,"9",16409
"DRR286232",3712788,3719330,"6",6542
"DRR286232",3719331,3727296,"9",7965
"DRR286232",3735194,3737207,"10",2013
"DRR286232",3747522,3748399,"3",877
"DRR286232",3750617,3751819,"3",1202
"DRR286232",3751820,3752877,"9",1057
"DRR286232",3752878,3758192,"3",5314
"DRR286232",3758193,3759284,"9",1091
"DRR286232",3759285,3760833,"3",1548
"DRR286232",3762024,3767727,"3",5703
"DRR286232",3767728,3774731,"9",7003
"DRR286232",3791450,3803288,"9",11838
"DRR286232",3803289,3805933,"3",2644
"DRR286232",3808860,3811949,"3",3089
"DRR286232",3820701,3821806,"9",1105
"DRR286232",3823391,3824359,"1",968
"DRR286232",3824360,3827786,"9",3426
"DRR286232",3839146,3841257,"3",2111
"DRR286232",3843162,3845754,"9",2592
"DRR286232",3849641,3859451,"9",9810
"DRR286232",3860856,3866276,"3",5420
"DRR286232",3866277,3869175,"9",2898
"DRR286232",3869176,3873962,"6",4786
"DRR286232",3879979,3881350,"10",1371
"DRR286232",3882150,3883140,"9",990
"DRR286232",3885927,3889353,"9",3426
"DRR286232",3898827,3900497,"1",1670
"DRR286232",3900498,3902858,"9",2360
"DRR286232",3902859,3904873,"1",2014
"DRR286232",3914591,3919137,"10",4546
"DRR286232",3921441,3922928,"3",1487
"DRR286232",3922929,3928096,"10",5167
"DRR286232",3930580,3932837,"9",2257
"DRR286232",3956067,3956729,"3",662
"DRR286232",3968718,3971868,"3",3150
"DRR286232",3971869,3973630,"9",1761
"DRR286232",3976862,3978119,"3",1257
"DRR286232",4016386,4017294,"3",908
"DRR286232",4028466,4035083,"9",6617
"DRR286232",4038583,4040683,"3",2100
"DRR286232",4049917,4051092,"9",1175
"DRR286232",4051794,4052031,"5",237
"DRR286232",4054006,4056261,"9",2255
"DRR286232",4056262,4056375,"6",113
"DRR286232",4056376,4057128,"3",752
"DRR286232",4057129,4069633,"9",12504
"DRR286232",4072169,4073621,"3",1452
"DRR286232",4076177,4079415,"3",3238
"DRR286232",4079416,4082334,"4",2918
"DRR286232",4083791,4087879,"3",4088
"DRR286232",4087880,4088315,"9",435
"DRR286232",4113100,4114167,"6",1067
"DRR286232",4114168,4114538,"1",370
"DRR286232",4115978,4118880,"9",2902
"DRR286232",4134583,4135010,"10",427
"DRR286232",4145863,4148794,"10",2931
"DRR286232",4155140,4182644,"9",27504
"DRR286232",4224324,4227244,"1",2920
"DRR286232",4227245,4232666,"4",5421
"DRR286232",4232667,4238720,"1",6053
"ERR13148485",8227,9917,"5",1690
"ERR13148485",30183,31425,"5",1242
"ERR13148485",35294,35533,"10",239
"ERR13148485",93088,94586,"3",1498
"ERR13148485",137477,138859,"5",1382
"ERR13148485",138860,140108,"8",1248
"ERR13148485",184774,185376,"3",602
"ERR13148485",231181,232350,"10",1169
"ERR13148485",234444,235585,"10",1141
"ERR13148485",246254,247656,"5",1402
"ERR13148485",249419,252338,"6",2919
"ERR13148485",264217,266731,"10",2514
"ERR13148485",271572,273237,"6",1665
"ERR13148485",273238,275647,"10",2409
"ERR13148485",276801,277887,"6",1086
"ERR13148485",284923,285664,"6",741
"ERR13148485",352700,353429,"6",729
"ERR13148485",354378,354926,"4",548
"ERR13148485",401485,404738,"3",3253
"ERR13148485",413623,414759,"6",1136
"ERR13148485",464287,466415,"10",2128
"ERR13148485",491001,492629,"5",1628
"ERR13148485",504130,505517,"8",1387
"ERR13148485",544062,544527,"3",465
"ERR13148485",582866,583490,"5",624
"ERR13148485",590845,591453,"6",608
"ERR13148485",601313,601974,"3",661
"ERR13148485",637401,640389,"6",2988
"ERR13148485",669395,670131,"10",736
"ERR13148485",672126,675373,"10",3247
"ERR13148485",675374,676780,"3",1406
"ERR13148485",676781,676991,"5",210
"ERR13148485",731890,733411,"10",1521
"ERR13148485",848466,848819,"4",353
"ERR13148485",908155,909982,"3",1827
"ERR13148485",915510,918084,"5",2574
"ERR13148485",919463,921967,"5",2504
"ERR13148485",939156,939668,"5",512
"ERR13148485",954209,955848,"5",1639
"ERR13148485",1005097,1005674,"5",577
"ERR13148485",1031404,1032059,"1",655
"ERR13148485",1044776,1045281,"4",505
"ERR13148485",1090136,1090639,"3",503
"ERR13148485",1104992,1107246,"10",2254
"ERR13148485",1114736,1115583,"5",847
"ERR13148485",1124372,1125695,"1",1323
"ERR13148485",1126087,1126387,"1",300
"ERR13148485",1130114,1132039,"7",1925
"ERR13148485",1163975,1168310,"8",4335
"ERR13148485",1168311,1170671,"3",2360
"ERR13148485",1195280,1196517,"4",1237
"ERR13148485",1200306,1202839,"3",2533
"ERR13148485",1217298,1218307,"4",1009
"ERR13148485",1252540,1252939,"3",399
"ERR13148485",1278993,1279926,"5",933
"ERR13148485",1301469,1306019,"10",4550
"ERR13148485",1365729,1366275,"6",546
"ERR13148485",1496907,1498493,"6",1586
"ERR13148485",1552932,1553665,"7",733
"ERR13148485",1569339,1569755,"1",416
"ERR13148485",1586306,1586794,"10",488
"ERR13148485",1598295,1599922,"5",1627
"ERR13148485",1599923,1601398,"1",1475
"ERR13148485",1601399,1604163,"10",2764
"ERR13148485",1635987,1636332,"4",345
"ERR13148485",1638325,1639666,"10",1341
"ERR13148485",1671940,1672255,"5",315
"ERR13148485",1710627,1711220,"1",593
"ERR13148485",1711221,1711748,"10",527
"ERR13148485",1727636,1729136,"10",1500
"ERR13148485",1729137,1731415,"3",2278
"ERR13148485",1731416,1732629,"10",1213
"ERR13148485",1756377,1757046,"5",669
"ERR13148485",1823875,1824480,"6",605
"ERR13148485",1849433,1850603,"6",1170
"ERR13148485",1859155,1859829,"10",674
"ERR13148485",1905217,1905893,"5",676
"ERR13148485",1923121,1924384,"6",1263
"ERR13148485",1935077,1936740,"3",1663
"ERR13148485",1947987,1949550,"10",1563
"ERR13148485",2001537,2002262,"6",725
"ERR13148485",2006309,2008828,"3",2519
"ERR13148485",2020132,2021997,"3",1865
"ERR13148485",2027502,2029848,"5",2346
"ERR13148485",2039840,2040817,"5",977
"ERR13148485",2061798,2063201,"4",1403
"ERR13148485",2063291,2066441,"10",3150
"ERR13148485",2074929,2075703,"5",774
"ERR13148485",2104952,2108094,"4",3142
"ERR13148485",2108095,2108859,"5",764
"ERR13148485",2121816,2122875,"6",1059
"ERR13148485",2133113,2144302,"10",11189
"ERR13148485",2163658,2164351,"5",693
"ERR13148485",2164352,2166084,"3",1732
"ERR13148485",2180997,2182556,"10",1559
"ERR13148485",2186053,2186858,"10",805
"ERR13148485",2208024,2209889,"3",1865
"ERR13148485",2232385,2233239,"4",854
"ERR13148485",2233240,2233285,"10",45
"ERR13148485",2250442,2251984,"6",1542
"ERR13148485",2329423,2330791,"3",1368
"ERR13148485",2336928,2338145,"5",1217
"ERR13148485",2350040,2351109,"4",1069
"ERR13148485",2381840,2382228,"3",388
"ERR13148485",2382229,2388953,"8",6724
"ERR13148485",2388954,2389602,"10",648
"ERR13148485",2411187,2413224,"5",2037
"ERR13148485",2417577,2421036,"4",3459
"ERR13148485",2480031,2480683,"5",652
"ERR13148485",2492184,2494177,"10",1993
"ERR13148485",2497805,2502977,"5",5172
"ERR13148485",2551265,2553103,"3",1838
"ERR13148485",2624249,2624905,"5",656
"ERR13148485",2643420,2644747,"6",1327
"ERR13148485",2670155,2674205,"10",4050
"ERR13148485",2676249,2677716,"10",1467
"ERR13148485",2787644,2789021,"1",1377
"ERR13148485",2837262,2840083,"6",2821
"ERR13148485",2841561,2843337,"10",1776
"ERR13148485",2845006,2845348,"7",342
"ERR13148485",2913275,2913714,"4",439
"ERR13148485",2935798,2936989,"3",1191
"ERR13148485",2943759,2946662,"3",2903
"ERR13148485",2959522,2961132,"10",1610
"ERR13148485",2977467,2981675,"10",4208
"ERR13148485",3104970,3107792,"5",2822
"ERR13148485",3168444,3170460,"3",2016
"ERR13148485",3233098,3235900,"5",2802
"ERR13148485",3243987,3246146,"10",2159
"ERR13148485",3252783,3254580,"10",1797
"ERR13148485",3255759,3257477,"5",1718
"ERR13148485",3286700,3288530,"8",1830
"ERR13148485",3298080,3300669,"10",2589
"ERR13148485",3429560,3431197,"5",1637
"ERR13148485",3520557,3522017,"6",1460
"ERR13148485",3522018,3523624,"8",1606
"ERR13148485",3523625,3525014,"6",1389
"ERR13148485",3540785,3541505,"5",720
"ERR13148485",3545712,3547389,"5",1677
"ERR13148485",3562561,3563605,"2",1044
"ERR13148485",3563606,3564290,"5",684
"ERR13148485",3575134,3576203,"10",1069
"ERR13148485",3589011,3589907,"5",896
"ERR13148485",3591873,3602874,"8",11001
"ERR13148485",3624509,3625312,"5",803
"ERR13148485",3625313,3627223,"3",1910
"ERR13148485",3627224,3628453,"5",1229
"ERR13148485",3669973,3670948,"6",975
"ERR13148485",3670949,3672614,"1",1665
"ERR13148485",3672615,3674400,"3",1785
"ERR13148485",3707692,3708566,"6",874
"ERR13148485",3717492,3719498,"7",2006
"ERR13148485",3746607,3747427,"5",820
"ERR13148485",3759245,3760833,"5",1588
"ERR13148485",3784191,3786270,"10",2079
"ERR13148485",3839222,3841405,"5",2183
"ERR13148485",3860856,3863226,"5",2370
"ERR13148485",3863227,3864698,"6",1471
"ERR13148485",3886022,3888489,"3",2467
"ERR13148485",3888490,3890664,"5",2174
"ERR13148485",3904390,3904814,"5",424
"ERR13148485",3911865,3912864,"6",999
"ERR13148485",3924109,3925746,"10",1637
"ERR13148485",3945112,3948177,"3",3065
"ERR13148485",3960182,3960662,"2",480
"ERR13148485",3960663,3961626,"3",963
"ERR13148485",3965587,3967823,"10",2236
"ERR13148485",3977993,3978224,"5",231
"ERR13148485",3980215,3981276,"3",1061
"ERR13148485",3993599,3995425,"3",1826
"ERR13148485",4108494,4109246,"6",752
"ERR13148485",4114449,4117714,"10",3265
"ERR13148485",4117715,4118373,"5",658
"DRR286186",11822,13222,"3",1400
"DRR286186",18034,20777,"3",2743
"DRR286186",28008,29753,"3",1745
"DRR286186",93611,97627,"3",4016
"DRR286186",97628,98109,"4",481
"DRR286186",98110,101376,"3",3266
"DRR286186",133178,136435,"3",3257
"DRR286186",148821,150517,"3",1696
"DRR286186",151368,155489,"3",4121
"DRR286186",218088,224120,"9",6032
"DRR286186",224121,224957,"3",836
"DRR286186",225627,226815,"10",1188
"DRR286186",226816,227937,"2",1121
"DRR286186",227938,228356,"4",418
"DRR286186",228965,229675,"3",710
"DRR286186",339544,340305,"6",761
"DRR286186",348594,354377,"3",5783
"DRR286186",413745,414892,"3",1147
"DRR286186",414893,416863,"5",1970
"DRR286186",416864,417411,"3",547
"DRR286186",439083,442161,"3",3078
"DRR286186",459781,460783,"6",1002
"DRR286186",460784,465732,"3",4948
"DRR286186",465733,467800,"5",2067
"DRR286186",499850,503114,"3",3264
"DRR286186",528972,531305,"3",2333
"DRR286186",531306,532545,"6",1239
"DRR286186",532546,534351,"7",1805
"DRR286186",534352,535159,"3",807
"DRR286186",577122,581897,"3",4775
"DRR286186",581898,583308,"10",1410
"DRR286186",583309,587592,"3",4283
"DRR286186",607099,607353,"9",254
"DRR286186",607354,608397,"3",1043
"DRR286186",608398,609261,"5",863
"DRR286186",622189,624590,"3",2401
"DRR286186",629344,631771,"3",2427
"DRR286186",645638,648561,"3",2923
"DRR286186",649180,651331,"3",2151
"DRR286186",682065,683190,"3",1125
"DRR286186",683191,684217,"2",1026
"DRR286186",685843,687881,"10",2038
"DRR286186",687882,691232,"3",3350
"DRR286186",702028,704763,"3",2735
"DRR286186",704764,707631,"7",2867
"DRR286186",771795,774615,"3",2820
"DRR286186",859689,860133,"3",444
"DRR286186",902030,906199,"3",4169
"DRR286186",918845,919497,"3",652
"DRR286186",919498,920679,"10",1181
"DRR286186",926165,927030,"9",865
"DRR286186",927031,927854,"2",823
"DRR286186",938179,941417,"9",3238
"DRR286186",956708,958164,"3",1456
"DRR286186",1028739,1031191,"3",2452
"DRR286186",1048392,1049803,"3",1411
"DRR286186",1073098,1076087,"3",2989
"DRR286186",1149603,1151057,"3",1454
"DRR286186",1166072,1174648,"3",8576
"DRR286186",1204094,1205367,"6",1273
"DRR286186",1205368,1208019,"3",2651
"DRR286186",1225325,1226736,"10",1411
"DRR286186",1226737,1227313,"3",576
"DRR286186",1277909,1282713,"3",4804
"DRR286186",1282714,1284125,"7",1411
"DRR286186",1284126,1288700,"3",4574
"DRR286186",1367684,1368166,"3",482
"DRR286186",1368167,1369683,"7",1516
"DRR286186",1369684,1370879,"2",1195
"DRR286186",1502074,1502943,"3",869
"DRR286186",1534860,1536443,"9",1583
"DRR286186",1536444,1538453,"3",2009
"DRR286186",1538454,1542556,"10",4102
"DRR286186",1548784,1549841,"3",1057
"DRR286186",1582227,1586845,"3",4618
"DRR286186",1589562,1598201,"3",8639
"DRR286186",1604599,1605292,"3",693
"DRR286186",1621331,1623575,"9",2244
"DRR286186",1637968,1639793,"10",1825
"DRR286186",1639794,1640295,"3",501
"DRR286186",1648763,1649873,"3",1110
"DRR286186",1651027,1651971,"1",944
"DRR286186",1655905,1657414,"3",1509
"DRR286186",1661764,1667208,"3",5444
"DRR286186",1671447,1672229,"3",782
"DRR286186",1698775,1700901,"3",2126
"DRR286186",1747462,1748060,"2",598
"DRR286186",1748061,1751759,"3",3698
"DRR286186",1781999,1786796,"3",4797
"DRR286186",1787610,1789284,"3",1674
"DRR286186",1817277,1817519,"5",242
"DRR286186",1817520,1822250,"10",4730
"DRR286186",1830471,1831380,"10",909
"DRR286186",1831381,1841712,"3",10331
"DRR286186",1853447,1856052,"3",2605
"DRR286186",1856053,1856711,"10",658
"DRR286186",1856712,1859154,"3",2442
"DRR286186",1859905,1861577,"3",1672
"DRR286186",1899900,1901037,"3",1137
"DRR286186",1920024,1929225,"3",9201
"DRR286186",1939506,1940997,"3",1491
"DRR286186",1961692,1962622,"3",930
"DRR286186",1990428,1990674,"4",246
"DRR286186",1991990,1995018,"3",3028
"DRR286186",2061798,2062671,"3",873
"DRR286186",2062672,2063384,"10",712
"DRR286186",2063385,2064436,"3",1051
"DRR286186",2080104,2086636,"3",6532
"DRR286186",2089860,2091161,"3",1301
"DRR286186",2126096,2127630,"3",1534
"DRR286186",2127631,2128456,"1",825
"DRR286186",2154487,2158703,"10",4216
"DRR286186",2161541,2164351,"2",2810
"DRR286186",2178818,2180422,"3",1604
"DRR286186",2197083,2200942,"3",3859
"DRR286186",2206161,2212899,"3",6738
"DRR286186",2240441,2242708,"10",2267
"DRR286186",2262915,2264016,"3",1101
"DRR286186",2316722,2318223,"6",1501
"DRR286186",2323781,2326233,"3",2452
"DRR286186",2327729,2330887,"3",3158
"DRR286186",2333899,2335412,"3",1513
"DRR286186",2338419,2342454,"3",4035
"DRR286186",2365178,2367457,"3",2279
"DRR286186",2379033,2386915,"3",7882
"DRR286186",2390306,2394164,"3",3858
"DRR286186",2395292,2396880,"3",1588
"DRR286186",2400280,2403325,"3",3045
"DRR286186",2403326,2405111,"1",1785
"DRR286186",2429046,2432446,"3",3400
"DRR286186",2440275,2445930,"3",5655
"DRR286186",2472462,2477279,"3",4817
"DRR286186",2479573,2481475,"6",1902
"DRR286186",2481476,2483438,"3",1962
"DRR286186",2484411,2486535,"3",2124
"DRR286186",2489998,2494914,"3",4916
"DRR286186",2525227,2526478,"1",1251
"DRR286186",2530452,2535909,"3",5457
"DRR286186",2548974,2551126,"9",2152
"DRR286186",2570767,2573225,"3",2458
"DRR286186",2626261,2629533,"4",3272
"DRR286186",2660249,2661157,"10",908
"DRR286186",2669998,2674205,"3",4207
"DRR286186",2684898,2686359,"9",1461
"DRR286186",2686360,2688164,"10",1804
"DRR286186",2694078,2696423,"3",2345
"DRR286186",2698181,2698834,"3",653
"DRR286186",2705416,2708755,"3",3339
"DRR286186",2734108,2738136,"3",4028
"DRR286186",2756677,2760190,"3",3513
"DRR286186",2760191,2764555,"9",4364
"DRR286186",2777745,2783243,"3",5498
"DRR286186",2812989,2815622,"9",2633
"DRR286186",2815623,2818925,"3",3302
"DRR286186",2818926,2821411,"10",2485
"DRR286186",2825113,2834126,"3",9013
"DRR286186",2840304,2843031,"3",2727
"DRR286186",2856235,2857270,"3",1035
"DRR286186",2857271,2858770,"6",1499
"DRR286186",2858771,2860587,"2",1816
"DRR286186",2868932,2871559,"3",2627
"DRR286186",2872430,2877742,"3",5312
"DRR286186",2884773,2887613,"3",2840
"DRR286186",2937790,2943625,"9",5835
"DRR286186",2943626,2946867,"3",3241
"DRR286186",2949409,2952263,"3",2854
"DRR286186",2977467,2985495,"3",8028
"DRR286186",2986945,2989728,"3",2783
"DRR286186",2991936,2995081,"3",3145
"DRR286186",2995588,3000413,"7",4825
"DRR286186",3000414,3001880,"3",1466
"DRR286186",3044357,3045379,"1",1022
"DRR286186",3054587,3059289,"3",4702
"DRR286186",3059290,3063155,"1",3865
"DRR286186",3065542,3069064,"1",3522
"DRR286186",3069065,3083408,"3",14343
"DRR286186",3083409,3084915,"2",1506
"DRR286186",3100690,3101097,"3",407
"DRR286186",3102405,3107792,"3",5387
"DRR286186",3128362,3135409,"9",7047
"DRR286186",3148067,3149486,"9",1419
"DRR286186",3204619,3210515,"3",5896
"DRR286186",3235093,3237419,"3",2326
"DRR286186",3237420,3240888,"1",3468
"DRR286186",3240889,3242106,"9",1217
"DRR286186",3242107,3243856,"1",1749
"DRR286186",3287385,3288930,"1",1545
"DRR286186",3307287,3311941,"3",4654
"DRR286186",3314526,3316541,"7",2015
"DRR286186",3417099,3419737,"4",2638
"DRR286186",3419738,3422392,"9",2654
"DRR286186",3480745,3489851,"3",9106
"DRR286186",3503585,3508364,"3",4779
"DRR286186",3509148,3509368,"3",220
"DRR286186",3509369,3510457,"7",1088
"DRR286186",3512269,3513024,"7",755
"DRR286186",3518519,3521652,"9",3133
"DRR286186",3525803,3527142,"3",1339
"DRR286186",3536738,3538145,"10",1407
"DRR286186",3538146,3542666,"3",4520
"DRR286186",3616215,3619192,"3",2977
"DRR286186",3632334,3634850,"3",2516
"DRR286186",3634851,3638958,"6",4107
"DRR286186",3638959,3639734,"3",775
"DRR286186",3641935,3643273,"3",1338
"DRR286186",3643740,3645298,"3",1558
"DRR286186",3648318,3650454,"9",2136
"DRR286186",3650455,3653904,"10",3449
"DRR286186",3659485,3660194,"3",709
"DRR286186",3676980,3680714,"3",3734
"DRR286186",3729387,3732049,"3",2662
"DRR286186",3782279,3783623,"3",1344
"DRR286186",3807795,3811151,"10",3356
"DRR286186",3818928,3819715,"9",787
"DRR286186",3825025,3827786,"9",2761
"DRR286186",3834575,3835433,"3",858
"DRR286186",3848081,3848801,"3",720
"DRR286186",3902789,3904989,"3",2200
"DRR286186",3963871,3969753,"3",5882
"DRR286186",3989143,3997166,"3",8023
"DRR286186",4015205,4017455,"3",2250
"DRR286186",4017456,4017866,"9",410
"DRR286186",4017867,4025154,"3",7287
"DRR286186",4035376,4036239,"3",863
"DRR286186",4038074,4049916,"3",11842
"DRR286186",4237687,4238720,"1",1033
"ERR12861554",35006,36078,"10",1072
"ERR12861554",36079,37528,"4",1449
"ERR12861554",37529,40556,"5",3027
"ERR12861554",51540,56881,"4",5341
"ERR12861554",70691,73060,"4",2369
"ERR12861554",90405,93777,"4",3372
"ERR12861554",99379,102970,"4",3591
"ERR12861554",103072,105676,"10",2604
"ERR12861554",105677,109462,"7",3785
"ERR12861554",109463,116093,"4",6630
"ERR12861554",117759,122043,"10",4284
"ERR12861554",122044,136525,"4",14481
"ERR12861554",137302,140833,"4",3531
"ERR12861554",140834,142374,"5",1540
"ERR12861554",162625,168335,"4",5710
"ERR12861554",168336,169485,"5",1149
"ERR12861554",169486,169776,"4",290
"ERR12861554",179553,183871,"5",4318
"ERR12861554",189444,191681,"4",2237
"ERR12861554",191682,191740,"10",58
"ERR12861554",198594,199962,"5",1368
"ERR12861554",199963,201317,"7",1354
"ERR12861554",201318,202540,"2",1222
"ERR12861554",208127,208602,"5",475
"ERR12861554",216647,217211,"7",564
"ERR12861554",219963,223449,"5",3486
"ERR12861554",223450,224448,"4",998
"ERR12861554",230863,231810,"5",947
"ERR12861554",234306,237998,"4",3692
"ERR12861554",237999,240175,"7",2176
"ERR12861554",255855,256740,"3",885
"ERR12861554",256741,257174,"7",433
"ERR12861554",257175,260629,"4",3454
"ERR12861554",262060,263876,"4",1816
"ERR12861554",275693,277190,"5",1497
"ERR12861554",282624,284870,"4",2246
"ERR12861554",287754,289542,"5",1788
"ERR12861554",289543,290293,"4",750
"ERR12861554",293274,294710,"4",1436
"ERR12861554",305504,306289,"4",785
"ERR12861554",307196,311572,"4",4376
"ERR12861554",311573,314300,"5",2727
"ERR12861554",317436,317736,"3",300
"ERR12861554",318299,320537,"10",2238
"ERR12861554",320682,324582,"5",3900
"ERR12861554",324896,329523,"4",4627
"ERR12861554",330467,332064,"7",1597
"ERR12861554",332065,335073,"4",3008
"ERR12861554",338678,339353,"10",675
"ERR12861554",339354,342294,"4",2940
"ERR12861554",357484,359030,"7",1546
"ERR12861554",365191,368035,"7",2844
"ERR12861554",369547,370242,"7",695
"ERR12861554",370243,371018,"4",775
"ERR12861554",371019,371160,"1",141
"ERR12861554",372824,375526,"5",2702
"ERR12861554",375527,376453,"2",926
"ERR12861554",376454,376746,"1",292
"ERR12861554",376747,383272,"4",6525
"ERR12861554",387758,388778,"5",1020
"ERR12861554",390603,394216,"1",3613
"ERR12861554",401351,408767,"4",7416
"ERR12861554",408768,409648,"5",880
"ERR12861554",429912,430550,"5",638
"ERR12861554",430551,433409,"7",2858
"ERR12861554",433410,434043,"2",633
"ERR12861554",434044,434843,"1",799
"ERR12861554",437180,440337,"4",3157
"ERR12861554",443709,444166,"4",457
"ERR12861554",444167,444598,"5",431
"ERR12861554",458130,468456,"4",10326
"ERR12861554",468457,470097,"5",1640
"ERR12861554",470098,475391,"4",5293
"ERR12861554",493826,497062,"4",3236
"ERR12861554",497063,499849,"10",2786
"ERR12861554",508522,509671,"4",1149
"ERR12861554",509672,512688,"7",3016
"ERR12861554",515326,521145,"4",5819
"ERR12861554",521146,521882,"2",736
"ERR12861554",524090,528585,"7",4495
"ERR12861554",528586,530831,"4",2245
"ERR12861554",530832,531689,"5",857
"ERR12861554",547284,548478,"7",1194
"ERR12861554",555911,557334,"4",1423
"ERR12861554",570127,574858,"7",4731
"ERR12861554",574859,576342,"1",1483
"ERR12861554",581030,582778,"5",1748
"ERR12861554",582779,586589,"4",3810
"ERR12861554",590845,592456,"5",1611
"ERR12861554",592457,594550,"4",2093
"ERR12861554",596282,597601,"4",1319
"ERR12861554",597602,599488,"5",1886
"ERR12861554",607864,609092,"4",1228
"ERR12861554",609995,613593,"4",3598
"ERR12861554",615872,617018,"5",1146
"ERR12861554",617019,621323,"10",4304
"ERR12861554",633798,635280,"4",1482
"ERR12861554",647749,648463,"5",714
"ERR12861554",659225,659495,"4",270
"ERR12861554",659496,660323,"5",827
"ERR12861554",660324,662380,"4",2056
"ERR12861554",666909,667771,"10",862
"ERR12861554",667772,670912,"7",3140
"ERR12861554",673981,675538,"5",1557
"ERR12861554",690492,691958,"9",1466
"ERR12861554",691959,694552,"1",2593
"ERR12861554",699841,701888,"5",2047
"ERR12861554",713213,715051,"5",1838
"ERR12861554",720829,725253,"4",4424
"ERR12861554",732032,736477,"4",4445
"ERR12861554",744151,745322,"9",1171
"ERR12861554",745323,748164,"4",2841
"ERR12861554",748165,749293,"2",1128
"ERR12861554",758014,761257,"4",3243
"ERR12861554",761258,762898,"10",1640
"ERR12861554",766751,769257,"4",2506
"ERR12861554",770647,771372,"7",725
"ERR12861554",772663,773114,"4",451
"ERR12861554",773115,773525,"1",410
"ERR12861554",773526,774104,"7",578
"ERR12861554",780615,782050,"10",1435
"ERR12861554",784591,785243,"9",652
"ERR12861554",785244,786560,"4",1316
"ERR12861554",789253,790912,"7",1659
"ERR12861554",798859,801461,"1",2602
"ERR12861554",801462,803151,"4",1689
"ERR12861554",803731,804355,"3",624
"ERR12861554",804356,809628,"4",5272
"ERR12861554",822151,823925,"7",1774
"ERR12861554",823926,825920,"10",1994
"ERR12861554",827895,829013,"7",1118
"ERR12861554",829014,830488,"10",1474
"ERR12861554",842782,848228,"5",5446
"ERR12861554",848229,849199,"10",970
"ERR12861554",849200,852410,"1",3210
"ERR12861554",862672,864910,"4",2238
"ERR12861554",864911,866574,"5",1663
"ERR12861554",871441,876736,"4",5295
"ERR12861554",876737,878812,"5",2075
"ERR12861554",879215,880661,"10",1446
"ERR12861554",883755,884431,"4",676
"ERR12861554",891178,893122,"4",1944
"ERR12861554",895063,900470,"4",5407
"ERR12861554",913133,919425,"4",6292
"ERR12861554",939310,942234,"10",2924
"ERR12861554",947761,948675,"10",914
"ERR12861554",954934,958419,"5",3485
"ERR12861554",962440,964978,"4",2538
"ERR12861554",967743,969220,"4",1477
"ERR12861554",969783,970953,"9",1170
"ERR12861554",970954,971415,"7",461
"ERR12861554",984379,986096,"4",1717
"ERR12861554",989918,991036,"5",1118
"ERR12861554",994831,996984,"4",2153
"ERR12861554",1007319,1009213,"4",1894
"ERR12861554",1021206,1023102,"1",1896
"ERR12861554",1023103,1024726,"4",1623
"ERR12861554",1037599,1038113,"4",514
"ERR12861554",1044776,1045751,"4",975
"ERR12861554",1045752,1047464,"10",1712
"ERR12861554",1050261,1051309,"4",1048
"ERR12861554",1051310,1052338,"10",1028
"ERR12861554",1052339,1053628,"7",1289
"ERR12861554",1053629,1055078,"5",1449
"ERR12861554",1055079,1056937,"10",1858
"ERR12861554",1056938,1058468,"4",1530
"ERR12861554",1058469,1060030,"10",1561
"ERR12861554",1060031,1061201,"4",1170
"ERR12861554",1061202,1061878,"5",676
"ERR12861554",1061879,1064644,"4",2765
"ERR12861554",1067950,1069067,"10",1117
"ERR12861554",1069884,1071788,"4",1904
"ERR12861554",1072743,1076198,"4",3455
"ERR12861554",1077391,1083198,"4",5807
"ERR12861554",1083199,1084714,"2",1515
"ERR12861554",1084715,1087567,"4",2852
"ERR12861554",1088184,1089306,"4",1122
"ERR12861554",1094355,1095738,"4",1383
"ERR12861554",1096863,1103032,"4",6169
"ERR12861554",1111493,1114048,"4",2555
"ERR12861554",1139446,1142222,"7",2776
"ERR12861554",1144819,1147469,"4",2650
"ERR12861554",1149649,1152321,"4",2672
"ERR12861554",1158497,1160518,"4",2021
"ERR12861554",1162305,1163899,"4",1594
"ERR12861554",1166002,1169367,"4",3365
"ERR12861554",1176550,1178745,"1",2195
"ERR12861554",1178746,1181720,"4",2974
"ERR12861554",1181721,1182024,"5",303
"ERR12861554",1188914,1190742,"7",1828
"ERR12861554",1201170,1201809,"2",639
"ERR12861554",1201810,1202436,"3",626
"ERR12861554",1202437,1204128,"1",1691
"ERR12861554",1204129,1205367,"5",1238
"ERR12861554",1209346,1214677,"4",5331
"ERR12861554",1215430,1216795,"10",1365
"ERR12861554",1216796,1219523,"4",2727
"ERR12861554",1219524,1222077,"10",2553
"ERR12861554",1222078,1223823,"4",1745
"ERR12861554",1223824,1227232,"5",3408
"ERR12861554",1227233,1244578,"4",17345
"ERR12861554",1245299,1250635,"4",5336
"ERR12861554",1250636,1252343,"5",1707
"ERR12861554",1264421,1265080,"4",659
"ERR12861554",1266348,1267622,"1",1274
"ERR12861554",1267623,1274372,"4",6749
"ERR12861554",1275566,1278122,"5",2556
"ERR12861554",1278123,1279235,"4",1112
"ERR12861554",1279236,1282713,"7",3477
"ERR12861554",1285634,1286275,"9",641
"ERR12861554",1286276,1287894,"4",1618
"ERR12861554",1287895,1288798,"9",903
"ERR12861554",1296709,1304510,"4",7801
"ERR12861554",1304511,1304615,"7",104
"ERR12861554",1310259,1310526,"7",267
"ERR12861554",1310527,1311193,"10",666
"ERR12861554",1322130,1323543,"7",1413
"ERR12861554",1332808,1333391,"2",583
"ERR12861554",1333392,1334480,"5",1088
"ERR12861554",1334481,1342629,"4",8148
"ERR12861554",1342630,1343181,"8",551
"ERR12861554",1348962,1350285,"4",1323
"ERR12861554",1359129,1359673,"10",544
"ERR12861554",1378867,1379899,"7",1032
"ERR12861554",1379900,1381002,"4",1102
"ERR12861554",1386569,1390082,"4",3513
"ERR12861554",1391857,1396486,"4",4629
"ERR12861554",1397830,1398377,"3",547
"ERR12861554",1398378,1402264,"4",3886
"ERR12861554",1405591,1407015,"7",1424
"ERR12861554",1409366,1410096,"10",730
"ERR12861554",1447857,1449320,"7",1463
"ERR12861554",1450272,1450794,"4",522
"ERR12861554",1451215,1457855,"4",6640
"ERR12861554",1457856,1464002,"7",6146
"ERR12861554",1464003,1465367,"5",1364
"ERR12861554",1478347,1479235,"10",888
"ERR12861554",1479236,1481686,"4",2450
"ERR12861554",1481687,1483574,"5",1887
"ERR12861554",1499684,1501558,"7",1874
"ERR12861554",1501559,1505430,"4",3871
"ERR12861554",1507783,1508126,"7",343
"ERR12861554",1508127,1509955,"1",1828
"ERR12861554",1509956,1511183,"4",1227
"ERR12861554",1511184,1513352,"5",2168
"ERR12861554",1513353,1513704,"10",351
"ERR12861554",1515657,1516503,"4",846
"ERR12861554",1528215,1529724,"4",1509
"ERR12861554",1532768,1533079,"4",311
"ERR12861554",1543373,1544932,"2",1559
"ERR12861554",1545893,1547343,"5",1450
"ERR12861554",1547344,1552855,"4",5511
"ERR12861554",1552856,1553788,"5",932
"ERR12861554",1556533,1557977,"2",1444
"ERR12861554",1561128,1563496,"10",2368
"ERR12861554",1564887,1566310,"7",1423
"ERR12861554",1576008,1576547,"5",539
"ERR12861554",1586279,1587076,"5",797
"ERR12861554",1589919,1590938,"5",1019
"ERR12861554",1590939,1594174,"1",3235
"ERR12861554",1596046,1600845,"1",4799
"ERR12861554",1606027,1609696,"4",3669
"ERR12861554",1614323,1623641,"4",9318
"ERR12861554",1624796,1626429,"2",1633
"ERR12861554",1626430,1629703,"5",3273
"ERR12861554",1630966,1635350,"4",4384
"ERR12861554",1642375,1648654,"4",6279
"ERR12861554",1650614,1651008,"5",394
"ERR12861554",1664168,1665411,"7",1243
"ERR12861554",1666549,1672285,"4",5736
"ERR12861554",1672286,1673266,"5",980
"ERR12861554",1673267,1679450,"4",6183
"ERR12861554",1679451,1680240,"1",789
"ERR12861554",1680241,1687778,"4",7537
"ERR12861554",1687779,1688676,"2",897
"ERR12861554",1700989,1702318,"7",1329
"ERR12861554",1702319,1705616,"1",3297
"ERR12861554",1713902,1714762,"10",860
"ERR12861554",1714763,1717410,"5",2647
"ERR12861554",1719095,1719712,"4",617
"ERR12861554",1720358,1720708,"9",350
"ERR12861554",1720709,1721737,"10",1028
"ERR12861554",1721738,1726142,"4",4404
"ERR12861554",1732630,1736779,"4",4149
"ERR12861554",1736780,1737507,"2",727
"ERR12861554",1750056,1751711,"10",1655
"ERR12861554",1751712,1753982,"7",2270
"ERR12861554",1755592,1765802,"4",10210
"ERR12861554",1765803,1766293,"3",490
"ERR12861554",1766294,1768858,"4",2564
"ERR12861554",1771442,1778430,"4",6988
"ERR12861554",1784507,1785862,"5",1355
"ERR12861554",1785863,1787609,"4",1746
"ERR12861554",1794334,1795972,"7",1638
"ERR12861554",1795973,1797483,"5",1510
"ERR12861554",1802375,1806632,"4",4257
"ERR12861554",1808021,1808814,"4",793
"ERR12861554",1808815,1810875,"5",2060
"ERR12861554",1814219,1816877,"1",2658
"ERR12861554",1816878,1817648,"4",770
"ERR12861554",1836009,1837345,"4",1336
"ERR12861554",1837346,1839767,"5",2421
"ERR12861554",1839768,1840239,"3",471
"ERR12861554",1850725,1854248,"7",3523
"ERR12861554",1856613,1858772,"10",2159
"ERR12861554",1858773,1863139,"4",4366
"ERR12861554",1868864,1870165,"5",1301
"ERR12861554",1874408,1875583,"8",1175
"ERR12861554",1879585,1883232,"4",3647
"ERR12861554",1905298,1906416,"4",1118
"ERR12861554",1906417,1907612,"5",1195
"ERR12861554",1920141,1925071,"10",4930
"ERR12861554",1937362,1941331,"4",3969
"ERR12861554",1946270,1946312,"1",42
"ERR12861554",1946313,1947653,"2",1340
"ERR12861554",1953297,1958426,"4",5129
"ERR12861554",1958427,1959424,"10",997
"ERR12861554",1959425,1961317,"5",1892
"ERR12861554",1961318,1962707,"1",1389
"ERR12861554",1964758,1966553,"1",1795
"ERR12861554",1969264,1975708,"4",6444
"ERR12861554",1982026,1982739,"4",713
"ERR12861554",1996157,1999367,"10",3210
"ERR12861554",1999368,2004020,"4",4652
"ERR12861554",2004021,2004877,"10",856
"ERR12861554",2004878,2007432,"4",2554
"ERR12861554",2008213,2008851,"4",638
"ERR12861554",2012423,2012716,"1",293
"ERR12861554",2012717,2014146,"4",1429
"ERR12861554",2014147,2015584,"5",1437
"ERR12861554",2015966,2018103,"5",2137
"ERR12861554",2021631,2023965,"4",2334
"ERR12861554",2023966,2027449,"10",3483
"ERR12861554",2030897,2032323,"5",1426
"ERR12861554",2037701,2039791,"5",2090
"ERR12861554",2039792,2044056,"4",4264
"ERR12861554",2044057,2046166,"1",2109
"ERR12861554",2046167,2049638,"10",3471
"ERR12861554",2049639,2050602,"4",963
"ERR12861554",2060910,2063577,"4",2667
"ERR12861554",2063578,2064305,"5",727
"ERR12861554",2067744,2068786,"4",1042
"ERR12861554",2070431,2072317,"5",1886
"ERR12861554",2072318,2074388,"4",2070
"ERR12861554",2084475,2086141,"4",1666
"ERR12861554",2088485,2089056,"10",571
"ERR12861554",2089057,2089773,"5",716
"ERR12861554",2094161,2096468,"4",2307
"ERR12861554",2104952,2110703,"4",5751
"ERR12861554",2110704,2113540,"10",2836
"ERR12861554",2113541,2117321,"7",3780
"ERR12861554",2117322,2120063,"5",2741
"ERR12861554",2133049,2134974,"7",1925
"ERR12861554",2134975,2146325,"4",11350
"ERR12861554",2146326,2147354,"7",1028
"ERR12861554",2170380,2172603,"5",2223
"ERR12861554",2172604,2174741,"4",2137
"ERR12861554",2181213,2182853,"10",1640
"ERR12861554",2182854,2185488,"5",2634
"ERR12861554",2193793,2194572,"10",779
"ERR12861554",2194573,2198886,"4",4313
"ERR12861554",2215402,2219559,"4",4157
"ERR12861554",2219560,2221510,"1",1950
"ERR12861554",2226374,2231280,"4",4906
"ERR12861554",2233225,2234994,"4",1769
"ERR12861554",2238706,2239050,"5",344
"ERR12861554",2239051,2243619,"7",4568
"ERR12861554",2243620,2244953,"5",1333
"ERR12861554",2244954,2246349,"1",1395
"ERR12861554",2246350,2248406,"2",2056
"ERR12861554",2248407,2250133,"10",1726
"ERR12861554",2253142,2255050,"10",1908
"ERR12861554",2263245,2264509,"4",1264
"ERR12861554",2276457,2278126,"7",1669
"ERR12861554",2288206,2290421,"4",2215
"ERR12861554",2302748,2304507,"3",1759
"ERR12861554",2304508,2305426,"4",918
"ERR12861554",2308514,2309362,"10",848
"ERR12861554",2309363,2311811,"1",2448
"ERR12861554",2311812,2312338,"3",526
"ERR12861554",2323260,2325244,"4",1984
"ERR12861554",2325245,2326131,"5",886
"ERR12861554",2326132,2329055,"4",2923
"ERR12861554",2329056,2331932,"5",2876
"ERR12861554",2331933,2333213,"4",1280
"ERR12861554",2341031,2342517,"3",1486
"ERR12861554",2342518,2345509,"5",2991
"ERR12861554",2345510,2348620,"7",3110
"ERR12861554",2351225,2352879,"7",1654
"ERR12861554",2354331,2356659,"5",2328
"ERR12861554",2356660,2363759,"7",7099
"ERR12861554",2363760,2366321,"4",2561
"ERR12861554",2366322,2367381,"2",1059
"ERR12861554",2373077,2375185,"4",2108
"ERR12861554",2375186,2376859,"5",1673
"ERR12861554",2376860,2379318,"7",2458
"ERR12861554",2381186,2382061,"5",875
"ERR12861554",2394348,2395219,"10",871
"ERR12861554",2395220,2399485,"4",4265
"ERR12861554",2400150,2414463,"4",14313
"ERR12861554",2414464,2415856,"5",1392
"ERR12861554",2415857,2416936,"4",1079
"ERR12861554",2420858,2422550,"5",1692
"ERR12861554",2422551,2423851,"4",1300
"ERR12861554",2423852,2424550,"10",698
"ERR12861554",2424551,2426658,"5",2107
"ERR12861554",2426659,2428914,"4",2255
"ERR12861554",2437949,2438586,"10",637
"ERR12861554",2438587,2440119,"1",1532
"ERR12861554",2442036,2444130,"5",2094
"ERR12861554",2444131,2445193,"7",1062
"ERR12861554",2445194,2446829,"5",1635
"ERR12861554",2471325,2472372,"4",1047
"ERR12861554",2479726,2484410,"7",4684
"ERR12861554",2490492,2492496,"9",2004
"ERR12861554",2502978,2504494,"4",1516
"ERR12861554",2508549,2510528,"8",1979
"ERR12861554",2512502,2513365,"7",863
"ERR12861554",2544592,2546332,"4",1740
"ERR12861554",2547376,2548105,"4",729
"ERR12861554",2555397,2557748,"4",2351
"ERR12861554",2557749,2558911,"5",1162
"ERR12861554",2563530,2563948,"4",418
"ERR12861554",2566629,2567380,"4",751
"ERR12861554",2576051,2577680,"5",1629
"ERR12861554",2577681,2578529,"1",848
"ERR12861554",2581732,2583491,"4",1759
"ERR12861554",2586060,2587524,"10",1464
"ERR12861554",2587525,2587810,"8",285
"ERR12861554",2593375,2594961,"2",1586
"ERR12861554",2594962,2595529,"9",567
"ERR12861554",2601002,2605232,"7",4230
"ERR12861554",2614085,2614888,"4",803
"ERR12861554",2614889,2618152,"7",3263
"ERR12861554",2629209,2630285,"10",1076
"ERR12861554",2630286,2634060,"4",3774
"ERR12861554",2642148,2643243,"8",1095
"ERR12861554",2645039,2646201,"10",1162
"ERR12861554",2646202,2649468,"4",3266
"ERR12861554",2650266,2652197,"4",1931
"ERR12861554",2656817,2657945,"4",1128
"ERR12861554",2657946,2658541,"1",595
"ERR12861554",2663431,2666190,"5",2759
"ERR12861554",2666191,2667763,"4",1572
"ERR12861554",2667764,2669330,"5",1566
"ERR12861554",2677717,2678336,"10",619
"ERR12861554",2678337,2678602,"5",265
"ERR12861554",2692201,2695069,"5",2868
"ERR12861554",2695070,2701367,"4",6297
"ERR12861554",2703249,2705264,"4",2015
"ERR12861554",2708546,2710071,"2",1525
"ERR12861554",2710072,2715011,"5",4939
"ERR12861554",2718974,2723636,"4",4662
"ERR12861554",2748339,2749326,"10",987
"ERR12861554",2756677,2758719,"4",2042
"ERR12861554",2764748,2769665,"7",4917
"ERR12861554",2769830,2775658,"5",5828
"ERR12861554",2775659,2779624,"1",3965
"ERR12861554",2779625,2781242,"7",1617
"ERR12861554",2781243,2783243,"10",2000
"ERR12861554",2783244,2785257,"5",2013
"ERR12861554",2785258,2787937,"4",2679
"ERR12861554",2787938,2791083,"5",3145
"ERR12861554",2798580,2800376,"5",1796
"ERR12861554",2814237,2815100,"8",863
"ERR12861554",2815101,2815696,"10",595
"ERR12861554",2818785,2820516,"7",1731
"ERR12861554",2820517,2822738,"5",2221
"ERR12861554",2822739,2825743,"7",3004
"ERR12861554",2830678,2831740,"7",1062
"ERR12861554",2835860,2837213,"7",1353
"ERR12861554",2847502,2850578,"5",3076
"ERR12861554",2850579,2851523,"10",944
"ERR12861554",2854591,2857270,"7",2679
"ERR12861554",2857271,2862629,"4",5358
"ERR12861554",2863362,2867610,"4",4248
"ERR12861554",2877743,2883183,"5",5440
"ERR12861554",2883184,2884822,"8",1638
"ERR12861554",2886062,2887961,"1",1899
"ERR12861554",2887962,2888905,"4",943
"ERR12861554",2888906,2889888,"1",982
"ERR12861554",2894265,2895199,"10",934
"ERR12861554",2902760,2904460,"1",1700
"ERR12861554",2906511,2908201,"4",1690
"ERR12861554",2914170,2917449,"4",3279
"ERR12861554",2922789,2924861,"5",2072
"ERR12861554",2931673,2932250,"4",577
"ERR12861554",2932251,2932661,"3",410
"ERR12861554",2932662,2933505,"4",843
"ERR12861554",2940065,2942248,"4",2183
"ERR12861554",2962510,2964888,"10",2378
"ERR12861554",2965455,2968226,"4",2771
"ERR12861554",2979804,2982157,"4",2353
"ERR12861554",2982158,2986796,"7",4638
"ERR12861554",2995319,2997846,"7",2527
"ERR12861554",3004606,3006935,"7",2329
"ERR12861554",3017932,3022213,"4",4281
"ERR12861554",3027274,3032109,"4",4835
"ERR12861554",3032110,3032943,"1",833
"ERR12861554",3041577,3044356,"4",2779
"ERR12861554",3050192,3052732,"5",2540
"ERR12861554",3054022,3056571,"7",2549
"ERR12861554",3059445,3066248,"4",6803
"ERR12861554",3066249,3067397,"3",1148
"ERR12861554",3090136,3094664,"7",4528
"ERR12861554",3094665,3099386,"1",4721
"ERR12861554",3110988,3111602,"7",614
"ERR12861554",3111603,3112712,"10",1109
"ERR12861554",3116226,3119376,"4",3150
"ERR12861554",3123666,3124084,"5",418
"ERR12861554",3128362,3129562,"10",1200
"ERR12861554",3134516,3136100,"10",1584
"ERR12861554",3136101,3139441,"4",3340
"ERR12861554",3141627,3142446,"9",819
"ERR12861554",3145483,3148027,"5",2544
"ERR12861554",3148028,3150700,"1",2672
"ERR12861554",3150701,3152291,"10",1590
"ERR12861554",3152292,3152665,"7",373
"ERR12861554",3155620,3157763,"7",2143
"ERR12861554",3161504,3164112,"7",2608
"ERR12861554",3168244,3171088,"4",2844
"ERR12861554",3178164,3180273,"7",2109
"ERR12861554",3192504,3193287,"10",783
"ERR12861554",3193288,3195642,"1",2354
"ERR12861554",3195643,3199291,"5",3648
"ERR12861554",3199292,3199622,"1",330
"ERR12861554",3206329,3208362,"4",2033
"ERR12861554",3212268,3216148,"4",3880
"ERR12861554",3216224,3222971,"10",6747
"ERR12861554",3223890,3224798,"5",908
"ERR12861554",3233385,3234978,"4",1593
"ERR12861554",3234979,3236068,"2",1089
"ERR12861554",3236069,3237419,"10",1350
"ERR12861554",3237420,3237879,"7",459
"ERR12861554",3242862,3247790,"4",4928
"ERR12861554",3257792,3261104,"4",3312
"ERR12861554",3261105,3262419,"7",1314
"ERR12861554",3269911,3280720,"4",10809
"ERR12861554",3280721,3285751,"1",5030
"ERR12861554",3294177,3296475,"4",2298
"ERR12861554",3306962,3313651,"10",6689
"ERR12861554",3313652,3317108,"5",3456
"ERR12861554",3321724,3323894,"7",2170
"ERR12861554",3333275,3335053,"10",1778
"ERR12861554",3335979,3341212,"4",5233
"ERR12861554",3349096,3352252,"4",3156
"ERR12861554",3352253,3352951,"5",698
"ERR12861554",3358260,3359632,"10",1372
"ERR12861554",3359633,3361106,"4",1473
"ERR12861554",3367201,3367876,"1",675
"ERR12861554",3388361,3395594,"4",7233
"ERR12861554",3406815,3413232,"10",6417
"ERR12861554",3413233,3414138,"5",905
"ERR12861554",3416725,3418456,"4",1731
"ERR12861554",3422224,3425322,"5",3098
"ERR12861554",3431542,3432463,"1",921
"ERR12861554",3432464,3437090,"4",4626
"ERR12861554",3437091,3439860,"5",2769
"ERR12861554",3439861,3441161,"4",1300
"ERR12861554",3441162,3441884,"5",722
"ERR12861554",3449329,3450599,"5",1270
"ERR12861554",3450600,3451096,"4",496
"ERR12861554",3460092,3466088,"5",5996
"ERR12861554",3471363,3474079,"7",2716
"ERR12861554",3474080,3475742,"10",1662
"ERR12861554",3475743,3479016,"4",3273
"ERR12861554",3484014,3484614,"7",600
"ERR12861554",3484615,3486401,"10",1786
"ERR12861554",3488278,3490500,"10",2222
"ERR12861554",3490501,3492065,"5",1564
"ERR12861554",3492066,3493715,"4",1649
"ERR12861554",3493716,3495739,"5",2023
"ERR12861554",3500666,3501665,"4",999
"ERR12861554",3501666,3502296,"5",630
"ERR12861554",3505649,3506633,"10",984
"ERR12861554",3512022,3519254,"4",7232
"ERR12861554",3519255,3520088,"10",833
"ERR12861554",3521653,3523922,"4",2269
"ERR12861554",3533487,3535950,"4",2463
"ERR12861554",3545580,3546433,"4",853
"ERR12861554",3553599,3553831,"5",232
"ERR12861554",3584019,3584636,"5",617
"ERR12861554",3584637,3586039,"4",1402
"ERR12861554",3586040,3587353,"5",1313
"ERR12861554",3587354,3589010,"3",1656
"ERR12861554",3589011,3590024,"10",1013
"ERR12861554",3603155,3604825,"4",1670
"ERR12861554",3604826,3605494,"5",668
"ERR12861554",3607248,3607841,"5",593
"ERR12861554",3607842,3610749,"7",2907
"ERR12861554",3610750,3611973,"5",1223
"ERR12861554",3611974,3612775,"1",801
"ERR12861554",3612776,3615921,"4",3145
"ERR12861554",3616215,3619088,"1",2873
"ERR12861554",3619089,3620990,"7",1901
"ERR12861554",3627368,3629528,"1",2160
"ERR12861554",3638542,3639848,"7",1306
"ERR12861554",3639849,3648155,"4",8306
"ERR12861554",3650455,3654124,"1",3669
"ERR12861554",3654125,3656315,"7",2190
"ERR12861554",3656316,3657152,"9",836
"ERR12861554",3657153,3658211,"4",1058
"ERR12861554",3662646,3663327,"4",681
"ERR12861554",3675318,3677634,"7",2316
"ERR12861554",3677635,3681296,"4",3661
"ERR12861554",3681297,3685897,"7",4600
"ERR12861554",3693951,3694679,"4",728
"ERR12861554",3701044,3702522,"1",1478
"ERR12861554",3702523,3703133,"4",610
"ERR12861554",3703134,3704146,"5",1012
"ERR12861554",3723713,3724897,"10",1184
"ERR12861554",3729248,3729845,"4",597
"ERR12861554",3729846,3732087,"1",2241
"ERR12861554",3736937,3737207,"4",270
"ERR12861554",3738946,3740364,"10",1418
"ERR12861554",3740365,3741461,"1",1096
"ERR12861554",3741784,3746468,"7",4684
"ERR12861554",3746469,3750545,"4",4076
"ERR12861554",3755280,3757250,"7",1970
"ERR12861554",3757251,3758612,"5",1361
"ERR12861554",3758613,3762023,"1",3410
"ERR12861554",3763676,3765735,"7",2059
"ERR12861554",3765736,3767727,"10",1991
"ERR12861554",3771971,3773888,"4",1917
"ERR12861554",3773889,3774993,"5",1104
"ERR12861554",3777697,3779128,"7",1431
"ERR12861554",3780845,3781649,"10",804
"ERR12861554",3789343,3791990,"5",2647
"ERR12861554",3791991,3794525,"4",2534
"ERR12861554",3796566,3798585,"4",2019
"ERR12861554",3802148,3803202,"8",1054
"ERR12861554",3803203,3806054,"4",2851
"ERR12861554",3808073,3808683,"7",610
"ERR12861554",3820701,3824428,"7",3727
"ERR12861554",3833274,3833840,"1",566
"ERR12861554",3833841,3838493,"4",4652
"ERR12861554",3839898,3841169,"10",1271
"ERR12861554",3843274,3844114,"10",840
"ERR12861554",3844115,3844981,"4",866
"ERR12861554",3848290,3848897,"4",607
"ERR12861554",3857074,3858464,"7",1390
"ERR12861554",3858465,3860224,"4",1759
"ERR12861554",3860693,3861364,"2",671
"ERR12861554",3861365,3867690,"10",6325
"ERR12861554",3867691,3869469,"5",1778
"ERR12861554",3869470,3870551,"4",1081
"ERR12861554",3880065,3883442,"5",3377
"ERR12861554",3886062,3888240,"1",2178
"ERR12861554",3888241,3891385,"5",3144
"ERR12861554",3900363,3903493,"4",3130
"ERR12861554",3903494,3905145,"2",1651
"ERR12861554",3906981,3908094,"5",1113
"ERR12861554",3908342,3909107,"1",765
"ERR12861554",3916126,3916567,"2",441
"ERR12861554",3916568,3919271,"4",2703
"ERR12861554",3928097,3930729,"4",2632
"ERR12861554",3930730,3931269,"7",539
"ERR12861554",3939735,3942419,"1",2684
"ERR12861554",3955250,3956066,"4",816
"ERR12861554",3957952,3960105,"10",2153
"ERR12861554",3962659,3963870,"8",1211
"ERR12861554",3963871,3966765,"4",2894
"ERR12861554",3967984,3970701,"10",2717
"ERR12861554",3975412,3976407,"4",995
"ERR12861554",3983495,3985079,"1",1584
"ERR12861554",3989315,3992157,"1",2842
"ERR12861554",3992158,3993485,"7",1327
"ERR12861554",3993486,3994984,"10",1498
"ERR12861554",3998089,4001272,"4",3183
"ERR12861554",4001273,4003172,"9",1899
"ERR12861554",4008341,4009229,"7",888
"ERR12861554",4009802,4016228,"4",6426
"ERR12861554",4016229,4017837,"5",1608
"ERR12861554",4017838,4021462,"10",3624
"ERR12861554",4021463,4023959,"4",2496
"ERR12861554",4028669,4030285,"4",1616
"ERR12861554",4033696,4034726,"9",1030
"ERR12861554",4034727,4037806,"8",3079
"ERR12861554",4040875,4041003,"9",128
"ERR12861554",4041004,4041956,"4",952
"ERR12861554",4067209,4069896,"4",2687
"ERR12861554",4072661,4073325,"4",664
"ERR12861554",4081751,4082168,"5",417
"ERR12861554",4085538,4088304,"1",2766
"ERR12861554",4088305,4089965,"9",1660
"ERR12861554",4095587,4098064,"9",2477
"ERR12861554",4105368,4108185,"8",2817
"ERR12861554",4114449,4115546,"4",1097
"ERR12861554",4144727,4188065,"1",43338
"ERR12861554",4188066,4188314,"10",248
"ERR12861633",2586060,2587049,"5",989
"ERR12861633",2587050,2587902,"10",852
"ERR12861633",3151985,3152665,"3",680
"ERR12861633",4226278,4227327,"8",1049
"ERR12861633",4227328,4229519,"7",2191
"ERR12861911",85576,86969,"6",1393
"ERR12861911",120024,125342,"4",5318
"ERR12861911",125343,128620,"5",3277
"ERR12861911",187007,188526,"4",1519
"ERR12861911",218657,222760,"4",4103
"ERR12861911",224449,230467,"4",6018
"ERR12861911",235798,236842,"4",1044
"ERR12861911",257552,259878,"6",2326
"ERR12861911",259879,268903,"4",9024
"ERR12861911",269729,275544,"4",5815
"ERR12861911",286774,287753,"6",979
"ERR12861911",294910,295446,"4",536
"ERR12861911",304553,305265,"6",712
"ERR12861911",305386,306749,"3",1363
"ERR12861911",306750,307215,"8",465
"ERR12861911",307216,307959,"5",743
"ERR12861911",371114,371777,"4",663
"ERR12861911",371778,375102,"6",3324
"ERR12861911",375103,375379,"4",276
"ERR12861911",379423,380278,"4",855
"ERR12861911",419555,420356,"2",801
"ERR12861911",423113,423970,"4",857
"ERR12861911",475463,476213,"5",750
"ERR12861911",492190,492766,"6",576
"ERR12861911",505860,509250,"1",3390
"ERR12861911",520045,520559,"6",514
"ERR12861911",543969,545326,"4",1357
"ERR12861911",608182,613593,"4",5411
"ERR12861911",622511,624590,"4",2079
"ERR12861911",652324,652973,"6",649
"ERR12861911",652974,653150,"4",176
"ERR12861911",686072,691873,"4",5801
"ERR12861911",733412,736652,"4",3240
"ERR12861911",746807,749028,"1",2221
"ERR12861911",772718,773525,"4",807
"ERR12861911",781400,782468,"4",1068
"ERR12861911",784673,785243,"3",570
"ERR12861911",809061,813550,"4",4489
"ERR12861911",813551,815547,"5",1996
"ERR12861911",815548,818176,"6",2628
"ERR12861911",830816,832141,"10",1325
"ERR12861911",839070,839948,"6",878
"ERR12861911",858823,860325,"4",1502
"ERR12861911",873881,874664,"4",783
"ERR12861911",886949,888064,"1",1115
"ERR12861911",941195,941977,"8",782
"ERR12861911",951137,952642,"3",1505
"ERR12861911",952643,954394,"6",1751
"ERR12861911",969850,970790,"10",940
"ERR12861911",977692,980372,"4",2680
"ERR12861911",991750,992385,"2",635
"ERR12861911",1020277,1022175,"4",1898
"ERR12861911",1030582,1031126,"3",544
"ERR12861911",1042077,1042894,"4",817
"ERR12861911",1054131,1055095,"4",964
"ERR12861911",1055096,1056105,"10",1009
"ERR12861911",1063407,1067583,"10",4176
"ERR12861911",1067584,1076149,"4",8565
"ERR12861911",1096265,1103401,"4",7136
"ERR12861911",1105305,1108586,"4",3281
"ERR12861911",1127455,1130113,"6",2658
"ERR12861911",1146640,1151840,"4",5200
"ERR12861911",1180671,1181519,"4",848
"ERR12861911",1191042,1192008,"4",966
"ERR12861911",1198630,1200233,"6",1603
"ERR12861911",1209346,1210115,"9",769
"ERR12861911",1220568,1222465,"9",1897
"ERR12861911",1235939,1238191,"5",2252
"ERR12861911",1290630,1294106,"4",3476
"ERR12861911",1300313,1305934,"4",5621
"ERR12861911",1305935,1306305,"10",370
"ERR12861911",1324765,1333670,"4",8905
"ERR12861911",1386851,1389564,"4",2713
"ERR12861911",1434229,1441183,"4",6954
"ERR12861911",1489482,1491548,"6",2066
"ERR12861911",1527189,1529724,"2",2535
"ERR12861911",1545893,1546643,"4",750
"ERR12861911",1548546,1549559,"10",1013
"ERR12861911",1554323,1555639,"4",1316
"ERR12861911",1558247,1560475,"4",2228
"ERR12861911",1613073,1615369,"10",2296
"ERR12861911",1621573,1622236,"3",663
"ERR12861911",1625604,1628211,"4",2607
"ERR12861911",1629387,1632864,"4",3477
"ERR12861911",1639884,1642261,"4",2377
"ERR12861911",1651281,1653524,"4",2243
"ERR12861911",1695016,1700770,"4",5754
"ERR12861911",1703508,1704729,"9",1221
"ERR12861911",1736851,1738054,"4",1203
"ERR12861911",1750056,1751448,"10",1392
"ERR12861911",1759154,1760702,"4",1548
"ERR12861911",1760703,1761174,"8",471
"ERR12861911",1761470,1763859,"6",2389
"ERR12861911",1777302,1778278,"10",976
"ERR12861911",1795232,1796118,"4",886
"ERR12861911",1803274,1804518,"4",1244
"ERR12861911",1806633,1807949,"4",1316
"ERR12861911",1827822,1828932,"4",1110
"ERR12861911",1831626,1834718,"4",3092
"ERR12861911",1841786,1842699,"1",913
"ERR12861911",1868864,1869874,"3",1010
"ERR12861911",1876556,1884936,"4",8380
"ERR12861911",1895879,1897325,"6",1446
"ERR12861911",1899397,1902665,"4",3268
"ERR12861911",1902666,1904325,"10",1659
"ERR12861911",1905619,1909641,"4",4022
"ERR12861911",1922885,1924785,"8",1900
"ERR12861911",1925259,1929338,"10",4079
"ERR12861911",1939506,1942680,"4",3174
"ERR12861911",1952116,1954354,"4",2238
"ERR12861911",1954355,1954922,"10",567
"ERR12861911",1966743,1968626,"4",1883
"ERR12861911",1972532,1979747,"4",7215
"ERR12861911",2007041,2011259,"4",4218
"ERR12861911",2022541,2023861,"4",1320
"ERR12861911",2046044,2046618,"6",574
"ERR12861911",2046619,2047848,"4",1229
"ERR12861911",2047849,2048304,"8",455
"ERR12861911",2058972,2059810,"5",838
"ERR12861911",2095934,2100498,"4",4564
"ERR12861911",2106264,2108557,"4",2293
"ERR12861911",2124009,2125444,"4",1435
"ERR12861911",2127978,2132472,"4",4494
"ERR12861911",2136590,2138200,"6",1610
"ERR12861911",2154546,2163332,"4",8786
"ERR12861911",2175688,2180654,"4",4966
"ERR12861911",2180655,2182556,"8",1901
"ERR12861911",2198457,2198886,"4",429
"ERR12861911",2221739,2224066,"4",2327
"ERR12861911",2250615,2251857,"4",1242
"ERR12861911",2254099,2262715,"4",8616
"ERR12861911",2281523,2282681,"2",1158
"ERR12861911",2298268,2299345,"10",1077
"ERR12861911",2307091,2309226,"4",2135
"ERR12861911",2309227,2310896,"6",1669
"ERR12861911",2317032,2318223,"2",1191
"ERR12861911",2319774,2320984,"6",1210
"ERR12861911",2352959,2353155,"3",196
"ERR12861911",2364033,2370001,"1",5968
"ERR12861911",2386560,2389138,"4",2578
"ERR12861911",2389139,2390305,"6",1166
"ERR12861911",2433615,2434487,"6",872
"ERR12861911",2461713,2463274,"2",1561
"ERR12861911",2496027,2497568,"4",1541
"ERR12861911",2505856,2519028,"4",13172
"ERR12861911",2529290,2531929,"6",2639
"ERR12861911",2555397,2556523,"4",1126
"ERR12861911",2570747,2571890,"6",1143
"ERR12861911",2588401,2589894,"4",1493
"ERR12861911",2595685,2596767,"4",1082
"ERR12861911",2605458,2607390,"3",1932
"ERR12861911",2607391,2610418,"1",3027
"ERR12861911",2611564,2612839,"6",1275
"ERR12861911",2612840,2614629,"4",1789
"ERR12861911",2619172,2623239,"4",4067
"ERR12861911",2623240,2624670,"6",1430
"ERR12861911",2632777,2636911,"4",4134
"ERR12861911",2642278,2653879,"4",11601
"ERR12861911",2656511,2660764,"4",4253
"ERR12861911",2664302,2665739,"3",1437
"ERR12861911",2683598,2685857,"6",2259
"ERR12861911",2685858,2688164,"10",2306
"ERR12861911",2707800,2708712,"4",912
"ERR12861911",2747353,2748220,"4",867
"ERR12861911",2764701,2766204,"3",1503
"ERR12861911",2794110,2795548,"10",1438
"ERR12861911",2835145,2835716,"1",571
"ERR12861911",2843505,2846653,"5",3148
"ERR12861911",2862923,2865466,"1",2543
"ERR12861911",2883327,2884129,"6",802
"ERR12861911",2896845,2898567,"6",1722
"ERR12861911",2904727,2911844,"4",7117
"ERR12861911",2913136,2914613,"4",1477
"ERR12861911",2922423,2923388,"10",965
"ERR12861911",2925217,2927679,"6",2462
"ERR12861911",2956663,2962180,"1",5517
"ERR12861911",2962732,2962764,"8",32
"ERR12861911",2975780,2976040,"10",260
"ERR12861911",2992640,2994877,"6",2237
"ERR12861911",3027274,3027926,"4",652
"ERR12861911",3043005,3044537,"4",1532
"ERR12861911",3104576,3108001,"6",3425
"ERR12861911",3108002,3109467,"9",1465
"ERR12861911",3116374,3118562,"4",2188
"ERR12861911",3142973,3143969,"6",996
"ERR12861911",3204619,3208362,"6",3743
"ERR12861911",3216977,3222971,"10",5994
"ERR12861911",3235429,3236021,"8",592
"ERR12861911",3247498,3249262,"10",1764
"ERR12861911",3252934,3255506,"6",2572
"ERR12861911",3272772,3275061,"4",2289
"ERR12861911",3286700,3290109,"4",3409
"ERR12861911",3293993,3303265,"4",9272
"ERR12861911",3348574,3349030,"10",456
"ERR12861911",3358856,3366925,"4",8069
"ERR12861911",3366926,3367876,"10",950
"ERR12861911",3400984,3402613,"10",1629
"ERR12861911",3407448,3408169,"8",721
"ERR12861911",3415180,3416375,"4",1195
"ERR12861911",3432773,3434287,"1",1514
"ERR12861911",3435183,3436162,"4",979
"ERR12861911",3442482,3442739,"4",257
"ERR12861911",3442740,3446491,"6",3751
"ERR12861911",3462418,3467573,"4",5155
"ERR12861911",3497362,3498422,"10",1060
"ERR12861911",3505935,3507113,"2",1178
"ERR12861911",3507114,3510188,"4",3074
"ERR12861911",3525803,3527226,"6",1423
"ERR12861911",3558088,3560608,"6",2520
"ERR12861911",3562389,3564449,"6",2060
"ERR12861911",3611247,3611813,"6",566
"ERR12861911",3625395,3627152,"8",1757
"ERR12861911",3627153,3628212,"10",1059
"ERR12861911",3642138,3642667,"10",529
"ERR12861911",3672615,3675317,"10",2702
"ERR12861911",3675318,3676899,"4",1581
"ERR12861911",3686346,3687013,"6",667
"ERR12861911",3779347,3786270,"1",6923
"ERR12861911",3786271,3788154,"10",1883
"ERR12861911",3795233,3798623,"4",3390
"ERR12861911",3798624,3800233,"6",1609
"ERR12861911",3804922,3805969,"1",1047
"ERR12861911",3831627,3832546,"9",919
"ERR12861911",3839813,3842098,"10",2285
"ERR12861911",3850097,3853937,"4",3840
"ERR12861911",3860856,3862209,"8",1353
"ERR12861911",3869923,3870726,"5",803
"ERR12861911",3871585,3872990,"6",1405
"ERR12861911",3882435,3886195,"6",3760
"ERR12861911",3886196,3888240,"8",2044
"ERR12861911",3888241,3890625,"1",2384
"ERR12861911",3923052,3924122,"6",1070
"ERR12861911",3932985,3936092,"4",3107
"ERR12861911",3975283,3977985,"4",2702
"ERR12861911",4011707,4012944,"4",1237
"ERR12861911",4046348,4050202,"1",3854
"ERR12861911",4052568,4053309,"8",741
"ERR12861911",4068568,4069896,"2",1328
"ERR12861911",4085820,4087811,"1",1991
"ERR12861911",4117229,4118589,"4",1360
"ERR12861911",4224324,4234560,"4",10236
"ERR12861911",4239923,4242643,"2",2720
"ERR12861843",36893,38769,"5",1876
"ERR12861843",39542,41117,"6",1575
"ERR12861843",41118,41569,"5",451
"ERR12861843",44631,51182,"5",6551
"ERR12861843",102239,102529,"4",290
"ERR12861843",109606,110520,"4",914
"ERR12861843",112458,114221,"1",1763
"ERR12861843",173675,174260,"6",585
"ERR12861843",174993,176507,"5",1514
"ERR12861843",180205,180874,"6",669
"ERR12861843",247445,249245,"4",1800
"ERR12861843",263051,263804,"5",753
"ERR12861843",277025,277190,"9",165
"ERR12861843",288116,289542,"5",1426
"ERR12861843",289543,290293,"4",750
"ERR12861843",299776,301020,"2",1244
"ERR12861843",307960,309845,"5",1885
"ERR12861843",313921,314674,"2",753
"ERR12861843",322170,323015,"5",845
"ERR12861843",340898,341183,"5",285
"ERR12861843",341184,341491,"6",307
"ERR12861843",347264,348263,"6",999
"ERR12861843",376986,378085,"5",1099
"ERR12861843",384388,385928,"5",1540
"ERR12861843",385929,387182,"2",1253
"ERR12861843",406653,407490,"6",837
"ERR12861843",413975,414813,"6",838
"ERR12861843",414814,415697,"5",883
"ERR12861843",430551,432110,"5",1559
"ERR12861843",437159,440337,"5",3178
"ERR12861843",443790,444709,"4",919
"ERR12861843",448930,450241,"5",1311
"ERR12861843",452499,453031,"5",532
"ERR12861843",458877,460504,"5",1627
"ERR12861843",465425,467398,"4",1973
"ERR12861843",472189,472795,"7",606
"ERR12861843",472796,473240,"4",444
"ERR12861843",480601,481345,"6",744
"ERR12861843",488295,489118,"6",823
"ERR12861843",494478,495305,"5",827
"ERR12861843",506890,508041,"6",1151
"ERR12861843",518592,519560,"5",968
"ERR12861843",521078,524140,"5",3062
"ERR12861843",524141,525586,"2",1445
"ERR12861843",526751,526960,"2",209
"ERR12861843",537040,538099,"6",1059
"ERR12861843",553256,554415,"5",1159
"ERR12861843",575215,576342,"5",1127
"ERR12861843",591727,592177,"5",450
"ERR12861843",616321,616780,"5",459
"ERR12861843",616781,616948,"4",167
"ERR12861843",694763,695702,"5",939
"ERR12861843",709804,711028,"5",1224
"ERR12861843",721161,722040,"6",879
"ERR12861843",722041,723027,"4",986
"ERR12861843",729804,730741,"6",937
"ERR12861843",757976,758651,"2",675
"ERR12861843",758652,760119,"6",1467
"ERR12861843",760120,761143,"5",1023
"ERR12861843",768628,772662,"6",4034
"ERR12861843",775441,776119,"4",678
"ERR12861843",782536,783116,"5",580
"ERR12861843",826067,828067,"5",2000
"ERR12861843",829414,830640,"5",1226
"ERR12861843",830641,831471,"8",830
"ERR12861843",831472,831683,"2",211
"ERR12861843",850955,853281,"5",2326
"ERR12861843",879215,880181,"5",966
"ERR12861843",927934,929188,"3",1254
"ERR12861843",944917,945462,"6",545
"ERR12861843",963992,964734,"4",742
"ERR12861843",971716,972637,"4",921
"ERR12861843",972638,975225,"5",2587
"ERR12861843",975226,976002,"4",776
"ERR12861843",978685,979550,"5",865
"ERR12861843",984379,986253,"4",1874
"ERR12861843",1109274,1110043,"6",769
"ERR12861843",1125608,1126387,"6",779
"ERR12861843",1148452,1149498,"6",1046
"ERR12861843",1149499,1150485,"7",986
"ERR12861843",1154887,1156233,"2",1346
"ERR12861843",1168438,1169889,"1",1451
"ERR12861843",1169890,1173308,"6",3418
"ERR12861843",1192089,1192370,"4",281
"ERR12861843",1226154,1226501,"5",347
"ERR12861843",1255041,1256265,"5",1224
"ERR12861843",1287504,1288875,"4",1371
"ERR12861843",1288876,1289613,"5",737
"ERR12861843",1296076,1296201,"2",125
"ERR12861843",1318561,1319668,"5",1107
"ERR12861843",1334595,1335047,"6",452
"ERR12861843",1340688,1345962,"6",5274
"ERR12861843",1345963,1346868,"9",905
"ERR12861843",1359674,1361584,"6",1910
"ERR12861843",1363902,1364323,"2",421
"ERR12861843",1364324,1365595,"5",1271
"ERR12861843",1379900,1381321,"5",1421
"ERR12861843",1381322,1382049,"6",727
"ERR12861843",1408648,1409995,"5",1347
"ERR12861843",1415978,1418922,"5",2944
"ERR12861843",1420497,1421452,"5",955
"ERR12861843",1435857,1436850,"5",993
"ERR12861843",1476703,1477672,"2",969
"ERR12861843",1477673,1480568,"5",2895
"ERR12861843",1481264,1481876,"5",612
"ERR12861843",1507571,1508093,"7",522
"ERR12861843",1518813,1519072,"5",259
"ERR12861843",1519276,1523379,"5",4103
"ERR12861843",1543017,1545296,"5",2279
"ERR12861843",1559765,1560475,"6",710
"ERR12861843",1628111,1628570,"3",459
"ERR12861843",1628571,1629386,"5",815
"ERR12861843",1636012,1636167,"8",155
"ERR12861843",1636168,1637754,"6",1586
"ERR12861843",1645860,1646866,"2",1006
"ERR12861843",1653464,1653855,"4",391
"ERR12861843",1653856,1654685,"2",829
"ERR12861843",1740813,1746670,"5",5857
"ERR12861843",1753041,1754568,"5",1527
"ERR12861843",1760703,1761555,"6",852
"ERR12861843",1768965,1772813,"5",3848
"ERR12861843",1774955,1775950,"5",995
"ERR12861843",1795085,1795972,"6",887
"ERR12861843",1822449,1823028,"5",579
"ERR12861843",1823029,1824824,"7",1795
"ERR12861843",1824825,1826328,"9",1503
"ERR12861843",1841818,1844662,"5",2844
"ERR12861843",1846617,1847921,"5",1304
"ERR12861843",1861629,1862266,"5",637
"ERR12861843",1865215,1866946,"5",1731
"ERR12861843",1866947,1867218,"7",271
"ERR12861843",1869002,1869782,"5",780
"ERR12861843",1869783,1871020,"2",1237
"ERR12861843",1877248,1877908,"5",660
"ERR12861843",1893905,1895065,"4",1160
"ERR12861843",1936618,1938953,"4",2335
"ERR12861843",1952387,1953031,"6",644
"ERR12861843",1954980,1955515,"2",535
"ERR12861843",1963318,1964048,"6",730
"ERR12861843",1967141,1968355,"6",1214
"ERR12861843",1989402,1994510,"6",5108
"ERR12861843",2012803,2013189,"5",386
"ERR12861843",2013190,2013943,"9",753
"ERR12861843",2015168,2015965,"5",797
"ERR12861843",2027502,2028564,"2",1062
"ERR12861843",2032324,2033567,"7",1243
"ERR12861843",2039840,2040852,"5",1012
"ERR12861843",2049722,2051297,"5",1575
"ERR12861843",2065933,2066603,"6",670
"ERR12861843",2073549,2075485,"6",1936
"ERR12861843",2075486,2076624,"4",1138
"ERR12861843",2097494,2098341,"5",847
"ERR12861843",2215950,2217815,"5",1865
"ERR12861843",2234179,2235592,"5",1413
"ERR12861843",2243870,2244370,"5",500
"ERR12861843",2257298,2258507,"4",1209
"ERR12861843",2268313,2269669,"6",1356
"ERR12861843",2276457,2278126,"6",1669
"ERR12861843",2289664,2294558,"4",4894
"ERR12861843",2299802,2302902,"5",3100
"ERR12861843",2318652,2319900,"5",1248
"ERR12861843",2319901,2320984,"7",1083
"ERR12861843",2328395,2329422,"1",1027
"ERR12861843",2330942,2331932,"5",990
"ERR12861843",2331933,2333714,"4",1781
"ERR12861843",2342578,2343789,"5",1211
"ERR12861843",2346919,2347701,"2",782
"ERR12861843",2360582,2361555,"2",973
"ERR12861843",2372174,2372875,"6",701
"ERR12861843",2380123,2381185,"5",1062
"ERR12861843",2381186,2382874,"2",1688
"ERR12861843",2458987,2462028,"9",3041
"ERR12861843",2462029,2464083,"5",2054
"ERR12861843",2468523,2470312,"5",1789
"ERR12861843",2481646,2482329,"5",683
"ERR12861843",2490772,2492262,"5",1490
"ERR12861843",2512789,2515272,"7",2483
"ERR12861843",2515273,2517826,"5",2553
"ERR12861843",2522547,2525094,"2",2547
"ERR12861843",2538181,2539268,"6",1087
"ERR12861843",2562984,2563859,"5",875
"ERR12861843",2568049,2568942,"6",893
"ERR12861843",2603262,2603716,"5",454
"ERR12861843",2627584,2628265,"1",681
"ERR12861843",2630388,2632596,"5",2208
"ERR12861843",2664485,2665970,"6",1485
"ERR12861843",2689573,2690736,"5",1163
"ERR12861843",2693019,2693891,"5",872
"ERR12861843",2730483,2731792,"5",1309
"ERR12861843",2731793,2732306,"8",513
"ERR12861843",2749432,2753001,"5",3569
"ERR12861843",2765198,2766718,"6",1520
"ERR12861843",2783516,2784602,"4",1086
"ERR12861843",2798497,2799861,"5",1364
"ERR12861843",2820517,2821989,"5",1472
"ERR12861843",2827045,2828730,"5",1685
"ERR12861843",2848480,2850078,"5",1598
"ERR12861843",2870947,2872429,"1",1482
"ERR12861843",2872430,2874003,"2",1573
"ERR12861843",2884130,2884628,"8",498
"ERR12861843",2948202,2949351,"4",1149
"ERR12861843",2949352,2953579,"5",4227
"ERR12861843",2953580,2956662,"6",3082
"ERR12861843",2956663,2957457,"2",794
"ERR12861843",2964229,2965329,"5",1100
"ERR12861843",2973881,2976705,"3",2824
"ERR12861843",3026066,3026872,"4",806
"ERR12861843",3065713,3068916,"1",3203
"ERR12861843",3114322,3116110,"6",1788
"ERR12861843",3171265,3174950,"5",3685
"ERR12861843",3175179,3176728,"3",1549
"ERR12861843",3180684,3181969,"6",1285
"ERR12861843",3227881,3228512,"6",631
"ERR12861843",3269750,3269831,"6",81
"ERR12861843",3335892,3337012,"4",1120
"ERR12861843",3352488,3355441,"5",2953
"ERR12861843",3363293,3364221,"2",928
"ERR12861843",3421015,3422047,"2",1032
"ERR12861843",3432803,3434951,"1",2148
"ERR12861843",3442760,3444007,"6",1247
"ERR12861843",3450600,3453097,"6",2497
"ERR12861843",3479829,3480632,"5",803
"ERR12861843",3511982,3513582,"5",1600
"ERR12861843",3513583,3514809,"7",1226
"ERR12861843",3529320,3532578,"5",3258
"ERR12861843",3536112,3539016,"5",2904
"ERR12861843",3580535,3581767,"5",1232
"ERR12861843",3613148,3614338,"5",1190
"ERR12861843",3631557,3634850,"6",3293
"ERR12861843",3644332,3645019,"4",687
"ERR12861843",3649799,3651386,"5",1587
"ERR12861843",3664965,3666390,"2",1425
"ERR12861843",3666391,3668183,"4",1792
"ERR12861843",3675318,3676763,"6",1445
"ERR12861843",3679989,3680641,"4",652
"ERR12861843",3690048,3690783,"5",735
"ERR12861843",3695738,3698159,"7",2421
"ERR12861843",3700788,3702173,"5",1385
"ERR12861843",3744200,3745491,"6",1291
"ERR12861843",3792268,3792454,"4",186
"ERR12861843",3792455,3792885,"5",430
"ERR12861843",3795332,3795658,"6",326
"ERR12861843",3803949,3804781,"6",832
"ERR12861843",3813912,3816387,"5",2475
"ERR12861843",3847139,3847903,"4",764
"ERR12861843",3883443,3884522,"5",1079
"ERR12861843",3894341,3895281,"9",940
"ERR12861843",3915734,3917873,"3",2139
"ERR12861843",3938607,3939400,"4",793
"ERR12861843",3951392,3953323,"5",1931
"ERR12861843",3957989,3958978,"5",989
"ERR12861843",3989476,3991777,"4",2301
"ERR12861843",4008704,4009059,"7",355
"ERR12861843",4013251,4015204,"1",1953
"ERR12861843",4021788,4021913,"7",125
"ERR12861843",4021914,4024015,"4",2101
"ERR12861843",4024092,4026806,"6",2714
"ERR12861843",4060737,4061422,"4",685
"ERR12861843",4076789,4077912,"5",1123
"ERR12861843",4100451,4103889,"6",3438
"ERR12861843",4103890,4105199,"4",1309
"ERR12861843",4114887,4115478,"4",591
"ERR12861843",4118985,4120068,"4",1083
"ERR12861843",4124262,4124348,"4",86
"ERR12861843",4129590,4133748,"4",4158
"DRR286192",3196,4113,"1",917
"DRR286192",8600,14332,"3",5732
"DRR286192",69120,73608,"10",4488
"DRR286192",87499,89243,"10",1744
"DRR286192",93287,93709,"3",422
"DRR286192",115989,116282,"3",293
"DRR286192",137406,138712,"3",1306
"DRR286192",146430,151156,"7",4726
"DRR286192",154487,156442,"5",1955
"DRR286192",162625,163915,"10",1290
"DRR286192",185377,190329,"3",4952
"DRR286192",195714,196483,"6",769
"DRR286192",202745,206548,"7",3803
"DRR286192",217839,220135,"10",2296
"DRR286192",221729,224529,"1",2800
"DRR286192",242908,244074,"1",1166
"DRR286192",244075,245818,"6",1743
"DRR286192",250076,250264,"10",188
"DRR286192",250265,254695,"3",4430
"DRR286192",254696,259516,"9",4820
"DRR286192",261085,262943,"3",1858
"DRR286192",264845,267957,"7",3112
"DRR286192",272843,275600,"3",2757
"DRR286192",277767,279983,"1",2216
"DRR286192",302349,304059,"5",1710
"DRR286192",304060,305265,"2",1205
"DRR286192",307086,308538,"5",1452
"DRR286192",309949,311712,"9",1763
"DRR286192",314788,315572,"3",784
"DRR286192",315784,317736,"1",1952
"DRR286192",320706,321685,"3",979
"DRR286192",321686,321845,"4",159
"DRR286192",321846,326382,"10",4536
"DRR286192",339544,340428,"6",884
"DRR286192",344156,345261,"10",1105
"DRR286192",353498,355532,"3",2034
"DRR286192",356869,359164,"9",2295
"DRR286192",360892,366557,"9",5665
"DRR286192",379474,383016,"10",3542
"DRR286192",383017,384427,"9",1410
"DRR286192",397528,403880,"9",6352
"DRR286192",403881,404738,"4",857
"DRR286192",417070,417323,"6",253
"DRR286192",417975,420356,"10",2381
"DRR286192",420357,421279,"3",922
"DRR286192",462464,463135,"4",671
"DRR286192",474475,483566,"9",9091
"DRR286192",484255,485145,"9",890
"DRR286192",486752,487073,"7",321
"DRR286192",512464,514695,"4",2231
"DRR286192",517264,522856,"1",5592
"DRR286192",522857,526125,"6",3268
"DRR286192",535224,536949,"3",1725
"DRR286192",545831,548513,"1",2682
"DRR286192",548514,549299,"3",785
"DRR286192",549300,550212,"6",912
"DRR286192",559429,559824,"5",395
"DRR286192",560212,561453,"3",1241
"DRR286192",561454,573487,"9",12033
"DRR286192",573488,574698,"6",1210
"DRR286192",597602,599101,"1",1499
"DRR286192",608482,609155,"5",673
"DRR286192",619013,621412,"3",2399
"DRR286192",644840,645966,"7",1126
"DRR286192",651841,653150,"10",1309
"DRR286192",663348,665591,"1",2243
"DRR286192",667154,669112,"9",1958
"DRR286192",669113,671372,"1",2259
"DRR286192",675689,676637,"3",948
"DRR286192",678044,678440,"7",396
"DRR286192",680277,681943,"5",1666
"DRR286192",687371,688997,"10",1626
"DRR286192",692086,694230,"3",2144
"DRR286192",695802,696247,"3",445
"DRR286192",700691,701742,"3",1051
"DRR286192",724194,725253,"3",1059
"DRR286192",727801,729269,"4",1468
"DRR286192",731441,733411,"7",1970
"DRR286192",747905,753124,"3",5219
"DRR286192",753125,756215,"9",3090
"DRR286192",763400,765416,"10",2016
"DRR286192",775161,776434,"3",1273
"DRR286192",781246,782919,"9",1673
"DRR286192",782920,784509,"1",1589
"DRR286192",803913,806714,"9",2801
"DRR286192",813722,814259,"3",537
"DRR286192",832908,835070,"10",2162
"DRR286192",838848,842640,"3",3792
"DRR286192",842641,843051,"10",410
"DRR286192",843052,843916,"7",864
"DRR286192",860395,861561,"10",1166
"DRR286192",882483,883435,"3",952
"DRR286192",891398,891952,"9",554
"DRR286192",902677,908936,"5",6259
"DRR286192",908937,910050,"10",1113
"DRR286192",915352,916887,"10",1535
"DRR286192",919463,921693,"10",2230
"DRR286192",943083,950073,"1",6990
"DRR286192",956356,958256,"3",1900
"DRR286192",965326,969782,"1",4456
"DRR286192",971034,972348,"1",1314
"DRR286192",974099,977595,"1",3496
"DRR286192",986296,990621,"3",4325
"DRR286192",996906,999229,"4",2323
"DRR286192",1004046,1004958,"3",912
"DRR286192",1004959,1005956,"9",997
"DRR286192",1005957,1007318,"3",1361
"DRR286192",1021548,1022946,"10",1398
"DRR286192",1040501,1041956,"10",1455
"DRR286192",1041957,1043236,"4",1279
"DRR286192",1056250,1057190,"6",940
"DRR286192",1060745,1063927,"10",3182
"DRR286192",1068189,1071458,"9",3269
"DRR286192",1079972,1080396,"3",424
"DRR286192",1080397,1081606,"10",1209
"DRR286192",1081607,1083865,"3",2258
"DRR286192",1120415,1121071,"5",656
"DRR286192",1122818,1125550,"10",2732
"DRR286192",1130114,1131975,"1",1861
"DRR286192",1149603,1150485,"3",882
"DRR286192",1157417,1158338,"1",921
"DRR286192",1163975,1165582,"3",1607
"DRR286192",1179146,1180260,"3",1114
"DRR286192",1184498,1187256,"9",2758
"DRR286192",1208098,1213939,"3",5841
"DRR286192",1222466,1223585,"4",1119
"DRR286192",1223586,1225195,"5",1609
"DRR286192",1239576,1243712,"9",4136
"DRR286192",1247164,1249495,"9",2331
"DRR286192",1249496,1252343,"10",2847
"DRR286192",1257127,1258929,"3",1802
"DRR286192",1258930,1259648,"9",718
"DRR286192",1263363,1265069,"9",1706
"DRR286192",1266566,1267101,"7",535
"DRR286192",1278993,1280844,"3",1851
"DRR286192",1280845,1282713,"10",1868
"DRR286192",1283401,1284207,"1",806
"DRR286192",1284208,1285633,"9",1425
"DRR286192",1287200,1288938,"3",1738
"DRR286192",1288939,1292815,"9",3876
"DRR286192",1299551,1300214,"3",663
"DRR286192",1300215,1301395,"1",1180
"DRR286192",1301396,1302543,"4",1147
"DRR286192",1306020,1307331,"3",1311
"DRR286192",1307332,1309979,"6",2647
"DRR286192",1331709,1333533,"4",1824
"DRR286192",1333590,1334480,"7",890
"DRR286192",1334481,1336460,"1",1979
"DRR286192",1347170,1348462,"3",1292
"DRR286192",1355521,1358891,"9",3370
"DRR286192",1358892,1359782,"3",890
"DRR286192",1365415,1366419,"6",1004
"DRR286192",1372891,1375933,"10",3042
"DRR286192",1377026,1381282,"10",4256
"DRR286192",1386569,1388301,"6",1732
"DRR286192",1390354,1393877,"1",3523
"DRR286192",1395674,1400756,"9",5082
"DRR286192",1406566,1407015,"7",449
"DRR286192",1407016,1411599,"9",4583
"DRR286192",1427027,1430351,"1",3324
"DRR286192",1430352,1431677,"5",1325
"DRR286192",1438447,1441267,"3",2820
"DRR286192",1463674,1466595,"10",2921
"DRR286192",1476276,1477223,"9",947
"DRR286192",1488390,1489481,"4",1091
"DRR286192",1495264,1502617,"1",7353
"DRR286192",1503789,1504971,"9",1182
"DRR286192",1522659,1527965,"9",5306
"DRR286192",1527966,1529566,"2",1600
"DRR286192",1529567,1531616,"9",2049
"DRR286192",1531617,1534334,"3",2717
"DRR286192",1543052,1544150,"1",1098
"DRR286192",1549560,1553709,"3",4149
"DRR286192",1553710,1554298,"1",588
"DRR286192",1559857,1561287,"1",1430
"DRR286192",1584901,1586946,"6",2045
"DRR286192",1587077,1589918,"10",2841
"DRR286192",1589919,1592867,"3",2948
"DRR286192",1598202,1603898,"1",5696
"DRR286192",1614222,1615734,"9",1512
"DRR286192",1615735,1616851,"4",1116
"DRR286192",1642591,1644552,"9",1961
"DRR286192",1647420,1648509,"3",1089
"DRR286192",1652326,1652941,"3",615
"DRR286192",1652942,1653655,"5",713
"DRR286192",1653793,1654335,"10",542
"DRR286192",1658866,1659613,"3",747
"DRR286192",1673540,1677680,"9",4140
"DRR286192",1682850,1686794,"4",3944
"DRR286192",1721527,1722911,"6",1384
"DRR286192",1726775,1728209,"7",1434
"DRR286192",1728210,1729519,"3",1309
"DRR286192",1729520,1731415,"4",1895
"DRR286192",1731416,1732663,"7",1247
"DRR286192",1734121,1735941,"1",1820
"DRR286192",1735942,1739133,"10",3191
"DRR286192",1739134,1739980,"1",846
"DRR286192",1752088,1752793,"4",705
"DRR286192",1760525,1769191,"1",8666
"DRR286192",1779342,1783280,"3",3938
"DRR286192",1791056,1793926,"7",2870
"DRR286192",1795028,1797240,"10",2212
"DRR286192",1801401,1802111,"9",710
"DRR286192",1805533,1806632,"7",1099
"DRR286192",1811501,1816984,"9",5483
"DRR286192",1831381,1838930,"3",7549
"DRR286192",1838931,1843974,"1",5043
"DRR286192",1862732,1863741,"10",1009
"DRR286192",1863742,1864922,"6",1180
"DRR286192",1870103,1871283,"3",1180
"DRR286192",1875925,1878209,"3",2284
"DRR286192",1878210,1880856,"9",2646
"DRR286192",1904433,1911762,"9",7329
"DRR286192",1911763,1914511,"10",2748
"DRR286192",1914512,1918116,"3",3604
"DRR286192",1935905,1936899,"2",994
"DRR286192",1944732,1946366,"10",1634
"DRR286192",1946367,1947923,"3",1556
"DRR286192",1947924,1952308,"10",4384
"DRR286192",1952309,1955971,"3",3662
"DRR286192",1955972,1958212,"6",2240
"DRR286192",1969264,1970462,"5",1198
"DRR286192",1975594,1976736,"3",1142
"DRR286192",1987034,1988820,"1",1786
"DRR286192",1988821,1990585,"10",1764
"DRR286192",2001024,2004222,"6",3198
"DRR286192",2004223,2004877,"3",654
"DRR286192",2012314,2014723,"3",2409
"DRR286192",2016054,2017231,"3",1177
"DRR286192",2019976,2021326,"7",1350
"DRR286192",2023966,2026208,"9",2242
"DRR286192",2027367,2028564,"6",1197
"DRR286192",2028565,2031001,"10",2436
"DRR286192",2043548,2044955,"7",1407
"DRR286192",2046295,2049721,"3",3426
"DRR286192",2088129,2089056,"3",927
"DRR286192",2109032,2110537,"4",1505
"DRR286192",2114208,2115821,"7",1613
"DRR286192",2126632,2127687,"3",1055
"DRR286192",2127688,2131255,"6",3567
"DRR286192",2134275,2136308,"7",2033
"DRR286192",2136309,2138621,"6",2312
"DRR286192",2151249,2152623,"9",1374
"DRR286192",2152624,2159130,"10",6506
"DRR286192",2170832,2173541,"4",2709
"DRR286192",2173542,2177365,"5",3823
"DRR286192",2177366,2178464,"3",1098
"DRR286192",2182757,2184885,"2",2128
"DRR286192",2230760,2233004,"1",2244
"DRR286192",2236181,2240440,"3",4259
"DRR286192",2243926,2244606,"3",680
"DRR286192",2255214,2256743,"3",1529
"DRR286192",2256744,2257794,"5",1050
"DRR286192",2276826,2277723,"9",897
"DRR286192",2277724,2279056,"2",1332
"DRR286192",2285982,2289470,"10",3488
"DRR286192",2301930,2303801,"1",1871
"DRR286192",2303802,2305057,"6",1255
"DRR286192",2311119,2311694,"1",575
"DRR286192",2316882,2318223,"6",1341
"DRR286192",2325245,2326233,"3",988
"DRR286192",2335536,2336252,"3",716
"DRR286192",2360582,2364205,"10",3623
"DRR286192",2375186,2376741,"3",1555
"DRR286192",2383870,2384439,"4",569
"DRR286192",2388954,2390002,"4",1048
"DRR286192",2410226,2412433,"10",2207
"DRR286192",2413736,2415113,"2",1377
"DRR286192",2415759,2416984,"4",1225
"DRR286192",2421338,2430238,"9",8900
"DRR286192",2430239,2431821,"3",1582
"DRR286192",2432447,2433272,"3",825
"DRR286192",2454548,2454940,"10",392
"DRR286192",2461713,2464370,"1",2657
"DRR286192",2464371,2465071,"3",700
"DRR286192",2479811,2481475,"6",1664
"DRR286192",2481476,2482455,"3",979
"DRR286192",2482456,2483438,"4",982
"DRR286192",2494178,2495129,"10",951
"DRR286192",2495130,2495905,"7",775
"DRR286192",2497171,2499467,"10",2296
"DRR286192",2500490,2503598,"1",3108
"DRR286192",2518754,2520306,"2",1552
"DRR286192",2525227,2526678,"1",1451
"DRR286192",2526679,2527585,"6",906
"DRR286192",2537707,2539236,"4",1529
"DRR286192",2548403,2551126,"9",2723
"DRR286192",2557919,2563253,"9",5334
"DRR286192",2563949,2570003,"1",6054
"DRR286192",2577850,2579911,"3",2061
"DRR286192",2595621,2598367,"7",2746
"DRR286192",2598368,2600473,"9",2105
"DRR286192",2613550,2617803,"7",4253
"DRR286192",2627321,2633079,"1",5758
"DRR286192",2636202,2641843,"7",5641
"DRR286192",2644888,2652197,"9",7309
"DRR286192",2658234,2661489,"3",3255
"DRR286192",2661490,2662675,"5",1185
"DRR286192",2671223,2673862,"5",2639
"DRR286192",2673863,2676308,"1",2445
"DRR286192",2676309,2680084,"7",3775
"DRR286192",2690627,2696053,"7",5426
"DRR286192",2696054,2698180,"3",2126
"DRR286192",2708599,2711726,"3",3127
"DRR286192",2721711,2724064,"9",2353
"DRR286192",2730165,2735337,"1",5172
"DRR286192",2738417,2740290,"3",1873
"DRR286192",2752628,2753781,"2",1153
"DRR286192",2756677,2758945,"4",2268
"DRR286192",2758946,2764645,"9",5699
"DRR286192",2764646,2766291,"1",1645
"DRR286192",2779523,2783374,"4",3851
"DRR286192",2795853,2796685,"4",832
"DRR286192",2796686,2798496,"5",1810
"DRR286192",2803961,2807212,"10",3251
"DRR286192",2817413,2818925,"3",1512
"DRR286192",2827254,2830559,"3",3305
"DRR286192",2831828,2833232,"9",1404
"DRR286192",2837014,2840083,"3",3069
"DRR286192",2841424,2843130,"7",1706
"DRR286192",2843131,2844354,"3",1223
"DRR286192",2844355,2845691,"4",1336
"DRR286192",2853000,2854327,"3",1327
"DRR286192",2857247,2858264,"6",1017
"DRR286192",2897668,2898794,"6",1126
"DRR286192",2905735,2911617,"10",5882
"DRR286192",2913092,2913526,"3",434
"DRR286192",2915177,2917473,"4",2296
"DRR286192",2923902,2928311,"3",4409
"DRR286192",2928312,2929881,"10",1569
"DRR286192",2929882,2932305,"5",2423
"DRR286192",2932306,2933721,"10",1415
"DRR286192",2934770,2937085,"6",2315
"DRR286192",2937086,2938650,"1",1564
"DRR286192",2949301,2950552,"3",1251
"DRR286192",2957965,2961230,"10",3265
"DRR286192",2962840,2964027,"7",1187
"DRR286192",2968590,2971387,"5",2797
"DRR286192",2982551,2985111,"9",2560
"DRR286192",2992478,2997846,"9",5368
"DRR286192",2997847,3000165,"10",2318
"DRR286192",3002462,3005558,"3",3096
"DRR286192",3005559,3009906,"2",4347
"DRR286192",3009907,3010890,"1",983
"DRR286192",3015045,3016353,"3",1308
"DRR286192",3020288,3025778,"3",5490
"DRR286192",3034257,3035389,"1",1132
"DRR286192",3035390,3037463,"3",2073
"DRR286192",3044653,3047642,"6",2989
"DRR286192",3059290,3063684,"4",4394
"DRR286192",3063685,3065111,"2",1426
"DRR286192",3073194,3074171,"9",977
"DRR286192",3099677,3101391,"6",1714
"DRR286192",3120782,3124289,"7",3507
"DRR286192",3145132,3146624,"3",1492
"DRR286192",3152666,3153986,"6",1320
"DRR286192",3155620,3157611,"4",1991
"DRR286192",3157612,3159372,"1",1760
"DRR286192",3166296,3166809,"6",513
"DRR286192",3168244,3169997,"4",1753
"DRR286192",3170461,3171578,"1",1117
"DRR286192",3172934,3174333,"1",1399
"DRR286192",3179295,3182758,"1",3463
"DRR286192",3187170,3190204,"1",3034
"DRR286192",3197716,3198914,"3",1198
"DRR286192",3206118,3206763,"3",645
"DRR286192",3212606,3213763,"1",1157
"DRR286192",3222972,3224726,"10",1754
"DRR286192",3235304,3235696,"2",392
"DRR286192",3252176,3254467,"3",2291
"DRR286192",3256456,3260111,"10",3655
"DRR286192",3260851,3262746,"5",1895
"DRR286192",3262747,3265206,"3",2459
"DRR286192",3306962,3307600,"5",638
"DRR286192",3320058,3323260,"4",3202
"DRR286192",3323895,3326406,"2",2511
"DRR286192",3326407,3330360,"6",3953
"DRR286192",3338582,3340873,"10",2291
"DRR286192",3342111,3345055,"4",2944
"DRR286192",3345056,3349157,"3",4101
"DRR286192",3356525,3358215,"3",1690
"DRR286192",3359633,3361556,"4",1923
"DRR286192",3364319,3369393,"3",5074
"DRR286192",3375309,3385629,"10",10320
"DRR286192",3395637,3396747,"9",1110
"DRR286192",3407850,3413444,"7",5594
"DRR286192",3413445,3419368,"3",5923
"DRR286192",3428562,3429159,"6",597
"DRR286192",3431325,3436193,"9",4868
"DRR286192",3436194,3439935,"3",3741
"DRR286192",3441233,3442551,"3",1318
"DRR286192",3445596,3447682,"10",2086
"DRR286192",3454091,3456036,"10",1945
"DRR286192",3457847,3460024,"3",2177
"DRR286192",3462290,3463364,"3",1074
"DRR286192",3464480,3464691,"7",211
"DRR286192",3466330,3469308,"9",2978
"DRR286192",3473380,3475359,"9",1979
"DRR286192",3475360,3480326,"4",4966
"DRR286192",3480633,3481460,"3",827
"DRR286192",3523923,3525014,"3",1091
"DRR286192",3533278,3537004,"1",3726
"DRR286192",3547113,3549271,"6",2158
"DRR286192",3554979,3556132,"3",1153
"DRR286192",3564115,3567518,"1",3403
"DRR286192",3578470,3579483,"9",1013
"DRR286192",3579484,3581795,"10",2311
"DRR286192",3581796,3583008,"7",1212
"DRR286192",3583009,3589231,"9",6222
"DRR286192",3591873,3603560,"3",11687
"DRR286192",3610611,3612172,"3",1561
"DRR286192",3622423,3628673,"6",6250
"DRR286192",3636984,3637806,"4",822
"DRR286192",3638620,3639848,"7",1228
"DRR286192",3648733,3652145,"3",3412
"DRR286192",3656773,3657470,"10",697
"DRR286192",3657471,3658812,"3",1341
"DRR286192",3662935,3664964,"7",2029
"DRR286192",3664965,3666505,"1",1540
"DRR286192",3669285,3670151,"3",866
"DRR286192",3674134,3677680,"10",3546
"DRR286192",3680800,3681296,"9",496
"DRR286192",3685898,3688936,"6",3038
"DRR286192",3698160,3705449,"9",7289
"DRR286192",3712788,3722453,"4",9665
"DRR286192",3732215,3734146,"3",1931
"DRR286192",3736552,3741007,"10",4455
"DRR286192",3744183,3746566,"3",2383
"DRR286192",3746567,3746736,"9",169
"DRR286192",3746737,3748955,"4",2218
"DRR286192",3748956,3753073,"1",4117
"DRR286192",3759458,3763549,"10",4091
"DRR286192",3772727,3773888,"5",1161
"DRR286192",3777577,3778405,"1",828
"DRR286192",3778406,3779346,"9",940
"DRR286192",3809849,3812678,"3",2829
"DRR286192",3813757,3817713,"6",3956
"DRR286192",3825111,3827786,"9",2675
"DRR286192",3834575,3836918,"3",2343
"DRR286192",3839013,3843161,"6",4148
"DRR286192",3848081,3850508,"3",2427
"DRR286192",3860856,3864079,"2",3223
"DRR286192",3867726,3868294,"6",568
"DRR286192",3868295,3872214,"9",3919
"DRR286192",3872215,3873628,"7",1413
"DRR286192",3881093,3887019,"1",5926
"DRR286192",3887020,3888404,"10",1384
"DRR286192",3898827,3900233,"1",1406
"DRR286192",3900234,3904935,"9",4701
"DRR286192",3914184,3915350,"3",1166
"DRR286192",3915351,3920232,"9",4881
"DRR286192",3921506,3924394,"10",2888
"DRR286192",3924395,3925675,"4",1280
"DRR286192",3925676,3927156,"10",1480
"DRR286192",3931724,3934100,"10",2376
"DRR286192",3934101,3936374,"3",2273
"DRR286192",3953538,3954817,"6",1279
"DRR286192",3959735,3961626,"7",1891
"DRR286192",3969914,3970402,"4",488
"DRR286192",3980757,3980984,"7",227
"DRR286192",4016978,4017918,"9",940
"DRR286192",4051151,4051686,"4",535
"DRR286192",4052520,4054005,"9",1485
"DRR286192",4056222,4056534,"4",312
"DRR286192",4059642,4061601,"10",1959
"DRR286192",4070726,4072630,"5",1904
"DRR286192",4072631,4073474,"4",843
"DRR286192",4073475,4077779,"10",4304
"DRR286192",4077882,4078921,"5",1039
"DRR286192",4108355,4114363,"6",6008
"DRR286192",4114364,4118487,"10",4123
"DRR286192",4118488,4118933,"9",445
"DRR286192",4127932,4131273,"6",3341
"DRR286192",4131274,4134931,"10",3657
"DRR286192",4160019,4166659,"4",6640
"DRR286192",4205117,4232341,"10",27224
"DRR286192",4239973,4240445,"4",472
"DRR286192",4240446,4241647,"5",1201
"DRR286192",4241648,4242542,"9",894
"DRR286192",4242543,4242695,"6",152
"DRR286192",4243400,4246411,"3",3011
"DRR286192",4250105,4250449,"6",344
"DRR286192",4250450,4253576,"10",3126
"DRR286192",4253577,4254555,"3",978
"DRR286151",3542,3596,"7",54
"DRR286151",10572,19195,"8",8623
"DRR286151",19196,19992,"2",796
"DRR286151",91798,92133,"6",335
"DRR286151",95711,96471,"9",760
"DRR286151",100451,101283,"10",832
"DRR286151",112521,115125,"8",2604
"DRR286151",162918,163530,"10",612
"DRR286151",220209,220804,"10",595
"DRR286151",260011,260779,"6",768
"DRR286151",267153,267910,"10",757
"DRR286151",273238,275217,"1",1979
"DRR286151",295447,296285,"6",838
"DRR286151",304043,304337,"4",294
"DRR286151",329860,330703,"10",843
"DRR286151",359583,360249,"2",666
"DRR286151",363454,363982,"4",528
"DRR286151",374295,375476,"9",1181
"DRR286151",394707,395157,"10",450
"DRR286151",398387,399257,"6",870
"DRR286151",425778,426286,"5",508
"DRR286151",479820,480378,"9",558
"DRR286151",485068,486856,"10",1788
"DRR286151",490196,490720,"9",524
"DRR286151",516469,517358,"5",889
"DRR286151",554663,555346,"9",683
"DRR286151",561531,563204,"9",1673
"DRR286151",573035,573841,"5",806
"DRR286151",611195,612147,"9",952
"DRR286151",622523,623992,"9",1469
"DRR286151",691233,691812,"5",579
"DRR286151",712349,713302,"6",953
"DRR286151",766862,768108,"9",1246
"DRR286151",772718,773457,"9",739
"DRR286151",825187,825810,"1",623
"DRR286151",832908,834705,"7",1797
"DRR286151",849200,849872,"9",672
"DRR286151",874632,875930,"2",1298
"DRR286151",964102,965938,"8",1836
"DRR286151",976073,977113,"6",1040
"DRR286151",1001638,1002128,"6",490
"DRR286151",1015973,1017202,"10",1229
"DRR286151",1019979,1020574,"8",595
"DRR286151",1023563,1025053,"1",1490
"DRR286151",1026919,1030238,"2",3319
"DRR286151",1036665,1037014,"7",349
"DRR286151",1106575,1107043,"8",468
"DRR286151",1117996,1118315,"6",319
"DRR286151",1127848,1129582,"8",1734
"DRR286151",1182086,1182673,"4",587
"DRR286151",1182674,1182971,"7",297
"DRR286151",1182972,1184233,"9",1261
"DRR286151",1204336,1205175,"10",839
"DRR286151",1211392,1211892,"8",500
"DRR286151",1252540,1252798,"6",258
"DRR286151",1261044,1261702,"10",658
"DRR286151",1271812,1272347,"9",535
"DRR286151",1295056,1295575,"9",519
"DRR286151",1347485,1350285,"8",2800
"DRR286151",1367922,1370674,"8",2752
"DRR286151",1381092,1382434,"8",1342
"DRR286151",1386851,1388227,"8",1376
"DRR286151",1390365,1391042,"7",677
"DRR286151",1412383,1413503,"5",1120
"DRR286151",1419041,1420234,"8",1193
"DRR286151",1429030,1429794,"2",764
"DRR286151",1496907,1498493,"8",1586
"DRR286151",1507571,1507958,"8",387
"DRR286151",1511546,1512483,"10",937
"DRR286151",1523850,1524798,"8",948
"DRR286151",1528148,1531041,"8",2893
"DRR286151",1566870,1569234,"10",2364
"DRR286151",1587470,1588369,"8",899
"DRR286151",1594175,1595183,"2",1008
"DRR286151",1602876,1603766,"8",890
"DRR286151",1608948,1609607,"9",659
"DRR286151",1622704,1623133,"4",429
"DRR286151",1723029,1723892,"10",863
"DRR286151",1735116,1735941,"6",825
"DRR286151",1747378,1747953,"9",575
"DRR286151",1759891,1760185,"7",294
"DRR286151",1777302,1778179,"2",877
"DRR286151",1804519,1805446,"9",927
"DRR286151",1808125,1809105,"8",980
"DRR286151",1813053,1814248,"10",1195
"DRR286151",1823875,1824211,"2",336
"DRR286151",1862663,1863741,"2",1078
"DRR286151",1887708,1888693,"7",985
"DRR286151",1893046,1893871,"9",825
"DRR286151",1937905,1940108,"10",2203
"DRR286151",1974641,1975476,"5",835
"DRR286151",1999999,2001023,"2",1024
"DRR286151",2001024,2001843,"9",819
"DRR286151",2038759,2039584,"8",825
"DRR286151",2044252,2045213,"8",961
"DRR286151",2061798,2062515,"10",717
"DRR286151",2066728,2067593,"8",865
"DRR286151",2077757,2078942,"9",1185
"DRR286151",2128367,2130112,"7",1745
"DRR286151",2172692,2173541,"10",849
"DRR286151",2180997,2182669,"8",1672
"DRR286151",2182670,2183831,"10",1161
"DRR286151",2185225,2186769,"8",1544
"DRR286151",2212167,2212899,"9",732
"DRR286151",2219889,2221572,"9",1683
"DRR286151",2223093,2224693,"10",1600
"DRR286151",2224694,2226827,"8",2133
"DRR286151",2236395,2238065,"8",1670
"DRR286151",2252321,2253478,"8",1157
"DRR286151",2265579,2266265,"6",686
"DRR286151",2289664,2290467,"9",803
"DRR286151",2350286,2350951,"10",665
"DRR286151",2365039,2366139,"5",1100
"DRR286151",2370806,2372153,"8",1347
"DRR286151",2426164,2426658,"5",494
"DRR286151",2436791,2437269,"10",478
"DRR286151",2446950,2447572,"8",622
"DRR286151",2480903,2481393,"1",490
"DRR286151",2483598,2484410,"6",812
"DRR286151",2495983,2496436,"1",453
"DRR286151",2498872,2500363,"7",1491
"DRR286151",2523702,2523847,"6",145
"DRR286151",2523848,2524463,"8",615
"DRR286151",2524464,2524751,"10",287
"DRR286151",2524752,2524957,"8",205
"DRR286151",2539510,2539880,"1",370
"DRR286151",2539881,2542845,"8",2964
"DRR286151",2542846,2544591,"10",1745
"DRR286151",2625849,2627486,"6",1637
"DRR286151",2647447,2648372,"8",925
"DRR286151",2669998,2671417,"9",1419
"DRR286151",2673623,2674205,"8",582
"DRR286151",2695212,2696053,"8",841
"DRR286151",2744176,2744848,"8",672
"DRR286151",2767230,2769739,"8",2509
"DRR286151",2781572,2783149,"10",1577
"DRR286151",2909933,2911484,"10",1551
"DRR286151",2928312,2930035,"10",1723
"DRR286151",2962510,2963490,"2",980
"DRR286151",3067103,3069064,"8",1961
"DRR286151",3122072,3124099,"8",2027
"DRR286151",3126675,3127652,"6",977
"DRR286151",3136516,3138950,"1",2434
"DRR286151",3145213,3146508,"4",1295
"DRR286151",3184911,3185512,"2",601
"DRR286151",3197805,3199091,"8",1286
"DRR286151",3220999,3224435,"9",3436
"DRR286151",3229811,3231342,"9",1531
"DRR286151",3238604,3240136,"8",1532
"DRR286151",3252316,3254230,"8",1914
"DRR286151",3286956,3289252,"8",2296
"DRR286151",3302978,3304033,"2",1055
"DRR286151",3318210,3318835,"8",625
"DRR286151",3328087,3329981,"6",1894
"DRR286151",3345787,3346740,"2",953
"DRR286151",3371281,3372975,"2",1694
"DRR286151",3396301,3396575,"1",274
"DRR286151",3399688,3400210,"9",522
"DRR286151",3416903,3419703,"1",2800
"DRR286151",3481668,3483456,"8",1788
"DRR286151",3490072,3490727,"1",655
"DRR286151",3500732,3501846,"2",1114
"DRR286151",3521259,3521611,"9",352
"DRR286151",3553995,3554779,"10",784
"DRR286151",3559967,3560429,"8",462
"DRR286151",3570330,3570996,"10",666
"DRR286151",3577291,3578231,"10",940
"DRR286151",3590475,3601761,"8",11286
"DRR286151",3603561,3604657,"10",1096
"DRR286151",3645598,3646331,"6",733
"DRR286151",3738591,3741007,"6",2416
"DRR286151",3782170,3783295,"10",1125
"DRR286151",3811152,3812646,"6",1494
"DRR286151",3819333,3820218,"2",885
"DRR286151",3861974,3862636,"4",662
"DRR286151",3863227,3864698,"8",1471
"DRR286151",3909508,3911168,"1",1660
"DRR286151",3924489,3925620,"2",1131
"DRR286151",3938173,3938547,"9",374
"DRR286151",3965467,3967726,"4",2259
"DRR286151",3967727,3969753,"6",2026
"DRR286151",3972020,3973110,"10",1090
"DRR286151",4004454,4005712,"5",1258
"DRR286151",4008513,4009229,"10",716
"DRR286151",4017919,4020313,"6",2394
"DRR286151",4021788,4023759,"9",1971
"DRR286151",4043655,4043979,"5",324
"DRR286151",4047117,4048669,"2",1552
"DRR286151",4049917,4051023,"2",1106
"DRR286151",4070726,4071337,"8",611
"DRR286151",4082538,4083708,"10",1170
"DRR286151",4092258,4093854,"10",1596
"DRR286151",4108642,4109250,"8",608
"DRR286151",4112443,4112895,"8",452
"DRR286151",4115860,4117170,"8",1310
"DRR286151",4241010,4248056,"10",7046
"ERR12861733",2891,7787,"1",4896
"ERR12861733",14080,15583,"8",1503
"ERR12861733",21153,30182,"5",9029
"ERR12861733",35463,37528,"5",2065
"ERR12861733",64091,71973,"5",7882
"ERR12861733",74454,76017,"8",1563
"ERR12861733",112117,116791,"5",4674
"ERR12861733",122169,124201,"5",2032
"ERR12861733",147337,151793,"5",4456
"ERR12861733",154181,155515,"5",1334
"ERR12861733",155516,158613,"10",3097
"ERR12861733",166534,167816,"10",1282
"ERR12861733",169486,169776,"8",290
"ERR12861733",170455,171242,"7",787
"ERR12861733",172493,174174,"6",1681
"ERR12861733",177116,178691,"5",1575
"ERR12861733",180875,184698,"5",3823
"ERR12861733",184699,185376,"3",677
"ERR12861733",185377,185857,"7",480
"ERR12861733",190527,194783,"1",4256
"ERR12861733",195361,196984,"5",1623
"ERR12861733",196985,200102,"1",3117
"ERR12861733",204381,205602,"10",1221
"ERR12861733",212623,215716,"8",3093
"ERR12861733",223822,225336,"1",1514
"ERR12861733",225337,226815,"3",1478
"ERR12861733",244731,249245,"5",4514
"ERR12861733",249246,252338,"7",3092
"ERR12861733",252339,255557,"1",3218
"ERR12861733",261677,263946,"3",2269
"ERR12861733",263947,265636,"10",1689
"ERR12861733",273499,276800,"10",3301
"ERR12861733",282624,283947,"1",1323
"ERR12861733",295045,296364,"5",1319
"ERR12861733",296365,298745,"1",2380
"ERR12861733",299776,303151,"10",3375
"ERR12861733",313251,315231,"10",1980
"ERR12861733",323496,325733,"5",2237
"ERR12861733",331358,335073,"10",3715
"ERR12861733",343901,345166,"10",1265
"ERR12861733",345167,346559,"5",1392
"ERR12861733",351447,355192,"5",3745
"ERR12861733",359222,360962,"8",1740
"ERR12861733",360963,361347,"4",384
"ERR12861733",364399,366557,"10",2158
"ERR12861733",369438,370647,"1",1209
"ERR12861733",376454,378121,"5",1667
"ERR12861733",383695,386236,"6",2541
"ERR12861733",386237,387345,"8",1108
"ERR12861733",387346,387729,"10",383
"ERR12861733",393610,403728,"5",10118
"ERR12861733",405373,407794,"1",2421
"ERR12861733",441771,442682,"7",911
"ERR12861733",442683,444024,"3",1341
"ERR12861733",462346,463382,"5",1036
"ERR12861733",463383,464945,"8",1562
"ERR12861733",468104,475529,"5",7425
"ERR12861733",479606,483566,"5",3960
"ERR12861733",486263,492025,"5",5762
"ERR12861733",506844,509917,"5",3073
"ERR12861733",522207,525893,"5",3686
"ERR12861733",542570,544716,"4",2146
"ERR12861733",544717,545121,"1",404
"ERR12861733",554524,555187,"5",663
"ERR12861733",559587,560937,"6",1350
"ERR12861733",560938,564400,"10",3462
"ERR12861733",573759,574698,"5",939
"ERR12861733",579333,582778,"5",3445
"ERR12861733",590574,591350,"3",776
"ERR12861733",598003,599398,"3",1395
"ERR12861733",599399,600922,"7",1523
"ERR12861733",604744,609155,"5",4411
"ERR12861733",612751,613407,"1",656
"ERR12861733",613408,614498,"3",1090
"ERR12861733",634463,635280,"10",817
"ERR12861733",647450,649870,"10",2420
"ERR12861733",650560,651659,"10",1099
"ERR12861733",660269,661475,"5",1206
"ERR12861733",685967,687029,"7",1062
"ERR12861733",691959,693450,"1",1491
"ERR12861733",697206,698906,"4",1700
"ERR12861733",698907,701742,"5",2835
"ERR12861733",710391,713523,"3",3132
"ERR12861733",721207,721963,"5",756
"ERR12861733",724451,724545,"2",94
"ERR12861733",724546,726118,"5",1572
"ERR12861733",730742,731279,"6",537
"ERR12861733",743142,744066,"3",924
"ERR12861733",744067,745437,"10",1370
"ERR12861733",745748,748279,"4",2531
"ERR12861733",748416,750280,"10",1864
"ERR12861733",750281,750855,"3",574
"ERR12861733",760459,761375,"5",916
"ERR12861733",767987,770789,"6",2802
"ERR12861733",784316,784700,"8",384
"ERR12861733",787546,790047,"10",2501
"ERR12861733",797554,801198,"4",3644
"ERR12861733",801199,803912,"5",2713
"ERR12861733",803913,804355,"3",442
"ERR12861733",836629,838554,"10",1925
"ERR12861733",841122,842640,"8",1518
"ERR12861733",842641,843592,"5",951
"ERR12861733",843593,845816,"1",2223
"ERR12861733",851917,854832,"2",2915
"ERR12861733",854833,857548,"6",2715
"ERR12861733",858559,863971,"5",5412
"ERR12861733",870758,872985,"1",2227
"ERR12861733",892886,894075,"10",1189
"ERR12861733",898655,900470,"5",1815
"ERR12861733",900471,903211,"8",2740
"ERR12861733",905152,906790,"8",1638
"ERR12861733",908017,908494,"7",477
"ERR12861733",911129,914791,"8",3662
"ERR12861733",914792,917151,"5",2359
"ERR12861733",919498,920919,"5",1421
"ERR12861733",920920,921967,"8",1047
"ERR12861733",921968,923229,"2",1261
"ERR12861733",925832,929188,"7",3356
"ERR12861733",932198,935804,"5",3606
"ERR12861733",939016,941140,"5",2124
"ERR12861733",944917,945462,"3",545
"ERR12861733",945463,947648,"8",2185
"ERR12861733",954019,958500,"5",4481
"ERR12861733",965123,969745,"5",4622
"ERR12861733",974845,976002,"3",1157
"ERR12861733",976003,977286,"5",1283
"ERR12861733",979880,980372,"5",492
"ERR12861733",989258,991411,"4",2153
"ERR12861733",1008395,1009504,"1",1109
"ERR12861733",1010826,1012201,"10",1375
"ERR12861733",1020943,1022911,"10",1968
"ERR12861733",1023783,1028033,"3",4250
"ERR12861733",1028034,1030513,"8",2479
"ERR12861733",1039592,1043112,"5",3520
"ERR12861733",1046982,1047464,"5",482
"ERR12861733",1051310,1053281,"10",1971
"ERR12861733",1053282,1056249,"5",2967
"ERR12861733",1057388,1058934,"5",1546
"ERR12861733",1058935,1062684,"10",3749
"ERR12861733",1078484,1080535,"8",2051
"ERR12861733",1103626,1107152,"5",3526
"ERR12861733",1113491,1114604,"5",1113
"ERR12861733",1123950,1125550,"8",1600
"ERR12861733",1153936,1159353,"8",5417
"ERR12861733",1166288,1167576,"5",1288
"ERR12861733",1167577,1168978,"10",1401
"ERR12861733",1174422,1176462,"10",2040
"ERR12861733",1176463,1180172,"5",3709
"ERR12861733",1201519,1204021,"8",2502
"ERR12861733",1217298,1218398,"7",1100
"ERR12861733",1218399,1219184,"2",785
"ERR12861733",1225679,1227364,"8",1685
"ERR12861733",1239667,1240619,"3",952
"ERR12861733",1248179,1249786,"5",1607
"ERR12861733",1252091,1252990,"6",899
"ERR12861733",1281009,1282713,"10",1704
"ERR12861733",1288849,1291235,"7",2386
"ERR12861733",1292402,1293886,"5",1484
"ERR12861733",1297149,1299514,"3",2365
"ERR12861733",1300119,1302543,"4",2424
"ERR12861733",1316506,1320608,"5",4102
"ERR12861733",1323544,1324458,"10",914
"ERR12861733",1346592,1347618,"6",1026
"ERR12861733",1347619,1350744,"5",3125
"ERR12861733",1356511,1357762,"10",1251
"ERR12861733",1372891,1374091,"6",1200
"ERR12861733",1381092,1385798,"5",4706
"ERR12861733",1389358,1392862,"5",3504
"ERR12861733",1392990,1396918,"1",3928
"ERR12861733",1399989,1400173,"4",184
"ERR12861733",1405210,1406483,"3",1273
"ERR12861733",1411484,1413503,"5",2019
"ERR12861733",1439926,1441635,"6",1709
"ERR12861733",1468474,1472721,"6",4247
"ERR12861733",1483442,1484456,"5",1014
"ERR12861733",1488466,1490040,"4",1574
"ERR12861733",1495264,1498493,"8",3229
"ERR12861733",1502049,1505430,"5",3381
"ERR12861733",1508565,1511373,"5",2808
"ERR12861733",1517428,1522577,"5",5149
"ERR12861733",1522578,1523725,"3",1147
"ERR12861733",1532671,1535304,"4",2633
"ERR12861733",1540923,1541959,"5",1036
"ERR12861733",1541960,1542989,"3",1029
"ERR12861733",1542990,1545049,"2",2059
"ERR12861733",1552815,1553788,"3",973
"ERR12861733",1559177,1562939,"5",3762
"ERR12861733",1565089,1566478,"10",1389
"ERR12861733",1566479,1569234,"3",2755
"ERR12861733",1586120,1588753,"8",2633
"ERR12861733",1588754,1590084,"6",1330
"ERR12861733",1590085,1590829,"5",744
"ERR12861733",1590830,1592465,"4",1635
"ERR12861733",1592466,1595315,"10",2849
"ERR12861733",1595707,1596989,"4",1282
"ERR12861733",1596990,1599922,"5",2932
"ERR12861733",1601399,1605292,"4",3893
"ERR12861733",1618092,1620385,"7",2293
"ERR12861733",1623833,1625075,"10",1242
"ERR12861733",1633099,1635142,"8",2043
"ERR12861733",1647753,1650470,"7",2717
"ERR12861733",1650471,1651089,"5",618
"ERR12861733",1651090,1652941,"10",1851
"ERR12861733",1654730,1656868,"7",2138
"ERR12861733",1663257,1664219,"6",962
"ERR12861733",1686992,1688276,"1",1284
"ERR12861733",1688277,1696733,"5",8456
"ERR12861733",1697376,1702916,"5",5540
"ERR12861733",1710567,1712165,"8",1598
"ERR12861733",1719435,1720835,"10",1400
"ERR12861733",1734305,1740812,"5",6507
"ERR12861733",1742108,1743406,"3",1298
"ERR12861733",1749883,1751968,"5",2085
"ERR12861733",1751969,1753106,"1",1137
"ERR12861733",1753107,1753550,"8",443
"ERR12861733",1766423,1767902,"1",1479
"ERR12861733",1768859,1770804,"8",1945
"ERR12861733",1773075,1774504,"10",1429
"ERR12861733",1774505,1776142,"1",1637
"ERR12861733",1783397,1784336,"10",939
"ERR12861733",1795616,1796579,"5",963
"ERR12861733",1804519,1805446,"10",927
"ERR12861733",1811201,1811938,"5",737
"ERR12861733",1814387,1815936,"5",1549
"ERR12861733",1815937,1817746,"8",1809
"ERR12861733",1824871,1826421,"10",1550
"ERR12861733",1848016,1848701,"5",685
"ERR12861733",1862453,1863822,"10",1369
"ERR12861733",1864946,1866460,"7",1514
"ERR12861733",1873489,1874767,"5",1278
"ERR12861733",1877215,1877908,"5",693
"ERR12861733",1884830,1886680,"5",1850
"ERR12861733",1902018,1904809,"5",2791
"ERR12861733",1912464,1917103,"5",4639
"ERR12861733",1917399,1918691,"3",1292
"ERR12861733",1922618,1924476,"3",1858
"ERR12861733",1924477,1929578,"5",5101
"ERR12861733",1930159,1933610,"5",3451
"ERR12861733",1940485,1942070,"8",1585
"ERR12861733",1947924,1952308,"8",4384
"ERR12861733",1952309,1954354,"3",2045
"ERR12861733",1954355,1958426,"6",4071
"ERR12861733",1963432,1964094,"3",662
"ERR12861733",1967477,1968420,"3",943
"ERR12861733",1975929,1976736,"6",807
"ERR12861733",1992417,1993507,"8",1090
"ERR12861733",2004264,2005542,"3",1278
"ERR12861733",2012314,2016053,"10",3739
"ERR12861733",2016054,2017131,"3",1077
"ERR12861733",2027502,2030115,"10",2613
"ERR12861733",2031051,2032323,"3",1272
"ERR12861733",2038423,2040852,"8",2429
"ERR12861733",2045703,2045876,"7",173
"ERR12861733",2070898,2074826,"5",3928
"ERR12861733",2089899,2091161,"8",1262
"ERR12861733",2094213,2097970,"10",3757
"ERR12861733",2100608,2101236,"4",628
"ERR12861733",2109032,2109366,"3",334
"ERR12861733",2109367,2112368,"5",3001
"ERR12861733",2120616,2121139,"5",523
"ERR12861733",2127688,2136452,"10",8764
"ERR12861733",2166626,2170180,"5",3554
"ERR12861733",2178818,2180792,"8",1974
"ERR12861733",2196453,2198390,"5",1937
"ERR12861733",2198391,2200645,"10",2254
"ERR12861733",2205519,2208701,"5",3182
"ERR12861733",2208702,2209385,"10",683
"ERR12861733",2232454,2236180,"3",3726
"ERR12861733",2252129,2253899,"4",1770
"ERR12861733",2265378,2272938,"5",7560
"ERR12861733",2276457,2278647,"6",2190
"ERR12861733",2280773,2282939,"4",2166
"ERR12861733",2283442,2286102,"5",2660
"ERR12861733",2306323,2308578,"5",2255
"ERR12861733",2321285,2321667,"4",382
"ERR12861733",2324484,2326725,"5",2241
"ERR12861733",2327127,2329160,"6",2033
"ERR12861733",2329161,2332199,"10",3038
"ERR12861733",2343927,2346203,"6",2276
"ERR12861733",2346812,2348878,"1",2066
"ERR12861733",2348879,2351454,"6",2575
"ERR12861733",2351455,2354857,"10",3402
"ERR12861733",2354858,2362665,"8",7807
"ERR12861733",2367962,2369871,"3",1909
"ERR12861733",2374874,2376899,"5",2025
"ERR12861733",2376900,2378623,"8",1723
"ERR12861733",2380431,2383624,"10",3193
"ERR12861733",2383625,2384293,"4",668
"ERR12861733",2388954,2391733,"6",2779
"ERR12861733",2391734,2396355,"5",4621
"ERR12861733",2400516,2400871,"3",355
"ERR12861733",2400872,2402745,"1",1873
"ERR12861733",2410226,2412486,"3",2260
"ERR12861733",2415857,2417405,"5",1548
"ERR12861733",2427519,2428973,"4",1454
"ERR12861733",2433483,2434429,"3",946
"ERR12861733",2440120,2442035,"10",1915
"ERR12861733",2443674,2445273,"6",1599
"ERR12861733",2456460,2457353,"10",893
"ERR12861733",2460492,2461712,"3",1220
"ERR12861733",2461713,2463378,"10",1665
"ERR12861733",2463379,2464370,"5",991
"ERR12861733",2464371,2464700,"3",329
"ERR12861733",2470653,2474407,"1",3754
"ERR12861733",2475547,2477279,"3",1732
"ERR12861733",2478190,2479525,"7",1335
"ERR12861733",2480778,2482314,"8",1536
"ERR12861733",2482315,2483546,"7",1231
"ERR12861733",2484004,2488986,"8",4982
"ERR12861733",2488987,2489337,"5",350
"ERR12861733",2503253,2505855,"5",2602
"ERR12861733",2508500,2512083,"5",3583
"ERR12861733",2515480,2516431,"10",951
"ERR12861733",2520769,2522546,"8",1777
"ERR12861733",2532066,2539430,"5",7364
"ERR12861733",2562848,2563697,"5",849
"ERR12861733",2570767,2573360,"6",2593
"ERR12861733",2580062,2580748,"1",686
"ERR12861733",2599763,2600473,"5",710
"ERR12861733",2600474,2603431,"10",2957
"ERR12861733",2610419,2611563,"6",1144
"ERR12861733",2618445,2620892,"1",2447
"ERR12861733",2632908,2632958,"5",50
"ERR12861733",2638265,2639549,"5",1284
"ERR12861733",2640075,2641656,"6",1581
"ERR12861733",2652758,2654884,"4",2126
"ERR12861733",2654885,2655813,"3",928
"ERR12861733",2663222,2663661,"3",439
"ERR12861733",2669864,2674205,"10",4341
"ERR12861733",2702913,2709582,"5",6669
"ERR12861733",2721643,2725151,"10",3508
"ERR12861733",2749432,2750760,"6",1328
"ERR12861733",2773856,2779435,"5",5579
"ERR12861733",2790909,2791106,"4",197
"ERR12861733",2791107,2792198,"5",1091
"ERR12861733",2798647,2799932,"5",1285
"ERR12861733",2815884,2818784,"4",2900
"ERR12861733",2823079,2823837,"6",758
"ERR12861733",2831919,2834430,"7",2511
"ERR12861733",2842291,2843130,"8",839
"ERR12861733",2844495,2846264,"10",1769
"ERR12861733",2851486,2852462,"1",976
"ERR12861733",2874004,2877807,"8",3803
"ERR12861733",2890118,2892533,"3",2415
"ERR12861733",2892534,2897745,"6",5211
"ERR12861733",2911485,2915176,"8",3691
"ERR12861733",2922131,2929785,"5",7654
"ERR12861733",2959522,2961132,"8",1610
"ERR12861733",2968693,2971160,"5",2467
"ERR12861733",2998085,2999194,"5",1109
"ERR12861733",3016238,3017428,"5",1190
"ERR12861733",3018791,3020172,"10",1381
"ERR12861733",3033780,3035389,"10",1609
"ERR12861733",3037797,3038659,"10",862
"ERR12861733",3049027,3051737,"3",2710
"ERR12861733",3059445,3066198,"10",6753
"ERR12861733",3098371,3100133,"6",1762
"ERR12861733",3103145,3107398,"5",4253
"ERR12861733",3124290,3127652,"5",3362
"ERR12861733",3143157,3144530,"6",1373
"ERR12861733",3144531,3145060,"4",529
"ERR12861733",3145061,3148096,"3",3035
"ERR12861733",3152666,3156791,"5",4125
"ERR12861733",3163085,3165291,"1",2206
"ERR12861733",3167575,3169346,"4",1771
"ERR12861733",3172891,3174950,"1",2059
"ERR12861733",3177686,3182166,"1",4480
"ERR12861733",3182167,3187618,"5",5451
"ERR12861733",3191246,3192461,"6",1215
"ERR12861733",3202197,3204332,"5",2135
"ERR12861733",3205755,3207026,"5",1271
"ERR12861733",3208363,3212487,"10",4124
"ERR12861733",3212488,3213729,"3",1241
"ERR12861733",3230197,3231342,"10",1145
"ERR12861733",3247153,3247525,"10",372
"ERR12861733",3247526,3247790,"8",264
"ERR12861733",3252494,3254282,"10",1788
"ERR12861733",3254283,3255803,"1",1520
"ERR12861733",3257634,3260850,"10",3216
"ERR12861733",3286700,3290359,"10",3659
"ERR12861733",3304347,3306961,"10",2614
"ERR12861733",3311942,3317179,"5",5237
"ERR12861733",3321724,3324671,"2",2947
"ERR12861733",3324672,3326406,"1",1734
"ERR12861733",3328042,3335053,"5",7011
"ERR12861733",3349535,3350946,"8",1411
"ERR12861733",3352166,3354684,"5",2518
"ERR12861733",3358026,3361267,"5",3241
"ERR12861733",3361984,3367729,"3",5745
"ERR12861733",3367730,3372771,"5",5041
"ERR12861733",3372772,3372975,"6",203
"ERR12861733",3375251,3383988,"6",8737
"ERR12861733",3387263,3388025,"5",762
"ERR12861733",3388026,3394792,"8",6766
"ERR12861733",3394793,3400017,"5",5224
"ERR12861733",3400850,3401995,"5",1145
"ERR12861733",3416577,3417933,"1",1356
"ERR12861733",3436223,3439549,"5",3326
"ERR12861733",3444210,3445521,"7",1311
"ERR12861733",3449604,3450978,"5",1374
"ERR12861733",3464692,3473201,"1",8509
"ERR12861733",3476497,3479189,"7",2692
"ERR12861733",3480327,3483226,"1",2899
"ERR12861733",3485957,3486850,"5",893
"ERR12861733",3488409,3490907,"5",2498
"ERR12861733",3496500,3497073,"1",573
"ERR12861733",3502417,3504564,"4",2147
"ERR12861733",3505649,3507798,"5",2149
"ERR12861733",3526267,3528538,"7",2271
"ERR12861733",3528539,3532619,"5",4080
"ERR12861733",3541719,3543787,"4",2068
"ERR12861733",3549505,3553937,"5",4432
"ERR12861733",3555094,3558792,"1",3698
"ERR12861733",3562500,3564349,"3",1849
"ERR12861733",3569609,3570050,"5",441
"ERR12861733",3571173,3576203,"10",5030
"ERR12861733",3591873,3602638,"8",10765
"ERR12861733",3604729,3607841,"5",3112
"ERR12861733",3630675,3632503,"6",1828
"ERR12861733",3634538,3636983,"10",2445
"ERR12861733",3636984,3637717,"3",733
"ERR12861733",3637718,3639372,"5",1654
"ERR12861733",3655757,3657470,"10",1713
"ERR12861733",3657471,3658659,"4",1188
"ERR12861733",3658660,3659778,"2",1118
"ERR12861733",3664965,3667329,"1",2364
"ERR12861733",3667330,3669284,"5",1954
"ERR12861733",3669285,3669805,"3",520
"ERR12861733",3676078,3676822,"4",744
"ERR12861733",3676823,3678295,"10",1472
"ERR12861733",3681297,3681791,"10",494
"ERR12861733",3682322,3683871,"5",1549
"ERR12861733",3687979,3689241,"5",1262
"ERR12861733",3689242,3689821,"6",579
"ERR12861733",3706752,3708296,"10",1544
"ERR12861733",3721299,3727201,"5",5902
"ERR12861733",3730130,3731070,"10",940
"ERR12861733",3731071,3731785,"5",714
"ERR12861733",3731786,3732188,"4",402
"ERR12861733",3732189,3734577,"10",2388
"ERR12861733",3738486,3741007,"10",2521
"ERR12861733",3745492,3748399,"5",2907
"ERR12861733",3748400,3748955,"10",555
"ERR12861733",3748956,3750524,"5",1568
"ERR12861733",3760834,3764509,"5",3675
"ERR12861733",3765768,3767675,"3",1907
"ERR12861733",3799533,3802057,"10",2524
"ERR12861733",3802058,3803061,"5",1003
"ERR12861733",3803062,3803948,"3",886
"ERR12861733",3803949,3804744,"6",795
"ERR12861733",3809508,3809978,"6",470
"ERR12861733",3814891,3816387,"5",1496
"ERR12861733",3817714,3831465,"5",13751
"ERR12861733",3834984,3836074,"4",1090
"ERR12861733",3843880,3844197,"8",317
"ERR12861733",3857074,3857589,"7",515
"ERR12861733",3863917,3864698,"6",781
"ERR12861733",3867750,3868422,"10",672
"ERR12861733",3868423,3871584,"5",3161
"ERR12861733",3871585,3873806,"6",2221
"ERR12861733",3881442,3885926,"1",4484
"ERR12861733",3885927,3887019,"7",1092
"ERR12861733",3887020,3888442,"10",1422
"ERR12861733",3897857,3898843,"10",986
"ERR12861733",3898880,3900806,"3",1926
"ERR12861733",3902037,3903084,"5",1047
"ERR12861733",3914356,3916822,"1",2466
"ERR12861733",3924152,3927084,"5",2932
"ERR12861733",3927085,3927966,"10",881
"ERR12861733",3932885,3936035,"5",3150
"ERR12861733",3957774,3969753,"5",11979
"ERR12861733",3974345,3975085,"10",740
"ERR12861733",3983234,3985706,"5",2472
"ERR12861733",4001798,4006055,"5",4257
"ERR12861733",4006824,4007885,"6",1061
"ERR12861733",4013251,4020117,"5",6866
"ERR12861733",4020118,4021913,"8",1795
"ERR12861733",4021914,4026806,"5",4892
"ERR12861733",4026807,4027916,"6",1109
"ERR12861733",4034936,4036391,"6",1455
"ERR12861733",4036392,4038570,"5",2178
"ERR12861733",4038571,4039900,"6",1329
"ERR12861733",4046343,4046978,"8",635
"ERR12861733",4052571,4054005,"8",1434
"ERR12861733",4054006,4056441,"5",2435
"ERR12861733",4056442,4056567,"8",125
"ERR12861733",4056568,4057128,"3",560
"ERR12861733",4063002,4063820,"3",818
"ERR12861733",4070680,4071097,"4",417
"ERR12861733",4071098,4075533,"5",4435
"ERR12861733",4085296,4088197,"5",2901
"ERR12861733",4089426,4091315,"7",1889
"ERR12861733",4104249,4108511,"5",4262
"ERR12861733",4108512,4110069,"10",1557
"ERR12861733",4110070,4111039,"8",969
"ERR12861733",4114449,4117545,"10",3096
"ERR12861733",4117546,4120826,"3",3280
"ERR12861733",4120827,4122299,"10",1472
"ERR12861380",88143,89101,"9",958
"ERR12861380",89102,91713,"3",2611
"ERR12861380",93483,95037,"5",1554
"ERR12861380",95038,96004,"6",966
"ERR12861380",96005,96650,"3",645
"ERR12861380",97338,98383,"10",1045
"ERR12861380",98384,100267,"8",1883
"ERR12861380",100268,101428,"3",1160
"ERR12861380",101429,102153,"6",724
"ERR12861380",102154,102970,"3",816
"ERR12861380",104189,106585,"9",2396
"ERR12861380",282551,285566,"1",3015
"ERR12861380",285567,287753,"7",2186
"ERR12861380",287754,288582,"4",828
"ERR12861380",288583,290293,"3",1710
"ERR12861380",290294,295044,"4",4750
"ERR12861380",298688,299775,"8",1087
"ERR12861380",300172,301097,"1",925
"ERR12861380",301098,301916,"5",818
"ERR12861380",303066,305265,"5",2199
"ERR12861380",305266,305807,"7",541
"ERR12861380",395741,398989,"4",3248
"ERR12861380",399054,400901,"7",1847
"ERR12861380",400902,401554,"8",652
"ERR12861380",401555,402704,"5",1149
"ERR12861380",402705,404292,"3",1587
"ERR12861380",404293,407103,"6",2810
"ERR12861380",408167,412350,"4",4183
"ERR12861380",688998,691146,"4",2148
"ERR12861380",835669,837593,"1",1924
"ERR12861380",837594,838847,"4",1253
"ERR12861380",838848,839205,"10",357
"ERR12861380",894076,895213,"3",1137
"ERR12861380",895214,896590,"4",1376
"ERR12861380",896591,896882,"5",291
"ERR12861380",896883,900470,"4",3587
"ERR12861380",962440,965310,"4",2870
"ERR12861380",965311,966694,"6",1383
"ERR12861380",966695,968585,"10",1890
"ERR12861380",968586,970901,"4",2315
"ERR12861380",970902,971415,"7",513
"ERR12861380",971416,974098,"4",2682
"ERR12861380",988424,988860,"7",436
"ERR12861380",989152,991749,"4",2597
"ERR12861380",991750,993199,"3",1449
"ERR12861380",993200,994028,"8",828
"ERR12861380",994029,994830,"3",801
"ERR12861380",994831,997235,"4",2404
"ERR12861380",1047402,1048200,"4",798
"ERR12861380",1048201,1050205,"6",2004
"ERR12861380",1050437,1053038,"7",2601
"ERR12861380",1053039,1054261,"4",1222
"ERR12861380",1056422,1057676,"6",1254
"ERR12861380",1057677,1058468,"5",791
"ERR12861380",1058469,1060030,"4",1561
"ERR12861380",1060031,1061393,"3",1362
"ERR12861380",1099793,1101353,"10",1560
"ERR12861380",1101354,1102482,"4",1128
"ERR12861380",1160459,1162262,"8",1803
"ERR12861380",1162521,1164375,"3",1854
"ERR12861380",1164376,1164480,"7",104
"ERR12861380",1164481,1165516,"8",1035
"ERR12861380",1165517,1167229,"3",1712
"ERR12861380",1227813,1229743,"8",1930
"ERR12861380",1248495,1253330,"7",4835
"ERR12861380",1253331,1254634,"9",1303
"ERR12861380",1254635,1255150,"3",515
"ERR12861380",1255654,1256528,"1",874
"ERR12861380",1256786,1257256,"8",470
"ERR12861380",1257257,1257882,"10",625
"ERR12861380",1291236,1291817,"3",581
"ERR12861380",1291818,1291885,"9",67
"ERR12861380",1291886,1297069,"4",5183
"ERR12861380",1297070,1299199,"8",2129
"ERR12861380",1350440,1353642,"1",3202
"ERR12861380",1353643,1354497,"5",854
"ERR12861380",1354498,1356510,"3",2012
"ERR12861380",1356511,1358397,"6",1886
"ERR12861380",1412002,1415109,"3",3107
"ERR12861380",1415747,1416863,"4",1116
"ERR12861380",1417902,1421223,"4",3321
"ERR12861380",1421224,1421982,"7",758
"ERR12861380",1422466,1428344,"5",5878
"ERR12861380",1588440,1591252,"4",2812
"ERR12861380",1591253,1592033,"10",780
"ERR12861380",1592034,1592532,"7",498
"ERR12861380",1592533,1595619,"4",3086
"ERR12861380",1595620,1595993,"8",373
"ERR12861380",1598252,1598872,"4",620
"ERR12861380",1598873,1600702,"5",1829
"ERR12861380",1600703,1600827,"4",124
"ERR12861380",1600828,1601153,"5",325
"ERR12861380",1601154,1606026,"10",4872
"ERR12861380",1653525,1653792,"7",267
"ERR12861380",1653793,1654775,"10",982
"ERR12861380",1654931,1657414,"4",2483
"ERR12861380",1657415,1658731,"8",1316
"ERR12861380",1658732,1660707,"4",1975
"ERR12861380",1660708,1661118,"8",410
"ERR12861380",1661119,1664351,"4",3232
"ERR12861380",1664352,1665106,"7",754
"ERR12861380",1703703,1706738,"10",3035
"ERR12861380",1706739,1709815,"5",3076
"ERR12861380",1728551,1729136,"9",585
"ERR12861380",1729137,1731993,"4",2856
"ERR12861380",1731994,1734234,"9",2240
"ERR12861380",1734235,1735578,"10",1343
"ERR12861380",1735579,1739516,"4",3937
"ERR12861380",1749883,1751968,"10",2085
"ERR12861380",1821712,1822485,"8",773
"ERR12861380",1823875,1824295,"4",420
"ERR12861380",1877947,1880270,"9",2323
"ERR12861380",1880271,1881057,"1",786
"ERR12861380",1881058,1882262,"5",1204
"ERR12861380",1882263,1884496,"4",2233
"ERR12861380",1884497,1886680,"8",2183
"ERR12861380",1910902,1914779,"4",3877
"ERR12861380",1914780,1915371,"3",591
"ERR12861380",1917983,1919716,"4",1733
"ERR12861380",2065933,2066381,"6",448
"ERR12861380",2066382,2067637,"9",1255
"ERR12861380",2067638,2069081,"3",1443
"ERR12861380",2069082,2069302,"9",220
"ERR12861380",2069303,2072317,"4",3014
"ERR12861380",2072318,2073402,"3",1084
"ERR12861380",2073403,2074507,"4",1104
"ERR12861380",2136333,2138621,"6",2288
"ERR12861380",2138622,2140328,"5",1706
"ERR12861380",2140329,2142425,"6",2096
"ERR12861380",2267583,2270717,"6",3134
"ERR12861380",2270718,2274962,"4",4244
"ERR12861380",2326324,2326954,"9",630
"ERR12861380",2327729,2328428,"6",699
"ERR12861380",2362888,2363299,"10",411
"ERR12861380",2363300,2363486,"4",186
"ERR12861380",2363487,2367747,"1",4260
"ERR12861380",2367748,2369442,"10",1694
"ERR12861380",2369443,2372162,"9",2719
"ERR12861380",2498872,2501324,"5",2452
"ERR12861380",2510607,2513583,"7",2976
"ERR12861380",2513584,2516813,"4",3229
"ERR12861380",2518754,2520543,"8",1789
"ERR12861380",2520544,2521203,"9",659
"ERR12861380",2526317,2530451,"4",4134
"ERR12861380",2530452,2532169,"7",1717
"ERR12861380",2556901,2559869,"6",2968
"ERR12861380",2559870,2562583,"4",2713
"ERR12861380",2562584,2565507,"6",2923
"ERR12861380",2565508,2568155,"4",2647
"ERR12861380",2568156,2569045,"8",889
"ERR12861380",2569046,2573666,"10",4620
"ERR12861380",2584973,2585341,"1",368
"ERR12861380",2585604,2587441,"10",1837
"ERR12861380",2587442,2588123,"8",681
"ERR12861380",2593375,2595124,"6",1749
"ERR12861380",2600474,2601563,"10",1089
"ERR12861380",2614000,2615734,"4",1734
"ERR12861380",2615735,2617608,"7",1873
"ERR12861380",2617882,2619315,"3",1433
"ERR12861380",2643244,2649185,"4",5941
"ERR12861380",2649186,2650012,"3",826
"ERR12861380",2749327,2756676,"4",7349
"ERR12861380",2756677,2757751,"8",1074
"ERR12861380",2757752,2759404,"1",1652
"ERR12861380",2759405,2760286,"7",881
"ERR12861380",2761289,2764946,"6",3657
"ERR12861380",2764947,2766953,"4",2006
"ERR12861380",2800073,2801988,"10",1915
"ERR12861380",2801989,2803721,"6",1732
"ERR12861380",2803722,2808489,"3",4767
"ERR12861380",2809018,2810657,"1",1639
"ERR12861380",2810658,2811666,"10",1008
"ERR12861380",2922230,2926379,"4",4149
"ERR12861380",2928312,2930035,"10",1723
"ERR12861380",2938941,2941432,"4",2491
"ERR12861380",2941433,2943758,"1",2325
"ERR12861380",2943759,2949408,"4",5649
"ERR12861380",2949409,2951172,"3",1763
"ERR12861380",2952723,2953579,"10",856
"ERR12861380",2955088,2956490,"3",1402
"ERR12861380",2962510,2967800,"4",5290
"ERR12861380",2995082,2999576,"7",4494
"ERR12861380",3027150,3029157,"6",2007
"ERR12861380",3029798,3034256,"4",4458
"ERR12861380",3035909,3042896,"4",6987
"ERR12861380",3045435,3051160,"8",5725
"ERR12861380",3051161,3051589,"6",428
"ERR12861380",3063156,3063504,"3",348
"ERR12861380",3063505,3065875,"7",2370
"ERR12861380",3065876,3068196,"6",2320
"ERR12861380",3068197,3071995,"5",3798
"ERR12861380",3126396,3128444,"6",2048
"ERR12861380",3128445,3133843,"9",5398
"ERR12861380",3133844,3140315,"3",6471
"ERR12861380",3146625,3150700,"8",4075
"ERR12861380",3150701,3152665,"10",1964
"ERR12861380",3152666,3153824,"3",1158
"ERR12861380",3176913,3178018,"9",1105
"ERR12861380",3178019,3179117,"5",1098
"ERR12861380",3179118,3179453,"4",335
"ERR12861380",3179454,3181075,"1",1621
"ERR12861380",3181076,3181654,"7",578
"ERR12861380",3181655,3184861,"4",3206
"ERR12861380",3234001,3234978,"4",977
"ERR12861380",3235194,3236068,"5",874
"ERR12861380",3236069,3243904,"7",7835
"ERR12861380",3243905,3246365,"8",2460
"ERR12861380",3246366,3247790,"4",1424
"ERR12861380",3272207,3274765,"8",2558
"ERR12861380",3274766,3275533,"3",767
"ERR12861380",3275534,3275913,"4",379
"ERR12861380",3275914,3276429,"3",515
"ERR12861380",3326160,3328200,"6",2040
"ERR12861380",3328201,3329281,"7",1080
"ERR12861380",3329282,3333274,"6",3992
"ERR12861380",3333275,3335053,"4",1778
"ERR12861380",3335054,3336541,"6",1487
"ERR12861380",3336542,3337232,"10",690
"ERR12861380",3337233,3338470,"6",1237
"ERR12861380",3338471,3340873,"10",2402
"ERR12861380",3340874,3342367,"8",1493
"ERR12861380",3347148,3350721,"8",3573
"ERR12861380",3350722,3352018,"3",1296
"ERR12861380",3352019,3352645,"10",626
"ERR12861380",3352646,3353608,"4",962
"ERR12861380",3353609,3358275,"7",4666
"ERR12861380",3358276,3359632,"10",1356
"ERR12861380",3359633,3361556,"4",1923
"ERR12861380",3361557,3363145,"8",1588
"ERR12861380",3375778,3384501,"3",8723
"ERR12861380",3384502,3386920,"4",2418
"ERR12861380",3386921,3387537,"1",616
"ERR12861380",3387766,3387928,"1",162
"ERR12861380",3387953,3393772,"3",5819
"ERR12861380",3393773,3395208,"8",1435
"ERR12861380",3395209,3395891,"3",682
"ERR12861380",3396066,3396575,"6",509
"ERR12861380",3402691,3403978,"9",1287
"ERR12861380",3403979,3406545,"8",2566
"ERR12861380",3425217,3428403,"5",3186
"ERR12861380",3428404,3429559,"8",1155
"ERR12861380",3430584,3431541,"7",957
"ERR12861380",3431542,3433032,"9",1490
"ERR12861380",3433033,3433906,"10",873
"ERR12861380",3433907,3434199,"9",292
"ERR12861380",3434200,3435182,"7",982
"ERR12861380",3435183,3436120,"9",937
"ERR12861380",3436121,3439486,"4",3365
"ERR12861380",3439487,3441620,"10",2133
"ERR12861380",3462145,3464332,"3",2187
"ERR12861380",3464333,3466329,"7",1996
"ERR12861380",3466330,3469595,"3",3265
"ERR12861380",3469783,3473354,"1",3571
"ERR12861380",3502258,3504564,"10",2306
"ERR12861380",3529320,3534794,"4",5474
"ERR12861380",3534795,3535841,"3",1046
"ERR12861380",3538234,3539399,"6",1165
"ERR12861380",3539492,3541030,"9",1538
"ERR12861380",3541031,3542225,"4",1194
"ERR12861380",3564320,3565965,"1",1645
"ERR12861380",3565966,3567163,"4",1197
"ERR12861380",3567519,3568608,"10",1089
"ERR12861380",3568609,3569608,"4",999
"ERR12861380",3570180,3570948,"9",768
"ERR12861380",3571173,3572108,"4",935
"ERR12861380",3572109,3573716,"9",1607
"ERR12861380",3573717,3577149,"4",3432
"ERR12861380",3577150,3578642,"9",1492
"ERR12861380",3578643,3578979,"6",336
"ERR12861380",3578980,3579609,"3",629
"ERR12861380",3579610,3585116,"4",5506
"ERR12861380",3604889,3605148,"6",259
"ERR12861380",3605149,3605548,"9",399
"ERR12861380",3605549,3606398,"7",849
"ERR12861380",3606399,3607019,"4",620
"ERR12861380",3607020,3608295,"10",1275
"ERR12861380",3644282,3645046,"10",764
"ERR12861380",3645047,3646909,"4",1862
"ERR12861380",3646910,3648021,"1",1111
"ERR12861380",3669904,3671509,"6",1605
"ERR12861380",3671510,3671609,"7",99
"ERR12861380",3676930,3677680,"10",750
"ERR12861380",3677681,3679019,"4",1338
"ERR12861380",3679020,3679331,"7",311
"ERR12861380",3679332,3681130,"6",1798
"ERR12861380",3728896,3734146,"4",5250
"ERR12861380",3751459,3751977,"1",518
"ERR12861380",3751978,3752272,"9",294
"ERR12861380",3752273,3754173,"4",1900
"ERR12861380",3754174,3754195,"5",21
"ERR12861380",3754196,3756310,"10",2114
"ERR12861380",3756311,3756878,"3",567
"ERR12861380",3756879,3758789,"8",1910
"ERR12861380",3758790,3759833,"10",1043
"ERR12861380",3760532,3766307,"3",5775
"ERR12861380",3766308,3768810,"9",2502
"ERR12861380",3801970,3802002,"3",32
"ERR12861380",3802003,3802278,"4",275
"ERR12861380",3802279,3803948,"3",1669
"ERR12861380",3803949,3803998,"6",49
"ERR12861380",3803999,3807970,"4",3971
"ERR12861380",3808710,3810169,"6",1459
"ERR12861380",3822049,3823835,"7",1786
"ERR12861380",3823836,3829755,"4",5919
"ERR12861380",3868582,3869860,"4",1278
"ERR12861380",3869861,3870726,"5",865
"ERR12861380",3870727,3871981,"8",1254
"ERR12861380",3871982,3873681,"7",1699
"ERR12861380",3894121,3898606,"7",4485
"ERR12861380",3898607,3899249,"6",642
"ERR12861380",3899250,3899605,"4",355
"ERR12861380",3910267,3913266,"6",2999
"ERR12861380",3924930,3925329,"8",399
"ERR12861380",3925330,3927200,"3",1870
"ERR12861380",3927201,3928096,"1",895
"ERR12861380",3930730,3931680,"1",950
"ERR12861380",3931681,3933819,"4",2138
"ERR12861380",3933820,3935816,"10",1996
"ERR12861380",3935817,3937124,"8",1307
"ERR12861380",3979368,3983262,"10",3894
"ERR12861380",3983263,3983362,"4",99
"ERR12861380",3983363,3985528,"3",2165
"ERR12861380",3986578,3987034,"1",456
"ERR12861380",3987035,3989239,"6",2204
"ERR12861380",3989240,3991777,"3",2537
"ERR12861380",3991778,3992426,"9",648
"ERR12861380",3992427,3995700,"4",3273
"ERR12861380",3996972,4006055,"4",9083
"ERR12861380",4006056,4006823,"9",767
"ERR12861380",4135145,4139855,"1",4710
"ERR12861380",4241505,4245469,"10",3964
"ERR12861595",2586060,2587049,"5",989
"ERR12861595",2587050,2587902,"10",852
"ERR12861595",3151985,3152665,"3",680
"ERR12861487",82375,86798,"4",4423
"ERR12861487",86799,89477,"10",2678
"ERR12861487",89478,91960,"4",2482
"ERR12861487",93088,99911,"4",6823
"ERR12861487",119810,122553,"8",2743
"ERR12861487",125945,129437,"5",3492
"ERR12861487",129438,131641,"10",2203
"ERR12861487",164393,167816,"4",3423
"ERR12861487",183683,184400,"4",717
"ERR12861487",185377,185956,"5",579
"ERR12861487",220136,225121,"4",4985
"ERR12861487",227109,229675,"4",2566
"ERR12861487",255855,257769,"3",1914
"ERR12861487",257770,261264,"9",3494
"ERR12861487",298032,301097,"4",3065
"ERR12861487",313102,313816,"4",714
"ERR12861487",339354,341538,"10",2184
"ERR12861487",341539,342188,"4",649
"ERR12861487",357484,360962,"10",3478
"ERR12861487",362130,364280,"8",2150
"ERR12861487",364281,366508,"10",2227
"ERR12861487",444599,446840,"10",2241
"ERR12861487",446841,447216,"4",375
"ERR12861487",462346,463937,"10",1591
"ERR12861487",463938,464860,"4",922
"ERR12861487",517398,518591,"5",1193
"ERR12861487",522724,524207,"4",1483
"ERR12861487",547691,548862,"9",1171
"ERR12861487",563205,564829,"5",1624
"ERR12861487",567837,567899,"4",62
"ERR12861487",567900,568432,"5",532
"ERR12861487",600112,601204,"10",1092
"ERR12861487",607070,609336,"6",2266
"ERR12861487",609337,613480,"9",4143
"ERR12861487",613481,615429,"10",1948
"ERR12861487",615430,617643,"7",2213
"ERR12861487",640803,643923,"10",3120
"ERR12861487",647479,651659,"10",4180
"ERR12861487",651660,653150,"6",1490
"ERR12861487",686118,687370,"8",1252
"ERR12861487",712349,714538,"7",2189
"ERR12861487",715553,718377,"4",2824
"ERR12861487",718378,719460,"8",1082
"ERR12861487",719461,723102,"4",3641
"ERR12861487",735245,738909,"5",3664
"ERR12861487",738910,739179,"6",269
"ERR12861487",755300,756311,"6",1011
"ERR12861487",759526,764490,"6",4964
"ERR12861487",828966,835220,"4",6254
"ERR12861487",862047,863691,"4",1644
"ERR12861487",888600,891952,"9",3352
"ERR12861487",891953,893293,"5",1340
"ERR12861487",893294,895480,"4",2186
"ERR12861487",896441,897025,"5",584
"ERR12861487",927855,934290,"4",6435
"ERR12861487",934291,937246,"7",2955
"ERR12861487",947738,948248,"4",510
"ERR12861487",951137,953599,"9",2462
"ERR12861487",955969,958765,"4",2796
"ERR12861487",989783,990874,"4",1091
"ERR12861487",1013345,1015038,"6",1693
"ERR12861487",1030582,1032415,"5",1833
"ERR12861487",1032416,1035018,"8",2602
"ERR12861487",1035019,1041793,"4",6774
"ERR12861487",1046945,1047275,"7",330
"ERR12861487",1051687,1053628,"5",1941
"ERR12861487",1053629,1056553,"4",2924
"ERR12861487",1056554,1058077,"10",1523
"ERR12861487",1058078,1059765,"4",1687
"ERR12861487",1073098,1074382,"6",1284
"ERR12861487",1074954,1075961,"9",1007
"ERR12861487",1075962,1077209,"8",1247
"ERR12861487",1077210,1077959,"6",749
"ERR12861487",1120415,1122071,"10",1656
"ERR12861487",1128436,1129745,"5",1309
"ERR12861487",1134943,1136920,"7",1977
"ERR12861487",1136921,1139281,"5",2360
"ERR12861487",1157417,1157880,"4",463
"ERR12861487",1157881,1160518,"6",2637
"ERR12861487",1161882,1163974,"4",2092
"ERR12861487",1166002,1167794,"6",1792
"ERR12861487",1167795,1170671,"4",2876
"ERR12861487",1225679,1226501,"4",822
"ERR12861487",1246142,1252378,"4",6236
"ERR12861487",1264224,1264972,"4",748
"ERR12861487",1274588,1276151,"9",1563
"ERR12861487",1282091,1286385,"6",4294
"ERR12861487",1286386,1288748,"7",2362
"ERR12861487",1333590,1334480,"7",890
"ERR12861487",1368263,1375334,"6",7071
"ERR12861487",1388354,1390000,"10",1646
"ERR12861487",1402533,1403224,"7",691
"ERR12861487",1403225,1404036,"4",811
"ERR12861487",1411732,1413503,"7",1771
"ERR12861487",1460802,1462110,"10",1308
"ERR12861487",1532780,1533046,"4",266
"ERR12861487",1580464,1581602,"6",1138
"ERR12861487",1591866,1595132,"4",3266
"ERR12861487",1596890,1598021,"5",1131
"ERR12861487",1609868,1613849,"7",3981
"ERR12861487",1613850,1615876,"9",2026
"ERR12861487",1615877,1616870,"4",993
"ERR12861487",1642591,1648654,"4",6063
"ERR12861487",1695103,1698366,"8",3263
"ERR12861487",1698367,1699610,"4",1243
"ERR12861487",1718099,1719094,"10",995
"ERR12861487",1729137,1731415,"5",2278
"ERR12861487",1748513,1749882,"7",1369
"ERR12861487",1783397,1784825,"6",1428
"ERR12861487",1803876,1805188,"10",1312
"ERR12861487",1805655,1806632,"7",977
"ERR12861487",1806633,1809409,"10",2776
"ERR12861487",1809410,1809758,"6",348
"ERR12861487",1817718,1820647,"10",2929
"ERR12861487",1820648,1823069,"6",2421
"ERR12861487",1823875,1824660,"4",785
"ERR12861487",1841818,1842444,"4",626
"ERR12861487",1855311,1858988,"6",3677
"ERR12861487",1864188,1867420,"6",3232
"ERR12861487",1881154,1884496,"9",3342
"ERR12861487",1884685,1886218,"7",1533
"ERR12861487",1905531,1907576,"4",2045
"ERR12861487",1910812,1914204,"6",3392
"ERR12861487",1984601,1986340,"4",1739
"ERR12861487",1988187,1991989,"10",3802
"ERR12861487",1997533,1998250,"6",717
"ERR12861487",2016005,2017131,"4",1126
"ERR12861487",2030285,2031953,"10",1668
"ERR12861487",2060143,2061797,"4",1654
"ERR12861487",2061798,2064948,"6",3150
"ERR12861487",2065369,2066649,"4",1280
"ERR12861487",2066650,2067637,"8",987
"ERR12861487",2073246,2074813,"4",1567
"ERR12861487",2175500,2177365,"4",1865
"ERR12861487",2178655,2180792,"4",2137
"ERR12861487",2180793,2182556,"10",1763
"ERR12861487",2211666,2212179,"9",513
"ERR12861487",2212180,2215822,"4",3642
"ERR12861487",2215823,2217815,"10",1992
"ERR12861487",2217816,2220459,"4",2643
"ERR12861487",2220460,2221572,"9",1112
"ERR12861487",2230038,2232276,"4",2238
"ERR12861487",2295823,2302059,"10",6236
"ERR12861487",2303563,2304507,"3",944
"ERR12861487",2304508,2306743,"4",2235
"ERR12861487",2306744,2308341,"6",1597
"ERR12861487",2311119,2312530,"10",1411
"ERR12861487",2341166,2342454,"10",1288
"ERR12861487",2388954,2389712,"4",758
"ERR12861487",2405511,2407088,"10",1577
"ERR12861487",2417685,2418381,"4",696
"ERR12861487",2421425,2423851,"9",2426
"ERR12861487",2423852,2425896,"7",2044
"ERR12861487",2425897,2428790,"4",2893
"ERR12861487",2432061,2434487,"10",2426
"ERR12861487",2440120,2442035,"6",1915
"ERR12861487",2631321,2632596,"4",1275
"ERR12861487",2654191,2655234,"4",1043
"ERR12861487",2668135,2669643,"7",1508
"ERR12861487",2674206,2677522,"4",3316
"ERR12861487",2677523,2680869,"10",3346
"ERR12861487",2694199,2695211,"7",1012
"ERR12861487",2701368,2704755,"4",3387
"ERR12861487",2710132,2711531,"10",1399
"ERR12861487",2731161,2735518,"4",4357
"ERR12861487",2770737,2772558,"8",1821
"ERR12861487",2795777,2798078,"4",2301
"ERR12861487",2841561,2843130,"7",1569
"ERR12861487",2845556,2849826,"10",4270
"ERR12861487",2896845,2898567,"9",1722
"ERR12861487",2908255,2910584,"4",2329
"ERR12861487",2910585,2913182,"6",2597
"ERR12861487",2928543,2932305,"4",3762
"ERR12861487",2932306,2932701,"3",395
"ERR12861487",2934920,2937085,"5",2165
"ERR12861487",2949352,2951773,"4",2421
"ERR12861487",2973824,2976606,"4",2782
"ERR12861487",3032170,3033434,"7",1264
"ERR12861487",3039002,3041482,"6",2480
"ERR12861487",3050173,3059238,"4",9065
"ERR12861487",3066167,3066597,"6",430
"ERR12861487",3066598,3079570,"4",12972
"ERR12861487",3079571,3084915,"10",5344
"ERR12861487",3153041,3157071,"6",4030
"ERR12861487",3174491,3175602,"4",1111
"ERR12861487",3182634,3184643,"4",2009
"ERR12861487",3204668,3205581,"6",913
"ERR12861487",3205582,3206717,"10",1135
"ERR12861487",3206718,3208154,"6",1436
"ERR12861487",3216016,3222971,"10",6955
"ERR12861487",3222972,3227310,"6",4338
"ERR12861487",3312389,3313217,"7",828
"ERR12861487",3338280,3338470,"10",190
"ERR12861487",3432741,3435121,"4",2380
"ERR12861487",3436039,3437800,"5",1761
"ERR12861487",3461406,3462144,"7",738
"ERR12861487",3473380,3476771,"10",3391
"ERR12861487",3476772,3479828,"4",3056
"ERR12861487",3483986,3486850,"4",2864
"ERR12861487",3492441,3493380,"6",939
"ERR12861487",3578914,3580456,"4",1542
"ERR12861487",3590378,3597929,"4",7551
"ERR12861487",3597930,3601683,"7",3753
"ERR12861487",3623028,3626521,"5",3493
"ERR12861487",3626522,3628212,"6",1690
"ERR12861487",3637718,3639990,"10",2272
"ERR12861487",3639991,3642842,"9",2851
"ERR12861487",3642843,3643419,"4",576
"ERR12861487",3663796,3664964,"3",1168
"ERR12861487",3686481,3689474,"6",2993
"ERR12861487",3689475,3692005,"4",2530
"ERR12861487",3733290,3734649,"5",1359
"ERR12861487",3767058,3767814,"4",756
"ERR12861487",3838932,3839221,"4",289
"ERR12861487",3844063,3844910,"10",847
"ERR12861487",3844911,3846892,"6",1981
"ERR12861487",3846893,3847927,"4",1034
"ERR12861487",3877167,3879797,"4",2630
"ERR12861487",3902689,3904302,"6",1613
"ERR12861487",3921619,3923226,"10",1607
"ERR12861487",3942787,3944265,"6",1478
"ERR12861487",3963583,3969695,"7",6112
"ERR12861487",3978531,3981566,"4",3035
"ERR12861487",3993758,4000791,"4",7033
"ERR12861487",4076884,4078706,"4",1822
"ERR12861487",4134633,4137934,"6",3301
"ERR12861379",49964,51349,"4",1385
"ERR12861379",110757,112285,"4",1528
"ERR12861379",151655,152842,"1",1187
"ERR12861379",190596,191740,"4",1144
"ERR12861379",204474,206203,"1",1729
"ERR12861379",207089,207486,"2",397
"ERR12861379",214453,217406,"6",2953
"ERR12861379",223100,223574,"3",474
"ERR12861379",223575,228181,"4",4606
"ERR12861379",306403,307052,"8",649
"ERR12861379",338134,341461,"6",3327
"ERR12861379",380529,381334,"10",805
"ERR12861379",398387,400306,"6",1919
"ERR12861379",400307,403272,"4",2965
"ERR12861379",446371,447216,"4",845
"ERR12861379",484419,484980,"10",561
"ERR12861379",527295,528288,"3",993
"ERR12861379",537055,538099,"6",1044
"ERR12861379",547284,548113,"10",829
"ERR12861379",550772,551857,"6",1085
"ERR12861379",612202,613593,"4",1391
"ERR12861379",685967,690052,"4",4085
"ERR12861379",716594,717212,"6",618
"ERR12861379",717213,717648,"10",435
"ERR12861379",753608,754336,"1",728
"ERR12861379",825187,825854,"5",667
"ERR12861379",858764,860938,"1",2174
"ERR12861379",917437,920919,"4",3482
"ERR12861379",952561,956169,"6",3608
"ERR12861379",983258,984120,"4",862
"ERR12861379",989895,990658,"6",763
"ERR12861379",993775,994830,"10",1055
"ERR12861379",994831,996923,"9",2092
"ERR12861379",1048311,1048583,"6",272
"ERR12861379",1051140,1052025,"10",885
"ERR12861379",1061468,1063927,"4",2459
"ERR12861379",1076399,1077390,"5",991
"ERR12861379",1077391,1078316,"10",925
"ERR12861379",1078317,1079369,"4",1052
"ERR12861379",1086469,1088058,"8",1589
"ERR12861379",1100082,1101049,"2",967
"ERR12861379",1105970,1107672,"4",1702
"ERR12861379",1125019,1126814,"4",1795
"ERR12861379",1180683,1181470,"4",787
"ERR12861379",1195280,1196577,"6",1297
"ERR12861379",1196578,1197712,"4",1134
"ERR12861379",1204094,1205492,"5",1398
"ERR12861379",1252514,1252939,"6",425
"ERR12861379",1264315,1266250,"9",1935
"ERR12861379",1266251,1268117,"4",1866
"ERR12861379",1323880,1331259,"4",7379
"ERR12861379",1344088,1344443,"10",355
"ERR12861379",1344444,1345450,"4",1006
"ERR12861379",1345451,1346507,"10",1056
"ERR12861379",1346508,1352247,"4",5739
"ERR12861379",1468345,1470098,"10",1753
"ERR12861379",1481187,1482158,"6",971
"ERR12861379",1502133,1502566,"4",433
"ERR12861379",1520319,1521861,"1",1542
"ERR12861379",1532760,1533863,"8",1103
"ERR12861379",1533864,1546773,"4",12909
"ERR12861379",1554323,1555893,"4",1570
"ERR12861379",1555894,1556989,"10",1095
"ERR12861379",1556990,1557694,"1",704
"ERR12861379",1570692,1575892,"6",5200
"ERR12861379",1575893,1576426,"5",533
"ERR12861379",1594133,1595233,"1",1100
"ERR12861379",1595234,1597603,"4",2369
"ERR12861379",1601712,1603319,"6",1607
"ERR12861379",1607682,1607774,"1",92
"ERR12861379",1611372,1612425,"4",1053
"ERR12861379",1615735,1621330,"6",5595
"ERR12861379",1622406,1624795,"4",2389
"ERR12861379",1626564,1627493,"8",929
"ERR12861379",1627494,1628972,"6",1478
"ERR12861379",1639878,1642261,"8",2383
"ERR12861379",1651504,1653524,"8",2020
"ERR12861379",1697554,1698116,"6",562
"ERR12861379",1742900,1744303,"4",1403
"ERR12861379",1744304,1746219,"8",1915
"ERR12861379",1752051,1758603,"4",6552
"ERR12861379",1782055,1783280,"1",1225
"ERR12861379",1785069,1786208,"9",1139
"ERR12861379",1821403,1822189,"6",786
"ERR12861379",1833090,1836547,"9",3457
"ERR12861379",1849745,1850603,"4",858
"ERR12861379",1874814,1875924,"2",1110
"ERR12861379",1879396,1880380,"4",984
"ERR12861379",1888553,1889385,"6",832
"ERR12861379",1893933,1897936,"4",4003
"ERR12861379",1906708,1907530,"4",822
"ERR12861379",1945968,1946788,"2",820
"ERR12861379",1954631,1955422,"10",791
"ERR12861379",1969462,1973508,"6",4046
"ERR12861379",1978287,1978468,"4",181
"ERR12861379",2073595,2074813,"4",1218
"ERR12861379",2099957,2101236,"10",1279
"ERR12861379",2124009,2125522,"4",1513
"ERR12861379",2127867,2131255,"1",3388
"ERR12861379",2131256,2132472,"4",1216
"ERR12861379",2151032,2154039,"5",3007
"ERR12861379",2161363,2163690,"10",2327
"ERR12861379",2175688,2177330,"6",1642
"ERR12861379",2186316,2187416,"6",1100
"ERR12861379",2187417,2189623,"4",2206
"ERR12861379",2196402,2199271,"4",2869
"ERR12861379",2199272,2200516,"6",1244
"ERR12861379",2208856,2210288,"8",1432
"ERR12861379",2238247,2238567,"4",320
"ERR12861379",2250615,2253693,"4",3078
"ERR12861379",2262751,2272775,"4",10024
"ERR12861379",2286988,2287549,"4",561
"ERR12861379",2382229,2383403,"6",1174
"ERR12861379",2383404,2389348,"4",5944
"ERR12861379",2389349,2390305,"6",956
"ERR12861379",2410328,2411923,"2",1595
"ERR12861379",2427050,2428380,"4",1330
"ERR12861379",2444290,2445543,"1",1253
"ERR12861379",2484411,2486406,"8",1995
"ERR12861379",2492263,2493657,"10",1394
"ERR12861379",2505856,2518579,"4",12723
"ERR12861379",2529290,2530332,"6",1042
"ERR12861379",2555397,2556948,"4",1551
"ERR12861379",2566092,2567772,"8",1680
"ERR12861379",2570730,2571890,"6",1160
"ERR12861379",2595743,2598558,"5",2815
"ERR12861379",2634654,2635943,"4",1289
"ERR12861379",2642508,2643275,"2",767
"ERR12861379",2646062,2647196,"3",1134
"ERR12861379",2656511,2660764,"4",4253
"ERR12861379",2664302,2665739,"3",1437
"ERR12861379",2707800,2708970,"1",1170
"ERR12861379",2715746,2719699,"6",3953
"ERR12861379",2727828,2729401,"2",1573
"ERR12861379",2745072,2748281,"6",3209
"ERR12861379",2753648,2754921,"9",1273
"ERR12861379",2794256,2795852,"6",1596
"ERR12861379",2801393,2808489,"10",7096
"ERR12861379",2810729,2813538,"5",2809
"ERR12861379",2813539,2814034,"3",495
"ERR12861379",2864408,2865466,"1",1058
"ERR12861379",2922423,2923300,"10",877
"ERR12861379",2938827,2942329,"1",3502
"ERR12861379",2965455,2968304,"4",2849
"ERR12861379",2980143,2982747,"9",2604
"ERR12861379",2982748,2985027,"4",2279
"ERR12861379",3003037,3004192,"6",1155
"ERR12861379",3043005,3044537,"4",1532
"ERR12861379",3063237,3066078,"10",2841
"ERR12861379",3066079,3071063,"2",4984
"ERR12861379",3205785,3212888,"10",7103
"ERR12861379",3221605,3224556,"9",2951
"ERR12861379",3233098,3234793,"5",1695
"ERR12861379",3256456,3257633,"6",1177
"ERR12861379",3286700,3288930,"2",2230
"ERR12861379",3358478,3366829,"4",8351
"ERR12861379",3390591,3391354,"1",763
"ERR12861379",3391355,3392742,"2",1387
"ERR12861379",3392743,3394371,"5",1628
"ERR12861379",3415501,3419757,"4",4256
"ERR12861379",3427526,3429784,"4",2258
"ERR12861379",3429785,3431252,"10",1467
"ERR12861379",3441885,3442645,"10",760
"ERR12861379",3442646,3444541,"5",1895
"ERR12861379",3445887,3450107,"4",4220
"ERR12861379",3452651,3454090,"4",1439
"ERR12861379",3462495,3463889,"4",1394
"ERR12861379",3474911,3475777,"2",866
"ERR12861379",3496416,3497073,"6",657
"ERR12861379",3503261,3504688,"9",1427
"ERR12861379",3508971,3510137,"10",1166
"ERR12861379",3515030,3516217,"10",1187
"ERR12861379",3516218,3517857,"2",1639
"ERR12861379",3534654,3535926,"4",1272
"ERR12861379",3609509,3610284,"6",775
"ERR12861379",3612049,3612775,"1",726
"ERR12861379",3733056,3734649,"6",1593
"ERR12861379",3779038,3786270,"1",7232
"ERR12861379",3799533,3800054,"9",521
"ERR12861379",3839444,3840101,"9",657
"ERR12861379",3865881,3866010,"9",129
"ERR12861379",3867632,3869001,"4",1369
"ERR12861379",3892948,3894120,"4",1172
"ERR12861379",3928097,3929694,"6",1597
"ERR12861379",3975348,3976861,"8",1513
"ERR12861379",3976862,3978283,"10",1421
"ERR12861379",4031481,4032957,"10",1476
"ERR12861379",4070588,4072307,"8",1719
"ERR12861379",4072308,4073235,"4",927
"ERR12861379",4108620,4108724,"8",104
"ERR12861379",4108725,4109259,"1",534
"ERR12861379",4113299,4114231,"5",932
"ERR12861379",4115547,4117967,"8",2420
"ERR12861379",4117968,4118257,"10",289
"ERR12861379",4222639,4240081,"4",17442
"DRR286155",74528,76017,"8",1489
"DRR286155",76018,76945,"4",927
"DRR286155",692086,692880,"2",794
"DRR286155",785745,786090,"9",345
"DRR286155",837859,838617,"2",758
"DRR286155",1467109,1468041,"2",932
"DRR286155",1496907,1498493,"8",1586
"DRR286155",1574679,1576163,"2",1484
"DRR286155",2255424,2255999,"8",575
"DRR286155",3201066,3202053,"2",987
"DRR286155",3318210,3319779,"2",1569
"DRR286155",3324300,3326406,"2",2106
"DRR286155",3395750,3396144,"2",394
"DRR286155",3474080,3475041,"10",961
"DRR286155",3609069,3609965,"10",896
"DRR286155",3654008,3654752,"2",744
"DRR286155",3655497,3656225,"2",728
"DRR286155",3662646,3663497,"2",851
"DRR286155",4013345,4014221,"2",876
"DRR286155",4025547,4026386,"10",839
"DRR286155",4090051,4091193,"2",1142
"ERR12861552",35006,36078,"10",1072
"ERR12861552",36079,37528,"4",1449
"ERR12861552",37529,40556,"5",3027
"ERR12861552",51540,55607,"4",4067
"ERR12861552",70691,73060,"4",2369
"ERR12861552",90405,94184,"4",3779
"ERR12861552",99222,102970,"4",3748
"ERR12861552",103072,105676,"10",2604
"ERR12861552",105677,109462,"7",3785
"ERR12861552",109463,116093,"4",6630
"ERR12861552",117759,122043,"10",4284
"ERR12861552",122044,136525,"4",14481
"ERR12861552",137302,140833,"4",3531
"ERR12861552",140834,142374,"5",1540
"ERR12861552",162625,168335,"4",5710
"ERR12861552",168336,169485,"5",1149
"ERR12861552",169486,169776,"4",290
"ERR12861552",179553,183871,"5",4318
"ERR12861552",189444,191681,"4",2237
"ERR12861552",191682,191740,"10",58
"ERR12861552",198594,199962,"5",1368
"ERR12861552",199963,201317,"7",1354
"ERR12861552",201318,202540,"2",1222
"ERR12861552",208127,208602,"5",475
"ERR12861552",216647,217211,"7",564
"ERR12861552",219963,223449,"5",3486
"ERR12861552",223450,224448,"4",998
"ERR12861552",230863,231810,"5",947
"ERR12861552",234352,237998,"4",3646
"ERR12861552",237999,240175,"7",2176
"ERR12861552",255855,256740,"3",885
"ERR12861552",256741,257174,"7",433
"ERR12861552",257175,260629,"4",3454
"ERR12861552",262015,263876,"4",1861
"ERR12861552",275693,277190,"5",1497
"ERR12861552",282624,284870,"4",2246
"ERR12861552",288116,289542,"5",1426
"ERR12861552",289543,290293,"4",750
"ERR12861552",293274,294710,"4",1436
"ERR12861552",305504,306289,"4",785
"ERR12861552",307086,311572,"4",4486
"ERR12861552",311573,314300,"5",2727
"ERR12861552",317436,317736,"3",300
"ERR12861552",318299,320537,"10",2238
"ERR12861552",320682,324582,"5",3900
"ERR12861552",324896,329523,"4",4627
"ERR12861552",330467,332064,"7",1597
"ERR12861552",332065,335073,"4",3008
"ERR12861552",338678,339353,"10",675
"ERR12861552",339354,342294,"4",2940
"ERR12861552",357535,359030,"7",1495
"ERR12861552",365191,366158,"7",967
"ERR12861552",367484,368035,"7",551
"ERR12861552",369547,370242,"7",695
"ERR12861552",370243,371018,"4",775
"ERR12861552",371019,371160,"1",141
"ERR12861552",372824,375526,"5",2702
"ERR12861552",375527,376453,"2",926
"ERR12861552",376454,376746,"1",292
"ERR12861552",376747,383066,"4",6319
"ERR12861552",387785,388778,"5",993
"ERR12861552",390603,394216,"1",3613
"ERR12861552",401388,408767,"4",7379
"ERR12861552",408768,409648,"5",880
"ERR12861552",430039,430550,"5",511
"ERR12861552",430551,433409,"7",2858
"ERR12861552",433410,434043,"2",633
"ERR12861552",434044,434843,"1",799
"ERR12861552",437180,440337,"4",3157
"ERR12861552",443709,444166,"4",457
"ERR12861552",444167,444598,"5",431
"ERR12861552",458130,468456,"4",10326
"ERR12861552",468457,470097,"5",1640
"ERR12861552",470098,475342,"4",5244
"ERR12861552",493826,497062,"4",3236
"ERR12861552",497063,499849,"10",2786
"ERR12861552",508522,509671,"4",1149
"ERR12861552",509672,512688,"7",3016
"ERR12861552",515326,521145,"4",5819
"ERR12861552",521146,521882,"2",736
"ERR12861552",524090,528585,"7",4495
"ERR12861552",528586,530891,"4",2305
"ERR12861552",530892,531689,"5",797
"ERR12861552",547284,548478,"7",1194
"ERR12861552",555911,557334,"4",1423
"ERR12861552",570127,574858,"7",4731
"ERR12861552",574859,576342,"1",1483
"ERR12861552",581030,582778,"5",1748
"ERR12861552",582779,586589,"4",3810
"ERR12861552",590845,592456,"5",1611
"ERR12861552",592457,594550,"4",2093
"ERR12861552",596282,597601,"4",1319
"ERR12861552",597602,599488,"5",1886
"ERR12861552",607864,609092,"4",1228
"ERR12861552",609995,613593,"4",3598
"ERR12861552",615872,617018,"5",1146
"ERR12861552",617019,621323,"10",4304
"ERR12861552",633798,635280,"4",1482
"ERR12861552",647749,648463,"5",714
"ERR12861552",659225,659495,"4",270
"ERR12861552",659496,660323,"5",827
"ERR12861552",660324,662380,"4",2056
"ERR12861552",666909,667771,"10",862
"ERR12861552",667772,670912,"7",3140
"ERR12861552",673981,675538,"5",1557
"ERR12861552",690492,691958,"9",1466
"ERR12861552",691959,694552,"1",2593
"ERR12861552",699841,701825,"5",1984
"ERR12861552",713213,715051,"5",1838
"ERR12861552",720829,725253,"4",4424
"ERR12861552",732032,736477,"4",4445
"ERR12861552",744151,745322,"9",1171
"ERR12861552",745323,748164,"4",2841
"ERR12861552",748165,749293,"2",1128
"ERR12861552",758014,761257,"4",3243
"ERR12861552",761258,762898,"10",1640
"ERR12861552",766751,769257,"4",2506
"ERR12861552",770647,771372,"7",725
"ERR12861552",772663,773114,"4",451
"ERR12861552",773115,773525,"1",410
"ERR12861552",773526,774104,"7",578
"ERR12861552",780615,782050,"10",1435
"ERR12861552",784591,785243,"9",652
"ERR12861552",785244,786634,"4",1390
"ERR12861552",789219,790912,"7",1693
"ERR12861552",798859,801461,"1",2602
"ERR12861552",801462,803151,"4",1689
"ERR12861552",803731,804355,"3",624
"ERR12861552",804356,809628,"4",5272
"ERR12861552",819150,823925,"7",4775
"ERR12861552",823926,825920,"10",1994
"ERR12861552",827895,829013,"7",1118
"ERR12861552",829014,830488,"10",1474
"ERR12861552",842782,848228,"5",5446
"ERR12861552",848229,849199,"10",970
"ERR12861552",849200,852410,"1",3210
"ERR12861552",862737,864910,"4",2173
"ERR12861552",864911,866574,"5",1663
"ERR12861552",871441,876736,"4",5295
"ERR12861552",876737,878812,"5",2075
"ERR12861552",879215,880600,"10",1385
"ERR12861552",883503,884525,"4",1022
"ERR12861552",891123,893122,"4",1999
"ERR12861552",895063,900470,"4",5407
"ERR12861552",913133,919425,"4",6292
"ERR12861552",939310,942234,"10",2924
"ERR12861552",947761,948675,"10",914
"ERR12861552",954934,958419,"5",3485
"ERR12861552",962440,964978,"4",2538
"ERR12861552",967743,969220,"4",1477
"ERR12861552",969783,970953,"9",1170
"ERR12861552",970954,971336,"7",382
"ERR12861552",984379,986096,"4",1717
"ERR12861552",989918,991036,"5",1118
"ERR12861552",994831,996984,"4",2153
"ERR12861552",1007319,1009213,"4",1894
"ERR12861552",1021206,1023102,"1",1896
"ERR12861552",1023103,1024726,"4",1623
"ERR12861552",1037599,1038113,"4",514
"ERR12861552",1044776,1045751,"4",975
"ERR12861552",1045752,1047464,"10",1712
"ERR12861552",1050261,1051309,"4",1048
"ERR12861552",1051310,1052338,"10",1028
"ERR12861552",1052339,1053628,"7",1289
"ERR12861552",1053629,1055078,"5",1449
"ERR12861552",1055079,1056937,"10",1858
"ERR12861552",1056938,1058468,"4",1530
"ERR12861552",1058469,1060030,"10",1561
"ERR12861552",1060031,1061201,"4",1170
"ERR12861552",1061202,1061878,"5",676
"ERR12861552",1061879,1064644,"4",2765
"ERR12861552",1067950,1069067,"10",1117
"ERR12861552",1069884,1071788,"4",1904
"ERR12861552",1072743,1076198,"4",3455
"ERR12861552",1077391,1083198,"4",5807
"ERR12861552",1083199,1084714,"2",1515
"ERR12861552",1084715,1087567,"4",2852
"ERR12861552",1088184,1089306,"4",1122
"ERR12861552",1094355,1095738,"4",1383
"ERR12861552",1096863,1103032,"4",6169
"ERR12861552",1111493,1114048,"4",2555
"ERR12861552",1139446,1142222,"7",2776
"ERR12861552",1144819,1147469,"4",2650
"ERR12861552",1149649,1152400,"4",2751
"ERR12861552",1158497,1160518,"4",2021
"ERR12861552",1162305,1163899,"4",1594
"ERR12861552",1166002,1169367,"4",3365
"ERR12861552",1176550,1178745,"1",2195
"ERR12861552",1178746,1181720,"4",2974
"ERR12861552",1181721,1182024,"5",303
"ERR12861552",1188914,1190742,"7",1828
"ERR12861552",1201170,1201711,"2",541
"ERR12861552",1201712,1202436,"3",724
"ERR12861552",1202437,1204128,"1",1691
"ERR12861552",1204129,1205367,"5",1238
"ERR12861552",1209346,1214677,"4",5331
"ERR12861552",1215430,1216795,"10",1365
"ERR12861552",1216796,1219523,"4",2727
"ERR12861552",1219524,1222077,"10",2553
"ERR12861552",1222078,1223823,"4",1745
"ERR12861552",1223824,1227110,"5",3286
"ERR12861552",1227111,1244578,"4",17467
"ERR12861552",1245299,1250635,"4",5336
"ERR12861552",1250636,1252343,"5",1707
"ERR12861552",1264421,1265080,"4",659
"ERR12861552",1266348,1267622,"1",1274
"ERR12861552",1267623,1274372,"4",6749
"ERR12861552",1275566,1278122,"5",2556
"ERR12861552",1278123,1279235,"4",1112
"ERR12861552",1279236,1282713,"7",3477
"ERR12861552",1285634,1286275,"9",641
"ERR12861552",1286276,1287894,"4",1618
"ERR12861552",1287895,1288798,"9",903
"ERR12861552",1296709,1304510,"4",7801
"ERR12861552",1304511,1304615,"7",104
"ERR12861552",1310259,1310526,"7",267
"ERR12861552",1310527,1311193,"10",666
"ERR12861552",1322130,1323543,"7",1413
"ERR12861552",1332808,1333391,"2",583
"ERR12861552",1333392,1334480,"5",1088
"ERR12861552",1334481,1342629,"4",8148
"ERR12861552",1342630,1343181,"8",551
"ERR12861552",1348962,1350285,"4",1323
"ERR12861552",1359129,1359673,"10",544
"ERR12861552",1378867,1379899,"7",1032
"ERR12861552",1379900,1381002,"4",1102
"ERR12861552",1386569,1390082,"4",3513
"ERR12861552",1391857,1396486,"4",4629
"ERR12861552",1397830,1398377,"3",547
"ERR12861552",1398378,1402264,"4",3886
"ERR12861552",1405591,1407015,"7",1424
"ERR12861552",1409366,1410096,"10",730
"ERR12861552",1447857,1449320,"7",1463
"ERR12861552",1450272,1450794,"4",522
"ERR12861552",1451215,1457855,"4",6640
"ERR12861552",1457856,1464002,"7",6146
"ERR12861552",1464003,1465367,"5",1364
"ERR12861552",1478347,1479235,"10",888
"ERR12861552",1479236,1481686,"4",2450
"ERR12861552",1481687,1483574,"5",1887
"ERR12861552",1499684,1501558,"7",1874
"ERR12861552",1501559,1505430,"4",3871
"ERR12861552",1507783,1508126,"7",343
"ERR12861552",1508127,1509955,"1",1828
"ERR12861552",1509956,1511183,"4",1227
"ERR12861552",1511184,1513352,"5",2168
"ERR12861552",1513353,1513704,"10",351
"ERR12861552",1515657,1516503,"4",846
"ERR12861552",1528215,1529724,"4",1509
"ERR12861552",1532768,1533079,"4",311
"ERR12861552",1543373,1544932,"2",1559
"ERR12861552",1545893,1547343,"5",1450
"ERR12861552",1547344,1552855,"4",5511
"ERR12861552",1552856,1553788,"5",932
"ERR12861552",1556568,1557630,"2",1062
"ERR12861552",1561128,1563496,"10",2368
"ERR12861552",1564887,1566310,"7",1423
"ERR12861552",1576008,1576547,"5",539
"ERR12861552",1589919,1590938,"5",1019
"ERR12861552",1590939,1594174,"1",3235
"ERR12861552",1596046,1600845,"1",4799
"ERR12861552",1606027,1609696,"4",3669
"ERR12861552",1614323,1623641,"4",9318
"ERR12861552",1624796,1626429,"2",1633
"ERR12861552",1626430,1629703,"5",3273
"ERR12861552",1630966,1635350,"4",4384
"ERR12861552",1642375,1648654,"4",6279
"ERR12861552",1650614,1651008,"5",394
"ERR12861552",1664168,1665411,"7",1243
"ERR12861552",1666549,1672285,"4",5736
"ERR12861552",1672286,1673266,"5",980
"ERR12861552",1673267,1679450,"4",6183
"ERR12861552",1679451,1680240,"1",789
"ERR12861552",1680241,1687778,"4",7537
"ERR12861552",1687779,1688676,"2",897
"ERR12861552",1700989,1702318,"7",1329
"ERR12861552",1702319,1705616,"1",3297
"ERR12861552",1713902,1714762,"10",860
"ERR12861552",1714763,1717410,"5",2647
"ERR12861552",1719095,1719712,"4",617
"ERR12861552",1720358,1720708,"9",350
"ERR12861552",1720709,1721737,"10",1028
"ERR12861552",1721738,1726142,"4",4404
"ERR12861552",1732646,1736779,"4",4133
"ERR12861552",1736780,1737507,"2",727
"ERR12861552",1750056,1751711,"10",1655
"ERR12861552",1751712,1753982,"7",2270
"ERR12861552",1755592,1765802,"4",10210
"ERR12861552",1765803,1766293,"3",490
"ERR12861552",1766294,1768858,"4",2564
"ERR12861552",1771442,1778430,"4",6988
"ERR12861552",1784507,1785862,"5",1355
"ERR12861552",1785863,1787609,"4",1746
"ERR12861552",1791056,1795972,"7",4916
"ERR12861552",1795973,1797483,"5",1510
"ERR12861552",1802375,1806632,"4",4257
"ERR12861552",1808021,1808814,"4",793
"ERR12861552",1808815,1810875,"5",2060
"ERR12861552",1814219,1816877,"1",2658
"ERR12861552",1816878,1817648,"4",770
"ERR12861552",1836009,1837345,"4",1336
"ERR12861552",1837346,1839767,"5",2421
"ERR12861552",1839768,1840239,"3",471
"ERR12861552",1850725,1854248,"7",3523
"ERR12861552",1856613,1858772,"10",2159
"ERR12861552",1858773,1863139,"4",4366
"ERR12861552",1868864,1870165,"5",1301
"ERR12861552",1874408,1875688,"8",1280
"ERR12861552",1879585,1883232,"4",3647
"ERR12861552",1905298,1906416,"4",1118
"ERR12861552",1906417,1907612,"5",1195
"ERR12861552",1920141,1925071,"10",4930
"ERR12861552",1937362,1941331,"4",3969
"ERR12861552",1946270,1946312,"1",42
"ERR12861552",1946313,1947653,"2",1340
"ERR12861552",1953297,1958426,"4",5129
"ERR12861552",1958427,1959424,"10",997
"ERR12861552",1959425,1961317,"5",1892
"ERR12861552",1961318,1962707,"1",1389
"ERR12861552",1964846,1966553,"1",1707
"ERR12861552",1969574,1975708,"4",6134
"ERR12861552",1982019,1982739,"4",720
"ERR12861552",1996157,1999367,"10",3210
"ERR12861552",1999368,2004020,"4",4652
"ERR12861552",2004021,2004877,"10",856
"ERR12861552",2004878,2007432,"4",2554
"ERR12861552",2008213,2008851,"4",638
"ERR12861552",2012423,2012716,"1",293
"ERR12861552",2012717,2014146,"4",1429
"ERR12861552",2014147,2015584,"5",1437
"ERR12861552",2015966,2018103,"5",2137
"ERR12861552",2021631,2023965,"4",2334
"ERR12861552",2023966,2027449,"10",3483
"ERR12861552",2030897,2032323,"5",1426
"ERR12861552",2037701,2039791,"5",2090
"ERR12861552",2039792,2044056,"4",4264
"ERR12861552",2044057,2046166,"1",2109
"ERR12861552",2046167,2049638,"10",3471
"ERR12861552",2049639,2050602,"4",963
"ERR12861552",2060910,2063577,"4",2667
"ERR12861552",2063578,2064305,"5",727
"ERR12861552",2067744,2068786,"4",1042
"ERR12861552",2070431,2072317,"5",1886
"ERR12861552",2072318,2074388,"4",2070
"ERR12861552",2084475,2086141,"4",1666
"ERR12861552",2088485,2089056,"10",571
"ERR12861552",2089057,2089773,"5",716
"ERR12861552",2094161,2096468,"4",2307
"ERR12861552",2104952,2110703,"4",5751
"ERR12861552",2110704,2113540,"10",2836
"ERR12861552",2113541,2117321,"7",3780
"ERR12861552",2117322,2120063,"5",2741
"ERR12861552",2133049,2134938,"7",1889
"ERR12861552",2134939,2146325,"4",11386
"ERR12861552",2146326,2147354,"7",1028
"ERR12861552",2170380,2172603,"5",2223
"ERR12861552",2172604,2174741,"4",2137
"ERR12861552",2181213,2182853,"10",1640
"ERR12861552",2182854,2185488,"5",2634
"ERR12861552",2193793,2194572,"10",779
"ERR12861552",2194573,2198886,"4",4313
"ERR12861552",2215895,2219559,"4",3664
"ERR12861552",2219560,2221510,"1",1950
"ERR12861552",2226374,2231280,"4",4906
"ERR12861552",2233225,2234994,"4",1769
"ERR12861552",2238706,2239050,"5",344
"ERR12861552",2239051,2243619,"7",4568
"ERR12861552",2243620,2244953,"5",1333
"ERR12861552",2244954,2246349,"1",1395
"ERR12861552",2246350,2248406,"2",2056
"ERR12861552",2248407,2250133,"10",1726
"ERR12861552",2253142,2255050,"10",1908
"ERR12861552",2263245,2264509,"4",1264
"ERR12861552",2276457,2278126,"7",1669
"ERR12861552",2288206,2290421,"4",2215
"ERR12861552",2302748,2304507,"3",1759
"ERR12861552",2304508,2305426,"4",918
"ERR12861552",2308514,2309362,"10",848
"ERR12861552",2309363,2311811,"1",2448
"ERR12861552",2311812,2312338,"3",526
"ERR12861552",2323260,2325244,"4",1984
"ERR12861552",2325245,2326131,"5",886
"ERR12861552",2326132,2329055,"4",2923
"ERR12861552",2329056,2331932,"5",2876
"ERR12861552",2341031,2342517,"3",1486
"ERR12861552",2342518,2345509,"5",2991
"ERR12861552",2345510,2348620,"7",3110
"ERR12861552",2351225,2352879,"7",1654
"ERR12861552",2354331,2356659,"5",2328
"ERR12861552",2356660,2363719,"7",7059
"ERR12861552",2363720,2366500,"4",2780
"ERR12861552",2366501,2367381,"2",880
"ERR12861552",2372205,2374873,"7",2668
"ERR12861552",2375186,2376859,"5",1673
"ERR12861552",2376860,2379318,"7",2458
"ERR12861552",2381186,2382061,"5",875
"ERR12861552",2394348,2395219,"10",871
"ERR12861552",2395220,2399485,"4",4265
"ERR12861552",2400150,2414463,"4",14313
"ERR12861552",2414464,2415856,"5",1392
"ERR12861552",2415857,2416936,"4",1079
"ERR12861552",2420858,2422550,"5",1692
"ERR12861552",2422551,2423851,"4",1300
"ERR12861552",2423852,2424550,"10",698
"ERR12861552",2424551,2426658,"5",2107
"ERR12861552",2426659,2428914,"4",2255
"ERR12861552",2437949,2438586,"10",637
"ERR12861552",2438587,2440119,"1",1532
"ERR12861552",2442036,2444130,"5",2094
"ERR12861552",2444131,2445193,"7",1062
"ERR12861552",2445194,2446829,"5",1635
"ERR12861552",2471325,2472372,"4",1047
"ERR12861552",2479726,2484410,"7",4684
"ERR12861552",2490414,2492496,"9",2082
"ERR12861552",2502978,2504494,"4",1516
"ERR12861552",2508549,2510528,"8",1979
"ERR12861552",2512502,2513365,"7",863
"ERR12861552",2544592,2546332,"4",1740
"ERR12861552",2547376,2548105,"4",729
"ERR12861552",2555397,2557748,"4",2351
"ERR12861552",2557749,2558911,"5",1162
"ERR12861552",2563530,2563948,"4",418
"ERR12861552",2566629,2567380,"4",751
"ERR12861552",2576051,2577680,"5",1629
"ERR12861552",2577681,2578529,"1",848
"ERR12861552",2581732,2583491,"4",1759
"ERR12861552",2586060,2587524,"10",1464
"ERR12861552",2587525,2587810,"8",285
"ERR12861552",2593375,2594961,"2",1586
"ERR12861552",2594962,2595529,"9",567
"ERR12861552",2601002,2605232,"7",4230
"ERR12861552",2614085,2614888,"4",803
"ERR12861552",2614889,2618152,"7",3263
"ERR12861552",2629209,2630285,"10",1076
"ERR12861552",2630286,2633732,"4",3446
"ERR12861552",2633733,2637620,"10",3887
"ERR12861552",2642148,2643243,"8",1095
"ERR12861552",2645039,2646201,"10",1162
"ERR12861552",2646202,2649468,"4",3266
"ERR12861552",2650266,2652197,"4",1931
"ERR12861552",2656817,2657945,"4",1128
"ERR12861552",2657946,2658541,"1",595
"ERR12861552",2663431,2666190,"5",2759
"ERR12861552",2666191,2667763,"4",1572
"ERR12861552",2667764,2669330,"5",1566
"ERR12861552",2677717,2678336,"10",619
"ERR12861552",2678337,2678602,"5",265
"ERR12861552",2692733,2695069,"5",2336
"ERR12861552",2695070,2701367,"4",6297
"ERR12861552",2703249,2705264,"4",2015
"ERR12861552",2708546,2710071,"2",1525
"ERR12861552",2710072,2715011,"5",4939
"ERR12861552",2718974,2723636,"4",4662
"ERR12861552",2748339,2749326,"10",987
"ERR12861552",2756677,2758719,"4",2042
"ERR12861552",2764748,2769829,"7",5081
"ERR12861552",2769830,2775658,"5",5828
"ERR12861552",2775659,2779624,"1",3965
"ERR12861552",2779625,2781242,"7",1617
"ERR12861552",2781243,2783243,"10",2000
"ERR12861552",2783244,2785257,"5",2013
"ERR12861552",2785258,2787937,"4",2679
"ERR12861552",2787938,2791083,"5",3145
"ERR12861552",2798580,2800376,"5",1796
"ERR12861552",2814237,2815100,"8",863
"ERR12861552",2815101,2815696,"10",595
"ERR12861552",2818785,2820516,"7",1731
"ERR12861552",2820517,2822738,"5",2221
"ERR12861552",2822739,2825743,"7",3004
"ERR12861552",2830678,2831740,"7",1062
"ERR12861552",2835860,2837213,"7",1353
"ERR12861552",2847502,2850578,"5",3076
"ERR12861552",2850579,2851523,"10",944
"ERR12861552",2854591,2857270,"7",2679
"ERR12861552",2857271,2862629,"4",5358
"ERR12861552",2863362,2867610,"4",4248
"ERR12861552",2877743,2883183,"5",5440
"ERR12861552",2883184,2884822,"8",1638
"ERR12861552",2886062,2887961,"1",1899
"ERR12861552",2887962,2888905,"4",943
"ERR12861552",2888906,2889888,"1",982
"ERR12861552",2894265,2895199,"10",934
"ERR12861552",2902760,2904460,"1",1700
"ERR12861552",2906511,2908201,"4",1690
"ERR12861552",2914170,2917449,"4",3279
"ERR12861552",2923504,2923761,"4",257
"ERR12861552",2924021,2924861,"4",840
"ERR12861552",2931673,2932250,"4",577
"ERR12861552",2932251,2932661,"3",410
"ERR12861552",2932662,2933505,"4",843
"ERR12861552",2940065,2942248,"4",2183
"ERR12861552",2962510,2964888,"10",2378
"ERR12861552",2965455,2968226,"4",2771
"ERR12861552",2979804,2982157,"4",2353
"ERR12861552",2982158,2986796,"7",4638
"ERR12861552",2995319,2997846,"7",2527
"ERR12861552",3004529,3006935,"7",2406
"ERR12861552",3017932,3022213,"4",4281
"ERR12861552",3027274,3032109,"4",4835
"ERR12861552",3032110,3032943,"1",833
"ERR12861552",3041577,3044356,"4",2779
"ERR12861552",3050192,3052732,"5",2540
"ERR12861552",3054022,3056571,"7",2549
"ERR12861552",3059445,3066248,"4",6803
"ERR12861552",3066249,3067397,"3",1148
"ERR12861552",3090136,3094664,"7",4528
"ERR12861552",3094665,3099386,"1",4721
"ERR12861552",3110988,3111602,"7",614
"ERR12861552",3111603,3112712,"10",1109
"ERR12861552",3116226,3119376,"4",3150
"ERR12861552",3123666,3124084,"5",418
"ERR12861552",3128362,3129562,"10",1200
"ERR12861552",3134516,3136100,"10",1584
"ERR12861552",3136101,3139441,"4",3340
"ERR12861552",3141627,3142446,"9",819
"ERR12861552",3145483,3148027,"5",2544
"ERR12861552",3148028,3150562,"1",2534
"ERR12861552",3155620,3157809,"7",2189
"ERR12861552",3161504,3164112,"7",2608
"ERR12861552",3168244,3170983,"4",2739
"ERR12861552",3178164,3180403,"7",2239
"ERR12861552",3192504,3193287,"10",783
"ERR12861552",3193288,3195642,"1",2354
"ERR12861552",3195643,3199291,"5",3648
"ERR12861552",3199292,3199622,"1",330
"ERR12861552",3206329,3208362,"4",2033
"ERR12861552",3212268,3217320,"4",5052
"ERR12861552",3218469,3222971,"3",4502
"ERR12861552",3223890,3224798,"5",908
"ERR12861552",3233385,3234978,"4",1593
"ERR12861552",3234979,3236068,"2",1089
"ERR12861552",3236069,3237419,"10",1350
"ERR12861552",3237420,3237879,"7",459
"ERR12861552",3242862,3247790,"4",4928
"ERR12861552",3257792,3261258,"4",3466
"ERR12861552",3261259,3262151,"7",892
"ERR12861552",3269911,3280720,"4",10809
"ERR12861552",3280721,3285751,"1",5030
"ERR12861552",3294139,3296475,"4",2336
"ERR12861552",3306962,3313651,"10",6689
"ERR12861552",3313652,3317108,"5",3456
"ERR12861552",3321797,3323894,"7",2097
"ERR12861552",3333275,3335053,"10",1778
"ERR12861552",3335979,3341212,"4",5233
"ERR12861552",3349096,3352252,"4",3156
"ERR12861552",3352253,3352951,"5",698
"ERR12861552",3358260,3359632,"10",1372
"ERR12861552",3359633,3361106,"4",1473
"ERR12861552",3367201,3367876,"1",675
"ERR12861552",3388361,3395594,"4",7233
"ERR12861552",3406546,3413232,"10",6686
"ERR12861552",3413233,3414138,"5",905
"ERR12861552",3416725,3418456,"4",1731
"ERR12861552",3422224,3425322,"5",3098
"ERR12861552",3431542,3432463,"1",921
"ERR12861552",3432464,3437090,"4",4626
"ERR12861552",3437091,3439860,"5",2769
"ERR12861552",3439861,3441157,"4",1296
"ERR12861552",3441158,3441884,"5",726
"ERR12861552",3450600,3451096,"4",496
"ERR12861552",3460092,3466088,"5",5996
"ERR12861552",3471363,3474079,"7",2716
"ERR12861552",3474080,3475742,"10",1662
"ERR12861552",3475743,3479016,"4",3273
"ERR12861552",3484014,3484614,"7",600
"ERR12861552",3484615,3486401,"10",1786
"ERR12861552",3488278,3490500,"10",2222
"ERR12861552",3490501,3492065,"5",1564
"ERR12861552",3492066,3493715,"4",1649
"ERR12861552",3493716,3495739,"5",2023
"ERR12861552",3500666,3501665,"4",999
"ERR12861552",3501666,3502296,"5",630
"ERR12861552",3505649,3506633,"10",984
"ERR12861552",3512022,3519254,"4",7232
"ERR12861552",3519255,3520088,"10",833
"ERR12861552",3521653,3523922,"4",2269
"ERR12861552",3533487,3535950,"4",2463
"ERR12861552",3545580,3546433,"4",853
"ERR12861552",3553599,3553831,"5",232
"ERR12861552",3584019,3584636,"5",617
"ERR12861552",3584637,3586039,"4",1402
"ERR12861552",3586040,3587353,"5",1313
"ERR12861552",3587354,3589010,"3",1656
"ERR12861552",3589011,3590024,"10",1013
"ERR12861552",3603155,3604825,"4",1670
"ERR12861552",3604826,3605494,"5",668
"ERR12861552",3607248,3607841,"5",593
"ERR12861552",3607842,3610610,"7",2768
"ERR12861552",3610611,3611973,"5",1362
"ERR12861552",3611974,3612775,"1",801
"ERR12861552",3612776,3615921,"4",3145
"ERR12861552",3616215,3619088,"1",2873
"ERR12861552",3619089,3620990,"7",1901
"ERR12861552",3627368,3629528,"1",2160
"ERR12861552",3638542,3639848,"7",1306
"ERR12861552",3639849,3648155,"4",8306
"ERR12861552",3650455,3654124,"1",3669
"ERR12861552",3654125,3656315,"7",2190
"ERR12861552",3656316,3657152,"9",836
"ERR12861552",3657153,3658279,"4",1126
"ERR12861552",3662646,3663327,"4",681
"ERR12861552",3675318,3677634,"7",2316
"ERR12861552",3677635,3681296,"4",3661
"ERR12861552",3681297,3685897,"7",4600
"ERR12861552",3693951,3694679,"4",728
"ERR12861552",3701044,3702522,"1",1478
"ERR12861552",3702523,3703133,"4",610
"ERR12861552",3703134,3704146,"5",1012
"ERR12861552",3723713,3724897,"10",1184
"ERR12861552",3729248,3729845,"4",597
"ERR12861552",3729846,3732087,"1",2241
"ERR12861552",3736937,3737207,"4",270
"ERR12861552",3738946,3740364,"10",1418
"ERR12861552",3740365,3741461,"1",1096
"ERR12861552",3741784,3746468,"7",4684
"ERR12861552",3746469,3750545,"4",4076
"ERR12861552",3755280,3757250,"7",1970
"ERR12861552",3757251,3758612,"5",1361
"ERR12861552",3758613,3762023,"1",3410
"ERR12861552",3763676,3765735,"7",2059
"ERR12861552",3765736,3767727,"10",1991
"ERR12861552",3771971,3773888,"4",1917
"ERR12861552",3773889,3774993,"5",1104
"ERR12861552",3777697,3779128,"7",1431
"ERR12861552",3780845,3781649,"10",804
"ERR12861552",3789343,3791990,"5",2647
"ERR12861552",3791991,3794595,"4",2604
"ERR12861552",3796566,3798585,"4",2019
"ERR12861552",3802148,3803202,"8",1054
"ERR12861552",3803203,3806054,"4",2851
"ERR12861552",3808052,3808683,"7",631
"ERR12861552",3820701,3824428,"7",3727
"ERR12861552",3833449,3838493,"4",5044
"ERR12861552",3839898,3842098,"10",2200
"ERR12861552",3842099,3844114,"7",2015
"ERR12861552",3844115,3844981,"4",866
"ERR12861552",3848290,3848897,"4",607
"ERR12861552",3857074,3858464,"7",1390
"ERR12861552",3858465,3860224,"4",1759
"ERR12861552",3860693,3861364,"2",671
"ERR12861552",3861365,3867690,"10",6325
"ERR12861552",3867691,3869469,"5",1778
"ERR12861552",3869470,3870551,"4",1081
"ERR12861552",3882384,3883322,"5",938
"ERR12861552",3886062,3888240,"1",2178
"ERR12861552",3888241,3891385,"5",3144
"ERR12861552",3900363,3903493,"4",3130
"ERR12861552",3903494,3905145,"2",1651
"ERR12861552",3906981,3908094,"5",1113
"ERR12861552",3908342,3909107,"1",765
"ERR12861552",3916126,3916567,"2",441
"ERR12861552",3916568,3919271,"4",2703
"ERR12861552",3928097,3930729,"4",2632
"ERR12861552",3930730,3931269,"7",539
"ERR12861552",3939569,3942419,"1",2850
"ERR12861552",3955250,3956066,"4",816
"ERR12861552",3957952,3960105,"10",2153
"ERR12861552",3962659,3963870,"8",1211
"ERR12861552",3963871,3966765,"4",2894
"ERR12861552",3967984,3970701,"10",2717
"ERR12861552",3975412,3976407,"4",995
"ERR12861552",3983495,3985079,"1",1584
"ERR12861552",3989315,3992157,"1",2842
"ERR12861552",3992158,3993485,"7",1327
"ERR12861552",3993486,3994984,"10",1498
"ERR12861552",3998089,4001272,"4",3183
"ERR12861552",4001273,4003172,"9",1899
"ERR12861552",4008341,4009229,"7",888
"ERR12861552",4009802,4016228,"4",6426
"ERR12861552",4016229,4017837,"5",1608
"ERR12861552",4017838,4021462,"10",3624
"ERR12861552",4021463,4023873,"4",2410
"ERR12861552",4028669,4030285,"4",1616
"ERR12861552",4033696,4034726,"9",1030
"ERR12861552",4034727,4037806,"8",3079
"ERR12861552",4040875,4041003,"9",128
"ERR12861552",4041004,4041956,"4",952
"ERR12861552",4067209,4069896,"4",2687
"ERR12861552",4072661,4073344,"4",683
"ERR12861552",4085538,4088315,"1",2777
"ERR12861552",4088316,4089461,"9",1145
"ERR12861552",4095852,4098064,"9",2212
"ERR12861552",4105368,4108185,"8",2817
"ERR12861552",4114449,4115546,"4",1097
"ERR12861552",4144727,4188065,"1",43338
"ERR12861552",4188066,4188314,"10",248
"ERR12861891",74167,75476,"6",1309
"ERR12861891",75477,77224,"7",1747
"ERR12861891",88495,89950,"10",1455
"ERR12861891",107780,109403,"1",1623
"ERR12861891",170599,171171,"6",572
"ERR12861891",239270,240175,"7",905
"ERR12861891",244731,245719,"6",988
"ERR12861891",245720,247444,"1",1724
"ERR12861891",265759,267441,"7",1682
"ERR12861891",273562,276239,"7",2677
"ERR12861891",313921,314787,"7",866
"ERR12861891",398387,399218,"5",831
"ERR12861891",420927,421010,"7",83
"ERR12861891",455936,458696,"6",2760
"ERR12861891",458697,459780,"7",1083
"ERR12861891",497190,497811,"10",621
"ERR12861891",525026,526750,"7",1724
"ERR12861891",564563,567649,"6",3086
"ERR12861891",609093,609745,"6",652
"ERR12861891",731784,733105,"10",1321
"ERR12861891",762336,764422,"5",2086
"ERR12861891",771141,771712,"7",571
"ERR12861891",793678,794305,"6",627
"ERR12861891",825252,825810,"6",558
"ERR12861891",832908,834705,"6",1797
"ERR12861891",849902,855408,"1",5506
"ERR12861891",870473,870862,"6",389
"ERR12861891",886627,888401,"7",1774
"ERR12861891",901430,902029,"10",599
"ERR12861891",927031,928130,"2",1099
"ERR12861891",945655,946701,"6",1046
"ERR12861891",949381,949757,"10",376
"ERR12861891",969221,971580,"6",2359
"ERR12861891",1003196,1003859,"8",663
"ERR12861891",1032956,1034531,"6",1575
"ERR12861891",1056250,1056827,"5",577
"ERR12861891",1127848,1134722,"6",6874
"ERR12861891",1138135,1139105,"5",970
"ERR12861891",1196698,1197817,"5",1119
"ERR12861891",1204129,1205367,"5",1238
"ERR12861891",1252467,1252939,"6",472
"ERR12861891",1285390,1288875,"7",3485
"ERR12861891",1304352,1305973,"6",1621
"ERR12861891",1311593,1312488,"7",895
"ERR12861891",1322153,1322996,"7",843
"ERR12861891",1358985,1359673,"10",688
"ERR12861891",1362961,1364275,"6",1314
"ERR12861891",1365848,1366950,"5",1102
"ERR12861891",1371676,1372767,"6",1091
"ERR12861891",1387109,1388166,"1",1057
"ERR12861891",1407274,1408594,"6",1320
"ERR12861891",1413883,1420234,"6",6351
"ERR12861891",1431135,1431881,"6",746
"ERR12861891",1499684,1501512,"7",1828
"ERR12861891",1507571,1508564,"7",993
"ERR12861891",1511485,1513382,"5",1897
"ERR12861891",1513383,1513892,"7",509
"ERR12861891",1569339,1575239,"6",5900
"ERR12861891",1575240,1576590,"5",1350
"ERR12861891",1587470,1588439,"6",969
"ERR12861891",1648847,1649657,"5",810
"ERR12861891",1654866,1655848,"5",982
"ERR12861891",1677193,1677593,"5",400
"ERR12861891",1687856,1688676,"2",820
"ERR12861891",1690872,1692979,"7",2107
"ERR12861891",1702455,1704426,"7",1971
"ERR12861891",1716693,1716804,"5",111
"ERR12861891",1721788,1723874,"10",2086
"ERR12861891",1731457,1733013,"10",1556
"ERR12861891",1743487,1744102,"6",615
"ERR12861891",1748417,1749882,"7",1465
"ERR12861891",1749883,1751711,"10",1828
"ERR12861891",1751712,1758603,"7",6891
"ERR12861891",1786797,1796152,"7",9355
"ERR12861891",1816129,1817150,"1",1021
"ERR12861891",1817151,1819113,"7",1962
"ERR12861891",1819114,1829123,"6",10009
"ERR12861891",1863466,1864988,"6",1522
"ERR12861891",1952309,1953206,"5",897
"ERR12861891",1979748,1980470,"6",722
"ERR12861891",2020132,2021227,"6",1095
"ERR12861891",2044173,2046166,"1",1993
"ERR12861891",2046167,2048869,"10",2702
"ERR12861891",2092533,2093486,"10",953
"ERR12861891",2118647,2120299,"5",1652
"ERR12861891",2120300,2121139,"6",839
"ERR12861891",2146701,2147354,"7",653
"ERR12861891",2166626,2167880,"5",1254
"ERR12861891",2201540,2203445,"6",1905
"ERR12861891",2276826,2277791,"7",965
"ERR12861891",2306913,2308611,"5",1698
"ERR12861891",2311812,2312338,"3",526
"ERR12861891",2382229,2383169,"6",940
"ERR12861891",2399587,2400215,"6",628
"ERR12861891",2424667,2425121,"7",454
"ERR12861891",2460804,2461520,"6",716
"ERR12861891",2492263,2492740,"7",477
"ERR12861891",2492741,2493612,"2",871
"ERR12861891",2523547,2532065,"6",8518
"ERR12861891",2572011,2573449,"7",1438
"ERR12861891",2593375,2595394,"2",2019
"ERR12861891",2601745,2602974,"6",1229
"ERR12861891",2615791,2618799,"7",3008
"ERR12861891",2618800,2619171,"1",371
"ERR12861891",2638828,2639467,"10",639
"ERR12861891",2652344,2653468,"6",1124
"ERR12861891",2669331,2669937,"7",606
"ERR12861891",2676309,2677574,"6",1265
"ERR12861891",2710213,2711531,"5",1318
"ERR12861891",2724009,2725112,"10",1103
"ERR12861891",2738942,2741772,"5",2830
"ERR12861891",2764359,2766606,"7",2247
"ERR12861891",2835980,2837213,"7",1233
"ERR12861891",2872430,2875216,"6",2786
"ERR12861891",2890118,2891040,"5",922
"ERR12861891",2982551,2985068,"7",2517
"ERR12861891",2992541,2995081,"6",2540
"ERR12861891",2995082,2997846,"7",2764
"ERR12861891",3016354,3016684,"5",330
"ERR12861891",3078081,3079393,"10",1312
"ERR12861891",3085696,3099038,"7",13342
"ERR12861891",3099039,3100349,"6",1310
"ERR12861891",3111138,3111645,"7",507
"ERR12861891",3111646,3112712,"10",1066
"ERR12861891",3128362,3129655,"10",1293
"ERR12861891",3129656,3134765,"6",5109
"ERR12861891",3140684,3141532,"6",848
"ERR12861891",3148339,3149486,"1",1147
"ERR12861891",3195750,3196465,"5",715
"ERR12861891",3203956,3205416,"6",1460
"ERR12861891",3254822,3256507,"10",1685
"ERR12861891",3327976,3330360,"7",2384
"ERR12861891",3333370,3334408,"7",1038
"ERR12861891",3358763,3359571,"10",808
"ERR12861891",3361667,3363145,"6",1478
"ERR12861891",3368132,3371620,"6",3488
"ERR12861891",3415118,3416652,"6",1534
"ERR12861891",3429908,3431197,"10",1289
"ERR12861891",3440309,3440789,"5",480
"ERR12861891",3465515,3466329,"6",814
"ERR12861891",3473695,3475325,"10",1630
"ERR12861891",3520437,3521364,"7",927
"ERR12861891",3540767,3542741,"10",1974
"ERR12861891",3573907,3574819,"6",912
"ERR12861891",3582625,3583256,"6",631
"ERR12861891",3611247,3611973,"5",726
"ERR12861891",3611974,3613845,"7",1871
"ERR12861891",3619930,3620316,"7",386
"ERR12861891",3620317,3628212,"6",7895
"ERR12861891",3654067,3655334,"7",1267
"ERR12861891",3675318,3676899,"7",1581
"ERR12861891",3687386,3688870,"7",1484
"ERR12861891",3709167,3710075,"10",908
"ERR12861891",3731786,3732087,"5",301
"ERR12861891",3738591,3742310,"6",3719
"ERR12861891",3742311,3743654,"7",1343
"ERR12861891",3754125,3757709,"7",3584
"ERR12861891",3757710,3758612,"6",902
"ERR12861891",3758613,3762023,"7",3410
"ERR12861891",3767931,3768669,"6",738
"ERR12861891",3784191,3786270,"1",2079
"ERR12861891",3799533,3800152,"6",619
"ERR12861891",3800153,3802002,"10",1849
"ERR12861891",3811950,3812535,"7",585
"ERR12861891",3821129,3821289,"7",160
"ERR12861891",3837874,3838450,"5",576
"ERR12861891",3839555,3841975,"10",2420
"ERR12861891",3860989,3862393,"6",1404
"ERR12861891",3875735,3876803,"6",1068
"ERR12861891",3892754,3894120,"6",1366
"ERR12861891",3903641,3904127,"2",486
"ERR12861891",3915267,3916567,"6",1300
"ERR12861891",3921903,3922473,"5",570
"ERR12861891",3922474,3923295,"6",821
"ERR12861891",3938607,3942291,"7",3684
"ERR12861891",3948374,3949324,"7",950
"ERR12861891",3956155,3956653,"6",498
"ERR12861891",4004821,4007097,"6",2276
"ERR12861891",4018018,4020252,"6",2234
"ERR12861891",4031088,4033131,"6",2043
"ERR12861891",4035922,4039919,"6",3997
"ERR12861891",4071368,4072585,"6",1217
"ERR12861891",4182645,4194131,"2",11486
"ERR12861891",4194132,4201330,"3",7198
"SRR7800605",45880,46382,"8",502
"SRR7800605",50510,51349,"6",839
"SRR7800605",128778,131513,"6",2735
"SRR7800605",173626,174344,"6",718
"SRR7800605",174345,175314,"8",969
"SRR7800605",215477,215766,"6",289
"SRR7800605",218657,220135,"6",1478
"SRR7800605",237045,237906,"6",861
"SRR7800605",296555,297379,"6",824
"SRR7800605",305504,306152,"10",648
"SRR7800605",333646,334005,"10",359
"SRR7800605",413551,414759,"7",1208
"SRR7800605",418162,418682,"8",520
"SRR7800605",455029,458696,"6",3667
"SRR7800605",598003,599938,"1",1935
"SRR7800605",611590,612262,"4",672
"SRR7800605",614585,616588,"9",2003
"SRR7800605",623356,623915,"6",559
"SRR7800605",654901,659409,"6",4508
"SRR7800605",669436,670022,"8",586
"SRR7800605",790134,791019,"8",885
"SRR7800605",791020,791561,"6",541
"SRR7800605",809135,809840,"10",705
"SRR7800605",822175,823655,"6",1480
"SRR7800605",830816,832907,"9",2091
"SRR7800605",832908,834760,"6",1852
"SRR7800605",891148,891903,"6",755
"SRR7800605",967801,968253,"7",452
"SRR7800605",968254,969697,"1",1443
"SRR7800605",989579,989878,"8",299
"SRR7800605",989879,990583,"6",704
"SRR7800605",1050539,1053160,"6",2621
"SRR7800605",1058863,1059878,"6",1015
"SRR7800605",1128709,1129582,"6",873
"SRR7800605",1148264,1149316,"8",1052
"SRR7800605",1156438,1158201,"9",1763
"SRR7800605",1189728,1190636,"6",908
"SRR7800605",1210371,1211134,"4",763
"SRR7800605",1220994,1222465,"6",1471
"SRR7800605",1224100,1226501,"10",2401
"SRR7800605",1239740,1240477,"9",737
"SRR7800605",1251606,1252378,"1",772
"SRR7800605",1271666,1276291,"6",4625
"SRR7800605",1280629,1282713,"6",2084
"SRR7800605",1282714,1284340,"10",1626
"SRR7800605",1300365,1301395,"1",1030
"SRR7800605",1323544,1324579,"6",1035
"SRR7800605",1324580,1326071,"10",1491
"SRR7800605",1332657,1334447,"10",1790
"SRR7800605",1399357,1400479,"2",1122
"SRR7800605",1405079,1406873,"10",1794
"SRR7800605",1406874,1408353,"6",1479
"SRR7800605",1419362,1420234,"6",872
"SRR7800605",1447857,1449867,"6",2010
"SRR7800605",1460845,1462074,"6",1229
"SRR7800605",1491838,1494137,"6",2299
"SRR7800605",1515657,1516503,"8",846
"SRR7800605",1532780,1533640,"8",860
"SRR7800605",1566479,1569096,"2",2617
"SRR7800605",1602703,1604163,"1",1460
"SRR7800605",1686992,1687811,"1",819
"SRR7800605",1736463,1738888,"1",2425
"SRR7800605",1748728,1750137,"6",1409
"SRR7800605",1750138,1751711,"3",1573
"SRR7800605",1768965,1770455,"4",1490
"SRR7800605",1770456,1771814,"8",1358
"SRR7800605",1772935,1774621,"10",1686
"SRR7800605",1774622,1784182,"6",9560
"SRR7800605",1806655,1807949,"4",1294
"SRR7800605",1822312,1827140,"6",4828
"SRR7800605",1827141,1828716,"2",1575
"SRR7800605",1831500,1834661,"9",3161
"SRR7800605",1870508,1873072,"6",2564
"SRR7800605",1879546,1881499,"4",1953
"SRR7800605",1881500,1883125,"6",1625
"SRR7800605",1901409,1902799,"6",1390
"SRR7800605",1906417,1908507,"10",2090
"SRR7800605",1939506,1941582,"6",2076
"SRR7800605",1952387,1952842,"6",455
"SRR7800605",1982074,1982798,"6",724
"SRR7800605",2034143,2035457,"7",1314
"SRR7800605",2055898,2056787,"6",889
"SRR7800605",2089189,2089859,"2",670
"SRR7800605",2094161,2095179,"4",1018
"SRR7800605",2095180,2096764,"6",1584
"SRR7800605",2101237,2102320,"6",1083
"SRR7800605",2127737,2131095,"6",3358
"SRR7800605",2149689,2157819,"6",8130
"SRR7800605",2181497,2182556,"6",1059
"SRR7800605",2197500,2203837,"6",6337
"SRR7800605",2326234,2326595,"10",361
"SRR7800605",2341031,2342313,"6",1282
"SRR7800605",2351716,2352879,"6",1163
"SRR7800605",2358699,2360194,"6",1495
"SRR7800605",2414464,2415758,"10",1294
"SRR7800605",2417290,2420037,"4",2747
"SRR7800605",2422477,2423820,"1",1343
"SRR7800605",2479612,2480683,"10",1071
"SRR7800605",2492263,2492978,"8",715
"SRR7800605",2522547,2525302,"8",2755
"SRR7800605",2551422,2553055,"6",1633
"SRR7800605",2593482,2594633,"2",1151
"SRR7800605",2594634,2601597,"6",6963
"SRR7800605",2605353,2607066,"6",1713
"SRR7800605",2611356,2613999,"4",2643
"SRR7800605",2615631,2617494,"2",1863
"SRR7800605",2617495,2619171,"6",1676
"SRR7800605",2621761,2624757,"2",2996
"SRR7800605",2624758,2625596,"6",838
"SRR7800605",2638433,2639225,"6",792
"SRR7800605",2653649,2653879,"6",230
"SRR7800605",2653880,2655707,"1",1827
"SRR7800605",2706387,2707182,"10",795
"SRR7800605",2707183,2707436,"7",253
"SRR7800605",2722391,2723748,"2",1357
"SRR7800605",2732363,2735289,"10",2926
"SRR7800605",2749432,2750913,"2",1481
"SRR7800605",2814035,2815622,"6",1587
"SRR7800605",2815623,2820165,"4",4542
"SRR7800605",2823079,2824110,"6",1031
"SRR7800605",2841821,2843130,"10",1309
"SRR7800605",2876804,2877673,"1",869
"SRR7800605",2943914,2950990,"6",7076
"SRR7800605",2973921,2976663,"8",2742
"SRR7800605",2985112,2986944,"6",1832
"SRR7800605",3018644,3020172,"10",1528
"SRR7800605",3027021,3027776,"3",755
"SRR7800605",3057087,3058945,"6",1858
"SRR7800605",3100451,3100807,"10",356
"SRR7800605",3113469,3113897,"1",428
"SRR7800605",3159500,3164218,"10",4718
"SRR7800605",3175719,3178699,"6",2980
"SRR7800605",3178700,3180475,"7",1775
"SRR7800605",3216725,3222971,"3",6246
"SRR7800605",3233098,3234047,"8",949
"SRR7800605",3243987,3245621,"8",1634
"SRR7800605",3245622,3249127,"6",3505
"SRR7800605",3255949,3256507,"6",558
"SRR7800605",3271458,3272206,"6",748
"SRR7800605",3275372,3276673,"2",1301
"SRR7800605",3286700,3288930,"6",2230
"SRR7800605",3370016,3371083,"6",1067
"SRR7800605",3429700,3431197,"6",1497
"SRR7800605",3432741,3433417,"8",676
"SRR7800605",3433418,3435058,"9",1640
"SRR7800605",3481002,3481341,"1",339
"SRR7800605",3540785,3541505,"8",720
"SRR7800605",3560342,3563430,"6",3088
"SRR7800605",3631716,3632874,"4",1158
"SRR7800605",3654339,3656360,"10",2021
"SRR7800605",3663705,3665208,"2",1503
"SRR7800605",3676948,3677634,"6",686
"SRR7800605",3712788,3722910,"4",10122
"SRR7800605",3741329,3742773,"8",1444
"SRR7800605",3750516,3753858,"6",3342
"SRR7800605",3759410,3760744,"2",1334
"SRR7800605",3764994,3765689,"10",695
"SRR7800605",3795332,3795658,"10",326
"SRR7800605",3805306,3807231,"6",1925
"SRR7800605",3839261,3841405,"6",2144
"SRR7800605",3844258,3844712,"6",454
"SRR7800605",3863227,3864698,"1",1471
"SRR7800605",3868117,3869551,"6",1434
"SRR7800605",3898827,3900329,"1",1502
"SRR7800605",3923001,3923281,"4",280
"SRR7800605",3923282,3924108,"6",826
"SRR7800605",3927263,3927966,"4",703
"SRR7800605",3992377,3993357,"7",980
"SRR7800605",4008341,4009279,"6",938
"SRR7800605",4018350,4020252,"10",1902
"SRR7800605",4038675,4040783,"6",2108
"SRR7800605",4082538,4088197,"6",5659
"SRR7800605",4097976,4098201,"4",225
"SRR7800605",4098202,4102750,"6",4548
"SRR7800605",4102751,4103233,"1",482
"SRR7800605",4108494,4114279,"1",5785
"SRR7800605",4119562,4122512,"10",2950
"SRR7800605",4124419,4132774,"4",8355
"SRR7800605",4226784,4229519,"7",2735
"DRR286234",1,3985,"1",3984
"DRR286234",8839,9865,"9",1026
"DRR286234",48138,49083,"7",945
"DRR286234",49084,52457,"10",3373
"DRR286234",52458,65577,"9",13119
"DRR286234",65578,68345,"10",2767
"DRR286234",68346,74375,"3",6029
"DRR286234",79245,85678,"3",6433
"DRR286234",106727,109430,"10",2703
"DRR286234",119102,122318,"9",3216
"DRR286234",122319,124563,"10",2244
"DRR286234",143114,146721,"10",3607
"DRR286234",146722,148755,"1",2033
"DRR286234",152456,165425,"9",12969
"DRR286234",174723,179552,"9",4829
"DRR286234",180618,183871,"10",3253
"DRR286234",183872,198233,"9",14361
"DRR286234",198234,202987,"10",4753
"DRR286234",202988,204267,"6",1279
"DRR286234",209470,216296,"9",6826
"DRR286234",217043,220068,"10",3025
"DRR286234",226117,226681,"10",564
"DRR286234",235160,236923,"9",1763
"DRR286234",243268,246051,"9",2783
"DRR286234",254865,257289,"6",2424
"DRR286234",257290,261701,"9",4411
"DRR286234",266230,273561,"9",7331
"DRR286234",273562,276800,"10",3238
"DRR286234",280508,284116,"3",3608
"DRR286234",292551,294303,"3",1752
"DRR286234",296286,298257,"9",1971
"DRR286234",298258,302297,"1",4039
"DRR286234",302298,304471,"9",2173
"DRR286234",304472,307847,"10",3375
"DRR286234",317097,319868,"1",2771
"DRR286234",320938,323330,"10",2392
"DRR286234",324492,332143,"9",7651
"DRR286234",332144,335371,"10",3227
"DRR286234",343583,344883,"10",1300
"DRR286234",352651,356400,"1",3749
"DRR286234",359457,360142,"1",685
"DRR286234",375219,375658,"9",439
"DRR286234",379423,380528,"3",1105
"DRR286234",380529,382129,"10",1600
"DRR286234",382346,384460,"9",2114
"DRR286234",387296,389529,"10",2233
"DRR286234",389530,390504,"9",974
"DRR286234",395309,396093,"3",784
"DRR286234",402689,404880,"3",2191
"DRR286234",413140,414892,"3",1752
"DRR286234",414893,415828,"9",935
"DRR286234",419555,420356,"10",801
"DRR286234",421280,429645,"9",8365
"DRR286234",452681,460504,"9",7823
"DRR286234",473554,474940,"10",1386
"DRR286234",474941,487323,"9",12382
"DRR286234",490880,491756,"3",876
"DRR286234",506029,506797,"10",768
"DRR286234",506798,508521,"3",1723
"DRR286234",508522,509705,"4",1183
"DRR286234",509706,517604,"9",7898
"DRR286234",517605,518346,"4",741
"DRR286234",522724,526031,"7",3307
"DRR286234",540233,543267,"9",3034
"DRR286234",545269,554523,"9",9254
"DRR286234",559372,560607,"3",1235
"DRR286234",563205,564400,"4",1195
"DRR286234",565449,577089,"9",11640
"DRR286234",588228,591006,"3",2778
"DRR286234",591007,591350,"2",343
"DRR286234",591351,599938,"9",8587
"DRR286234",613113,616670,"3",3557
"DRR286234",616671,621989,"9",5318
"DRR286234",650797,651146,"3",349
"DRR286234",651556,653006,"3",1450
"DRR286234",665592,671765,"9",6173
"DRR286234",675374,677111,"3",1737
"DRR286234",677112,679388,"7",2276
"DRR286234",679389,681223,"3",1834
"DRR286234",681224,681914,"6",690
"DRR286234",701979,703542,"3",1563
"DRR286234",709205,711765,"1",2560
"DRR286234",711766,721770,"9",10004
"DRR286234",729208,730028,"1",820
"DRR286234",733765,736652,"9",2887
"DRR286234",738307,760119,"9",21812
"DRR286234",760120,762898,"7",2778
"DRR286234",775161,776119,"3",958
"DRR286234",778059,779276,"3",1217
"DRR286234",781310,786560,"9",5250
"DRR286234",786561,787668,"3",1107
"DRR286234",787669,790047,"10",2378
"DRR286234",802752,806590,"9",3838
"DRR286234",832908,835070,"10",2162
"DRR286234",835071,841121,"9",6050
"DRR286234",847587,856121,"9",8534
"DRR286234",857974,865165,"9",7191
"DRR286234",868580,875242,"9",6662
"DRR286234",876180,878531,"9",2351
"DRR286234",905371,905989,"3",618
"DRR286234",905990,908936,"9",2946
"DRR286234",908937,909982,"10",1045
"DRR286234",915614,916820,"10",1206
"DRR286234",919463,921967,"10",2504
"DRR286234",939219,944835,"9",5616
"DRR286234",967496,971033,"1",3537
"DRR286234",971659,975752,"1",4093
"DRR286234",980155,983257,"9",3102
"DRR286234",988861,993774,"9",4913
"DRR286234",994831,1000420,"9",5589
"DRR286234",1002251,1006798,"9",4547
"DRR286234",1013898,1016614,"10",2716
"DRR286234",1016615,1017299,"3",684
"DRR286234",1020691,1022781,"10",2090
"DRR286234",1022782,1025753,"3",2971
"DRR286234",1048584,1049998,"4",1414
"DRR286234",1053541,1058077,"10",4536
"DRR286234",1058078,1070763,"9",12685
"DRR286234",1078484,1079258,"3",774
"DRR286234",1079259,1080227,"1",968
"DRR286234",1080228,1081384,"10",1156
"DRR286234",1095095,1095986,"3",891
"DRR286234",1122672,1123949,"3",1277
"DRR286234",1123950,1126036,"9",2086
"DRR286234",1136113,1138213,"3",2100
"DRR286234",1156558,1158496,"9",1938
"DRR286234",1159474,1161413,"9",1939
"DRR286234",1168311,1170719,"1",2408
"DRR286234",1177104,1187409,"9",10305
"DRR286234",1187410,1187912,"4",502
"DRR286234",1192009,1193161,"3",1152
"DRR286234",1216541,1222639,"9",6098
"DRR286234",1222640,1223585,"4",945
"DRR286234",1223586,1230989,"3",7403
"DRR286234",1232593,1240774,"9",8181
"DRR286234",1249644,1252090,"10",2446
"DRR286234",1258758,1260626,"9",1868
"DRR286234",1263749,1267622,"9",3873
"DRR286234",1280845,1282713,"10",1868
"DRR286234",1287200,1290629,"3",3429
"DRR286234",1296866,1299362,"3",2496
"DRR286234",1299363,1301374,"9",2011
"DRR286234",1302982,1305222,"10",2240
"DRR286234",1306772,1308432,"5",1660
"DRR286234",1309595,1310495,"3",900
"DRR286234",1322465,1323543,"7",1078
"DRR286234",1323544,1324906,"10",1362
"DRR286234",1324907,1334367,"9",9460
"DRR286234",1334368,1336460,"1",2092
"DRR286234",1340410,1342629,"1",2219
"DRR286234",1342630,1347011,"3",4381
"DRR286234",1347012,1348462,"10",1450
"DRR286234",1348463,1354925,"9",6462
"DRR286234",1354926,1356291,"4",1365
"DRR286234",1357763,1365552,"9",7789
"DRR286234",1372891,1373685,"9",794
"DRR286234",1373686,1375933,"3",2247
"DRR286234",1375934,1381231,"10",5297
"DRR286234",1381363,1389410,"9",8047
"DRR286234",1389411,1390239,"3",828
"DRR286234",1397968,1399005,"9",1037
"DRR286234",1399006,1400254,"10",1248
"DRR286234",1400255,1403304,"3",3049
"DRR286234",1403305,1413503,"9",10198
"DRR286234",1424099,1434084,"9",9985
"DRR286234",1464450,1466764,"10",2314
"DRR286234",1471138,1474704,"10",3566
"DRR286234",1475032,1480547,"9",5515
"DRR286234",1484300,1491677,"9",7377
"DRR286234",1498494,1502255,"9",3761
"DRR286234",1502256,1505224,"1",2968
"DRR286234",1509413,1513892,"10",4479
"DRR286234",1513893,1515381,"3",1488
"DRR286234",1515382,1522425,"9",7043
"DRR286234",1523578,1528147,"9",4569
"DRR286234",1530251,1531510,"9",1259
"DRR286234",1538665,1542174,"10",3509
"DRR286234",1542175,1543094,"3",919
"DRR286234",1543095,1545049,"1",1954
"DRR286234",1552965,1553927,"7",962
"DRR286234",1553997,1560709,"9",6712
"DRR286234",1564452,1566478,"10",2026
"DRR286234",1566479,1569338,"3",2859
"DRR286234",1575758,1582670,"9",6912
"DRR286234",1606737,1608704,"3",1967
"DRR286234",1608705,1617612,"9",8907
"DRR286234",1642375,1646776,"9",4401
"DRR286234",1677652,1685662,"9",8010
"DRR286234",1686934,1687759,"1",825
"DRR286234",1714930,1719363,"10",4433
"DRR286234",1719364,1723109,"9",3745
"DRR286234",1723110,1723892,"3",782
"DRR286234",1726538,1727635,"10",1097
"DRR286234",1734305,1735941,"1",1636
"DRR286234",1735942,1740578,"10",4636
"DRR286234",1752088,1753084,"4",996
"DRR286234",1753085,1754122,"9",1037
"DRR286234",1763783,1767583,"10",3800
"DRR286234",1777276,1779797,"9",2521
"DRR286234",1786931,1787402,"3",471
"DRR286234",1787403,1787558,"4",155
"DRR286234",1788688,1793824,"7",5136
"DRR286234",1793825,1810302,"9",16477
"DRR286234",1821104,1823874,"10",2770
"DRR286234",1829923,1831380,"10",1457
"DRR286234",1839589,1842897,"1",3308
"DRR286234",1842898,1844346,"3",1448
"DRR286234",1846800,1848015,"4",1215
"DRR286234",1861670,1862323,"9",653
"DRR286234",1862324,1863862,"10",1538
"DRR286234",1864989,1866556,"7",1567
"DRR286234",1866557,1873269,"9",6712
"DRR286234",1878182,1880123,"3",1941
"DRR286234",1886681,1887512,"1",831
"DRR286234",1896236,1900253,"3",4017
"DRR286234",1901237,1903166,"9",1929
"DRR286234",1911048,1914351,"10",3303
"DRR286234",1914352,1915971,"9",1619
"DRR286234",1918279,1921340,"9",3061
"DRR286234",1921341,1924196,"1",2855
"DRR286234",1924197,1929550,"3",5353
"DRR286234",1939842,1942194,"9",2352
"DRR286234",1945691,1947923,"3",2232
"DRR286234",1947924,1948688,"4",764
"DRR286234",1964608,1968040,"10",3432
"DRR286234",1968041,1980515,"9",12474
"DRR286234",1994796,1996072,"3",1276
"DRR286234",1996073,2002695,"9",6622
"DRR286234",2002696,2004222,"6",1526
"DRR286234",2004223,2004877,"3",654
"DRR286234",2011311,2012313,"3",1002
"DRR286234",2012314,2015755,"10",3441
"DRR286234",2015756,2017231,"3",1475
"DRR286234",2017232,2019916,"9",2684
"DRR286234",2019917,2022407,"7",2490
"DRR286234",2022408,2025002,"9",2594
"DRR286234",2027450,2027705,"7",255
"DRR286234",2027706,2028564,"6",858
"DRR286234",2028565,2029965,"10",1400
"DRR286234",2030743,2032323,"10",1580
"DRR286234",2033682,2035378,"9",1696
"DRR286234",2044252,2046166,"9",1914
"DRR286234",2054821,2055897,"3",1076
"DRR286234",2075109,2076624,"10",1515
"DRR286234",2093718,2108094,"9",14376
"DRR286234",2111147,2120132,"9",8985
"DRR286234",2120133,2120992,"3",859
"DRR286234",2120993,2122795,"1",1802
"DRR286234",2151437,2154327,"6",2890
"DRR286234",2154372,2157819,"10",3447
"DRR286234",2170542,2172691,"3",2149
"DRR286234",2172692,2176661,"9",3969
"DRR286234",2182757,2183187,"9",430
"DRR286234",2216192,2217815,"3",1623
"DRR286234",2217816,2227324,"9",9508
"DRR286234",2230774,2232212,"9",1438
"DRR286234",2235835,2236180,"1",345
"DRR286234",2236181,2238011,"10",1830
"DRR286234",2238012,2239241,"9",1229
"DRR286234",2239242,2242708,"10",3466
"DRR286234",2266899,2271041,"3",4142
"DRR286234",2279603,2283226,"9",3623
"DRR286234",2296501,2303511,"9",7010
"DRR286234",2303512,2305124,"6",1612
"DRR286234",2305125,2308269,"9",3144
"DRR286234",2336928,2339592,"1",2664
"DRR286234",2341560,2342983,"7",1423
"DRR286234",2346406,2353711,"1",7305
"DRR286234",2355677,2358565,"3",2888
"DRR286234",2373485,2375471,"1",1986
"DRR286234",2375472,2377208,"10",1736
"DRR286234",2381750,2382182,"10",432
"DRR286234",2402147,2407198,"9",5051
"DRR286234",2411124,2414463,"10",3339
"DRR286234",2414464,2415856,"3",1392
"DRR286234",2417512,2418781,"3",1269
"DRR286234",2418782,2421337,"6",2555
"DRR286234",2421338,2423712,"9",2374
"DRR286234",2427172,2432109,"9",4937
"DRR286234",2444131,2446949,"9",2818
"DRR286234",2446950,2447834,"10",884
"DRR286234",2447835,2454940,"9",7105
"DRR286234",2458987,2463378,"10",4391
"DRR286234",2494276,2495213,"10",937
"DRR286234",2495214,2497218,"9",2004
"DRR286234",2497219,2501489,"10",4270
"DRR286234",2501490,2503688,"9",2198
"DRR286234",2538098,2539880,"4",1782
"DRR286234",2542846,2546565,"3",3719
"DRR286234",2554969,2557918,"3",2949
"DRR286234",2557919,2562701,"9",4782
"DRR286234",2562702,2563948,"3",1246
"DRR286234",2563949,2565613,"10",1664
"DRR286234",2565614,2566522,"1",908
"DRR286234",2567896,2568995,"9",1099
"DRR286234",2594634,2595684,"9",1050
"DRR286234",2595826,2597460,"6",1634
"DRR286234",2597461,2598470,"1",1009
"DRR286234",2598471,2600342,"9",1871
"DRR286234",2613115,2617608,"9",4493
"DRR286234",2639985,2641742,"3",1757
"DRR286234",2645752,2652436,"9",6684
"DRR286234",2652437,2654017,"10",1580
"DRR286234",2656400,2661489,"9",5089
"DRR286234",2661490,2663221,"5",1731
"DRR286234",2663222,2663661,"3",439
"DRR286234",2669688,2672528,"9",2840
"DRR286234",2676309,2677827,"10",1518
"DRR286234",2677828,2682093,"9",4265
"DRR286234",2683235,2687587,"10",4352
"DRR286234",2700774,2701367,"10",593
"DRR286234",2704873,2706877,"3",2004
"DRR286234",2706878,2709633,"9",2755
"DRR286234",2716780,2721512,"5",4732
"DRR286234",2721513,2725097,"9",3584
"DRR286234",2725098,2727827,"3",2729
"DRR286234",2727828,2730389,"10",2561
"DRR286234",2732696,2735337,"1",2641
"DRR286234",2761119,2764450,"9",3331
"DRR286234",2787644,2803468,"9",15824
"DRR286234",2803469,2808634,"3",5165
"DRR286234",2819916,2822336,"9",2420
"DRR286234",2822337,2824373,"3",2036
"DRR286234",2825298,2827889,"4",2591
"DRR286234",2845090,2845691,"9",601
"DRR286234",2864290,2865376,"1",1086
"DRR286234",2897668,2898726,"6",1058
"DRR286234",2898727,2904460,"9",5733
"DRR286234",2906456,2910584,"10",4128
"DRR286234",2910585,2915176,"9",4591
"DRR286234",2915177,2920909,"6",5732
"DRR286234",2920910,2923300,"3",2390
"DRR286234",2924548,2929957,"3",5409
"DRR286234",2929958,2935710,"9",5752
"DRR286234",2935711,2937033,"3",1322
"DRR286234",2937034,2938650,"9",1616
"DRR286234",2949473,2950740,"4",1267
"DRR286234",2950741,2952346,"3",1605
"DRR286234",2952347,2954865,"1",2518
"DRR286234",2954866,2959663,"9",4797
"DRR286234",2961404,2968620,"9",7216
"DRR286234",2968621,2971227,"5",2606
"DRR286234",2971228,2972465,"1",1237
"DRR286234",2990425,2991395,"3",970
"DRR286234",2992346,2994306,"3",1960
"DRR286234",2994307,2997775,"9",3468
"DRR286234",3000513,3001078,"3",565
"DRR286234",3007341,3009906,"3",2565
"DRR286234",3009907,3011278,"9",1371
"DRR286234",3011279,3014892,"3",3613
"DRR286234",3022456,3025714,"10",3258
"DRR286234",3035881,3042896,"10",7015
"DRR286234",3045500,3047112,"6",1612
"DRR286234",3047113,3049083,"9",1970
"DRR286234",3049084,3051852,"3",2768
"DRR286234",3054877,3059289,"3",4412
"DRR286234",3094618,3097307,"3",2689
"DRR286234",3098967,3101007,"10",2040
"DRR286234",3120977,3122142,"3",1165
"DRR286234",3152666,3153913,"6",1247
"DRR286234",3153914,3154993,"4",1079
"DRR286234",3156624,3160022,"1",3398
"DRR286234",3160023,3164836,"3",4813
"DRR286234",3165011,3166702,"1",1691
"DRR286234",3173700,3174333,"1",633
"DRR286234",3179295,3181448,"1",2153
"DRR286234",3183455,3187753,"9",4298
"DRR286234",3192234,3200668,"9",8434
"DRR286234",3205722,3208362,"9",2640
"DRR286234",3211344,3213416,"9",2072
"DRR286234",3219474,3232732,"9",13258
"DRR286234",3232733,3234123,"3",1390
"DRR286234",3234124,3237661,"9",3537
"DRR286234",3237662,3240319,"1",2657
"DRR286234",3240320,3241139,"3",819
"DRR286234",3249444,3251185,"9",1741
"DRR286234",3251186,3254282,"10",3096
"DRR286234",3255598,3257633,"3",2035
"DRR286234",3257634,3260994,"10",3360
"DRR286234",3266323,3267745,"1",1422
"DRR286234",3322118,3323184,"7",1066
"DRR286234",3324795,3326406,"5",1611
"DRR286234",3332816,3335053,"3",2237
"DRR286234",3336915,3340873,"10",3958
"DRR286234",3342111,3345167,"4",3056
"DRR286234",3345168,3346986,"9",1818
"DRR286234",3346987,3348916,"10",1929
"DRR286234",3348917,3358053,"9",9136
"DRR286234",3358054,3359632,"10",1578
"DRR286234",3359633,3361556,"4",1923
"DRR286234",3361557,3363145,"9",1588
"DRR286234",3363146,3364546,"10",1400
"DRR286234",3371141,3374069,"9",2928
"DRR286234",3374070,3375198,"3",1128
"DRR286234",3375199,3384355,"10",9156
"DRR286234",3387225,3387966,"4",741
"DRR286234",3397065,3399687,"9",2622
"DRR286234",3400659,3400983,"10",324
"DRR286234",3400984,3402523,"5",1539
"DRR286234",3413892,3416724,"10",2832
"DRR286234",3417727,3422778,"9",5051
"DRR286234",3428404,3437800,"9",9396
"DRR286234",3437801,3444094,"10",6293
"DRR286234",3444095,3446429,"9",2334
"DRR286234",3446430,3449071,"10",2641
"DRR286234",3455688,3457560,"3",1872
"DRR286234",3468151,3471308,"1",3157
"DRR286234",3471309,3472690,"3",1381
"DRR286234",3472691,3475480,"9",2789
"DRR286234",3475481,3476329,"1",848
"DRR286234",3476330,3478683,"7",2353
"DRR286234",3496074,3502042,"9",5968
"DRR286234",3503261,3504506,"3",1245
"DRR286234",3547282,3549090,"6",1808
"DRR286234",3549091,3562458,"9",13367
"DRR286234",3562459,3564319,"10",1860
"DRR286234",3564320,3567287,"6",2967
"DRR286234",3573959,3591230,"9",17271
"DRR286234",3648481,3649337,"9",856
"DRR286234",3653269,3657416,"9",4147
"DRR286234",3664965,3666390,"1",1425
"DRR286234",3675318,3677680,"10",2362
"DRR286234",3680715,3682649,"9",1934
"DRR286234",3683620,3689073,"3",5453
"DRR286234",3696378,3712787,"9",16409
"DRR286234",3712788,3718560,"6",5772
"DRR286234",3731429,3731738,"3",309
"DRR286234",3746259,3747427,"10",1168
"DRR286234",3750617,3752272,"3",1655
"DRR286234",3753712,3760833,"3",7121
"DRR286234",3763676,3779188,"9",15512
"DRR286234",3779189,3779939,"1",750
"DRR286234",3791769,3803329,"9",11560
"DRR286234",3803330,3805969,"3",2639
"DRR286234",3809783,3811779,"9",1996
"DRR286234",3813194,3816387,"9",3193
"DRR286234",3816388,3817818,"3",1430
"DRR286234",3817819,3822507,"9",4688
"DRR286234",3824300,3827786,"9",3486
"DRR286234",3838360,3839221,"9",861
"DRR286234",3839222,3841257,"3",2035
"DRR286234",3843162,3845023,"9",1861
"DRR286234",3856944,3857810,"1",866
"DRR286234",3866955,3869114,"9",2159
"DRR286234",3869115,3874081,"6",4966
"DRR286234",3879979,3881350,"10",1371
"DRR286234",3881351,3882383,"1",1032
"DRR286234",3882384,3884730,"9",2346
"DRR286234",3886803,3888489,"10",1686
"DRR286234",3888490,3892655,"3",4165
"DRR286234",3894121,3908341,"9",14220
"DRR286234",3911249,3916908,"9",5659
"DRR286234",3916909,3919137,"10",2228
"DRR286234",3921933,3928408,"10",6475
"DRR286234",3928409,3930207,"2",1798
"DRR286234",3930208,3932659,"3",2451
"DRR286234",3953462,3956380,"9",2918
"DRR286234",3968894,3969852,"10",958
"DRR286234",3969853,3970437,"3",584
"DRR286234",3976896,3978132,"3",1236
"DRR286234",4016556,4017294,"3",738
"DRR286234",4027935,4035083,"9",7148
"DRR286234",4048271,4052748,"5",4477
"DRR286234",4052749,4070125,"9",17376
"DRR286234",4072382,4072608,"5",226
"DRR286234",4072609,4073442,"4",833
"DRR286234",4075950,4077955,"2",2005
"DRR286234",4079416,4082334,"4",2918
"DRR286234",4086912,4088071,"3",1159
"DRR286234",4103890,4105670,"9",1780
"DRR286234",4109418,4112063,"9",2645
"DRR286234",4112064,4114448,"1",2384
"DRR286234",4114449,4116558,"9",2109
"DRR286234",4116559,4118391,"10",1832
"DRR286234",4129166,4133950,"9",4784
"DRR286234",4134680,4135010,"10",330
"DRR286234",4141498,4150025,"10",8527
"DRR286234",4152277,4182644,"9",30367
"ERR12861708",3784191,3786270,"1",2079
"ERR12861708",4081991,4082168,"9",177
"ERR12861377",21623,24340,"6",2717
"ERR12861377",484816,485845,"6",1029
"ERR12861377",505786,506135,"5",349
"ERR12861377",506136,506843,"6",707
"ERR12861377",588642,590621,"1",1979
"ERR12861377",663200,664016,"9",816
"ERR12861377",718405,719957,"9",1552
"ERR12861377",732032,733411,"6",1379
"ERR12861377",746807,747135,"5",328
"ERR12861377",809886,811366,"7",1480
"ERR12861377",824271,824864,"5",593
"ERR12861377",947056,947383,"7",327
"ERR12861377",962564,963774,"10",1210
"ERR12861377",1266558,1267101,"3",543
"ERR12861377",1351123,1352247,"7",1124
"ERR12861377",2136261,2139178,"6",2917
"ERR12861377",2151798,2154026,"7",2228
"ERR12861377",2195402,2196902,"8",1500
"ERR12861377",2293409,2294558,"6",1149
"ERR12861377",2699167,2700026,"2",859
"ERR12861377",2772559,2774524,"10",1965
"ERR12861377",2958056,2959120,"5",1064
"ERR12861377",2992541,2994362,"6",1821
"ERR12861377",3016406,3016758,"10",352
"ERR12861377",3618345,3619088,"6",743
"ERR12861377",3761597,3762023,"7",426
"ERR12861377",3782170,3786270,"1",4100
"ERR12861377",3923001,3924055,"7",1054
"ERR12861377",3988006,3988855,"6",849
"ERR12861377",4100605,4103756,"6",3151
"ERR12861377",4115998,4116975,"6",977
"ERR12861377",4182645,4194131,"2",11486
"ERR12861377",4194132,4201330,"3",7198
"ERR12861783",3430,10006,"5",6576
"ERR12861783",18765,20777,"10",2012
"ERR12861783",53123,54293,"5",1170
"ERR12861783",74039,76240,"8",2201
"ERR12861783",91773,93087,"4",1314
"ERR12861783",93088,93777,"3",689
"ERR12861783",100053,102153,"10",2100
"ERR12861783",115404,116791,"6",1387
"ERR12861783",121961,122463,"3",502
"ERR12861783",123164,125167,"5",2003
"ERR12861783",137374,139175,"10",1801
"ERR12861783",139176,140108,"8",932
"ERR12861783",164150,165425,"6",1275
"ERR12861783",166431,167775,"6",1344
"ERR12861783",171306,172191,"6",885
"ERR12861783",175510,176507,"5",997
"ERR12861783",199036,199705,"1",669
"ERR12861783",215938,217211,"10",1273
"ERR12861783",233299,235901,"5",2602
"ERR12861783",238635,241242,"6",2607
"ERR12861783",246254,249418,"10",3164
"ERR12861783",249419,255557,"6",6138
"ERR12861783",261348,262943,"10",1595
"ERR12861783",271572,273561,"6",1989
"ERR12861783",277952,279878,"10",1926
"ERR12861783",279879,282550,"5",2671
"ERR12861783",295447,296285,"5",838
"ERR12861783",317023,317736,"5",713
"ERR12861783",319030,324491,"5",5461
"ERR12861783",326178,327530,"6",1352
"ERR12861783",338736,339217,"10",481
"ERR12861783",349949,351805,"5",1856
"ERR12861783",351806,355708,"6",3902
"ERR12861783",371609,374092,"5",2483
"ERR12861783",380037,380617,"6",580
"ERR12861783",392519,393609,"5",1090
"ERR12861783",401485,404738,"3",3253
"ERR12861783",422693,425906,"6",3213
"ERR12861783",439709,443027,"5",3318
"ERR12861783",449035,451425,"5",2390
"ERR12861783",462464,464945,"10",2481
"ERR12861783",470098,471093,"4",995
"ERR12861783",471094,472188,"5",1094
"ERR12861783",479699,480276,"2",577
"ERR12861783",501145,502264,"5",1119
"ERR12861783",518592,519741,"5",1149
"ERR12861783",520605,521961,"5",1356
"ERR12861783",527075,528288,"10",1213
"ERR12861783",543969,545830,"3",1861
"ERR12861783",546168,547173,"10",1005
"ERR12861783",553212,556485,"5",3273
"ERR12861783",559651,560493,"6",842
"ERR12861783",567320,568432,"5",1112
"ERR12861783",587208,587476,"5",268
"ERR12861783",588415,592456,"10",4041
"ERR12861783",595661,596987,"3",1326
"ERR12861783",596988,597477,"10",489
"ERR12861783",610125,610890,"4",765
"ERR12861783",616321,616483,"5",162
"ERR12861783",616484,619284,"7",2800
"ERR12861783",649242,651061,"10",1819
"ERR12861783",669869,672520,"5",2651
"ERR12861783",672521,680276,"10",7755
"ERR12861783",680277,681914,"5",1637
"ERR12861783",690948,693450,"6",2502
"ERR12861783",703188,704336,"10",1148
"ERR12861783",706228,709803,"7",3575
"ERR12861783",713524,714934,"4",1410
"ERR12861783",716545,717973,"6",1428
"ERR12861783",719958,721103,"10",1145
"ERR12861783",726119,729375,"6",3256
"ERR12861783",729376,729715,"10",339
"ERR12861783",729716,730741,"6",1025
"ERR12861783",753200,754336,"5",1136
"ERR12861783",761942,763011,"10",1069
"ERR12861783",771795,772799,"5",1004
"ERR12861783",776120,777710,"8",1590
"ERR12861783",777711,779060,"5",1349
"ERR12861783",782536,783262,"5",726
"ERR12861783",787161,789123,"6",1962
"ERR12861783",791139,791795,"6",656
"ERR12861783",792099,793509,"6",1410
"ERR12861783",812279,818295,"10",6016
"ERR12861783",824271,825186,"10",915
"ERR12861783",825187,827707,"5",2520
"ERR12861783",828808,830095,"5",1287
"ERR12861783",846156,848228,"10",2072
"ERR12861783",850301,851346,"5",1045
"ERR12861783",855691,857272,"6",1581
"ERR12861783",860416,862976,"6",2560
"ERR12861783",870268,871383,"10",1115
"ERR12861783",908155,908544,"3",389
"ERR12861783",908642,909737,"6",1095
"ERR12861783",909738,912199,"5",2461
"ERR12861783",919561,923021,"5",3460
"ERR12861783",925376,929188,"7",3812
"ERR12861783",939156,944269,"10",5113
"ERR12861783",944605,945072,"5",467
"ERR12861783",947777,949854,"10",2077
"ERR12861783",955969,956707,"10",738
"ERR12861783",962896,964511,"3",1615
"ERR12861783",968254,971658,"10",3404
"ERR12861783",976003,977077,"1",1074
"ERR12861783",1031324,1034364,"6",3040
"ERR12861783",1037716,1041793,"5",4077
"ERR12861783",1087253,1089435,"7",2182
"ERR12861783",1089436,1090776,"3",1340
"ERR12861783",1090777,1095670,"5",4893
"ERR12861783",1103402,1108586,"10",5184
"ERR12861783",1109145,1111094,"5",1949
"ERR12861783",1124304,1127454,"6",3150
"ERR12861783",1149386,1150485,"6",1099
"ERR12861783",1157559,1158201,"2",642
"ERR12861783",1168311,1168815,"10",504
"ERR12861783",1189728,1190636,"7",908
"ERR12861783",1194144,1196697,"4",2553
"ERR12861783",1224196,1225195,"6",999
"ERR12861783",1229343,1230109,"4",766
"ERR12861783",1239614,1240870,"5",1256
"ERR12861783",1244311,1246091,"6",1780
"ERR12861783",1258370,1259648,"6",1278
"ERR12861783",1268460,1269055,"10",595
"ERR12861783",1269056,1272802,"8",3746
"ERR12861783",1276152,1277470,"5",1318
"ERR12861783",1286021,1287064,"10",1043
"ERR12861783",1301469,1306019,"10",4550
"ERR12861783",1322223,1323543,"10",1320
"ERR12861783",1324359,1325473,"6",1114
"ERR12861783",1333425,1336460,"6",3035
"ERR12861783",1341306,1347169,"5",5863
"ERR12861783",1348527,1349995,"5",1468
"ERR12861783",1350781,1353706,"5",2925
"ERR12861783",1354780,1356406,"6",1626
"ERR12861783",1361040,1365653,"5",4613
"ERR12861783",1367119,1368166,"10",1047
"ERR12861783",1370069,1370879,"2",810
"ERR12861783",1373582,1375230,"6",1648
"ERR12861783",1377026,1377111,"1",85
"ERR12861783",1378074,1380955,"5",2881
"ERR12861783",1382635,1384077,"10",1442
"ERR12861783",1384078,1384932,"7",854
"ERR12861783",1393103,1394999,"6",1896
"ERR12861783",1396229,1397829,"5",1600
"ERR12861783",1402682,1403174,"6",492
"ERR12861783",1406634,1407015,"4",381
"ERR12861783",1407016,1413503,"5",6487
"ERR12861783",1415978,1419081,"5",3103
"ERR12861783",1420388,1422465,"5",2077
"ERR12861783",1422466,1427579,"6",5113
"ERR12861783",1427580,1429794,"10",2214
"ERR12861783",1432090,1435960,"6",3870
"ERR12861783",1435961,1439723,"10",3762
"ERR12861783",1456963,1458917,"6",1954
"ERR12861783",1468667,1472463,"6",3796
"ERR12861783",1477815,1478200,"5",385
"ERR12861783",1496907,1498493,"6",1586
"ERR12861783",1502718,1503445,"10",727
"ERR12861783",1508565,1509148,"10",583
"ERR12861783",1513705,1516527,"10",2822
"ERR12861783",1550911,1552015,"2",1104
"ERR12861783",1588835,1589918,"10",1083
"ERR12861783",1601712,1604163,"6",2451
"ERR12861783",1623786,1624795,"10",1009
"ERR12861783",1635987,1637181,"6",1194
"ERR12861783",1638054,1642374,"10",4320
"ERR12861783",1657328,1664167,"5",6839
"ERR12861783",1671940,1672255,"5",315
"ERR12861783",1692803,1694055,"5",1252
"ERR12861783",1710567,1711412,"1",845
"ERR12861783",1729137,1731415,"3",2278
"ERR12861783",1736314,1739133,"1",2819
"ERR12861783",1740813,1747193,"5",6380
"ERR12861783",1747194,1747953,"2",759
"ERR12861783",1749883,1752820,"10",2937
"ERR12861783",1756377,1758837,"5",2460
"ERR12861783",1768753,1770455,"8",1702
"ERR12861783",1786735,1788279,"6",1544
"ERR12861783",1795163,1796274,"6",1111
"ERR12861783",1797195,1797970,"10",775
"ERR12861783",1802436,1803049,"10",613
"ERR12861783",1805813,1806409,"7",596
"ERR12861783",1807950,1809105,"8",1155
"ERR12861783",1827022,1828932,"10",1910
"ERR12861783",1839679,1841027,"5",1348
"ERR12861783",1841028,1842699,"7",1671
"ERR12861783",1850770,1852496,"6",1726
"ERR12861783",1855078,1859077,"5",3999
"ERR12861783",1859078,1859829,"8",751
"ERR12861783",1864255,1864763,"6",508
"ERR12861783",1887448,1887512,"4",64
"ERR12861783",1887513,1887750,"10",237
"ERR12861783",1900345,1901236,"5",891
"ERR12861783",1905087,1905893,"5",806
"ERR12861783",1914993,1919899,"1",4906
"ERR12861783",1919900,1920874,"10",974
"ERR12861783",1924655,1930342,"5",5687
"ERR12861783",1944732,1947421,"7",2689
"ERR12861783",1948026,1952308,"10",4282
"ERR12861783",1952309,1952941,"6",632
"ERR12861783",1966954,1970250,"5",3296
"ERR12861783",1970251,1971867,"10",1616
"ERR12861783",1980670,1982046,"7",1376
"ERR12861783",1984140,1989117,"10",4977
"ERR12861783",1989118,1992293,"5",3175
"ERR12861783",1992294,1994510,"10",2216
"ERR12861783",1994511,1996156,"5",1645
"ERR12861783",1996157,1997341,"4",1184
"ERR12861783",1997342,1999249,"1",1907
"ERR12861783",1999368,2003289,"6",3921
"ERR12861783",2003290,2004877,"10",1587
"ERR12861783",2004878,2005735,"7",857
"ERR12861783",2011561,2012209,"6",648
"ERR12861783",2027502,2031001,"10",3499
"ERR12861783",2031002,2031953,"2",951
"ERR12861783",2045748,2046476,"1",728
"ERR12861783",2046477,2049805,"10",3328
"ERR12861783",2050793,2054820,"6",4027
"ERR12861783",2064478,2066517,"10",2039
"ERR12861783",2104952,2108094,"4",3142
"ERR12861783",2108095,2108859,"5",764
"ERR12861783",2121660,2122875,"6",1215
"ERR12861783",2146882,2151161,"5",4279
"ERR12861783",2187216,2194099,"6",6883
"ERR12861783",2194100,2196997,"7",2897
"ERR12861783",2201417,2202540,"10",1123
"ERR12861783",2203446,2209649,"10",6203
"ERR12861783",2209650,2209889,"5",239
"ERR12861783",2221573,2222909,"6",1336
"ERR12861783",2232351,2238705,"10",6354
"ERR12861783",2264667,2267695,"5",3028
"ERR12861783",2274692,2276144,"10",1452
"ERR12861783",2279244,2286329,"5",7085
"ERR12861783",2333805,2335412,"10",1607
"ERR12861783",2335413,2336927,"2",1514
"ERR12861783",2336928,2337228,"5",300
"ERR12861783",2343927,2344962,"4",1035
"ERR12861783",2350040,2351133,"4",1093
"ERR12861783",2357664,2359960,"10",2296
"ERR12861783",2372174,2373296,"6",1122
"ERR12861783",2383735,2385741,"8",2006
"ERR12861783",2387536,2390264,"10",2728
"ERR12861783",2390991,2392455,"10",1464
"ERR12861783",2403684,2404321,"10",637
"ERR12861783",2410226,2413438,"10",3212
"ERR12861783",2417406,2422550,"4",5144
"ERR12861783",2423772,2424386,"10",614
"ERR12861783",2434707,2438523,"10",3816
"ERR12861783",2442036,2445130,"10",3094
"ERR12861783",2462683,2464370,"5",1687
"ERR12861783",2477280,2477823,"5",543
"ERR12861783",2479442,2482384,"5",2942
"ERR12861783",2483439,2490149,"5",6710
"ERR12861783",2505226,2508499,"5",3273
"ERR12861783",2510944,2512083,"10",1139
"ERR12861783",2532556,2536207,"5",3651
"ERR12861783",2538098,2540400,"1",2302
"ERR12861783",2544592,2546418,"3",1826
"ERR12861783",2551265,2553103,"3",1838
"ERR12861783",2565556,2567665,"10",2109
"ERR12861783",2567666,2568995,"6",1329
"ERR12861783",2604102,2606006,"10",1904
"ERR12861783",2621725,2623325,"10",1600
"ERR12861783",2642039,2642147,"4",108
"ERR12861783",2642148,2643243,"1",1095
"ERR12861783",2645335,2648753,"6",3418
"ERR12861783",2648754,2650076,"5",1322
"ERR12861783",2652198,2653950,"4",1752
"ERR12861783",2653951,2655707,"5",1756
"ERR12861783",2661848,2662558,"5",710
"ERR12861783",2679452,2680175,"1",723
"ERR12861783",2747353,2748648,"3",1295
"ERR12861783",2748649,2749110,"10",461
"ERR12861783",2753044,2755008,"6",1964
"ERR12861783",2765276,2766953,"6",1677
"ERR12861783",2786911,2790908,"1",3997
"ERR12861783",2811760,2814236,"4",2476
"ERR12861783",2814237,2817194,"10",2957
"ERR12861783",2821336,2821989,"6",653
"ERR12861783",2830321,2833838,"7",3517
"ERR12861783",2843131,2848302,"6",5171
"ERR12861783",2850894,2851454,"7",560
"ERR12861783",2856995,2857196,"6",201
"ERR12861783",2857197,2858665,"10",1468
"ERR12861783",2860532,2860627,"5",95
"ERR12861783",2865760,2872210,"7",6450
"ERR12861783",2876804,2881058,"6",4254
"ERR12861783",2885143,2891334,"10",6191
"ERR12861783",2892534,2896237,"10",3703
"ERR12861783",2906456,2908663,"7",2207
"ERR12861783",2908664,2909603,"6",939
"ERR12861783",2935798,2937085,"3",1287
"ERR12861783",2942440,2946550,"10",4110
"ERR12861783",2959522,2961230,"10",1708
"ERR12861783",2968693,2969772,"5",1079
"ERR12861783",2979272,2985111,"10",5839
"ERR12861783",2992478,2994790,"6",2312
"ERR12861783",2994791,2995587,"5",796
"ERR12861783",2997953,2999213,"5",1260
"ERR12861783",3004799,3008643,"5",3844
"ERR12861783",3008836,3009322,"7",486
"ERR12861783",3014295,3017931,"10",3636
"ERR12861783",3044606,3046098,"4",1492
"ERR12861783",3048907,3051852,"4",2945
"ERR12861783",3064060,3065541,"5",1481
"ERR12861783",3065542,3068970,"1",3428
"ERR12861783",3075492,3076339,"6",847
"ERR12861783",3093563,3094772,"10",1209
"ERR12861783",3104938,3107792,"5",2854
"ERR12861783",3124290,3127777,"5",3487
"ERR12861783",3144434,3145374,"10",940
"ERR12861783",3149076,3151895,"6",2819
"ERR12861783",3152509,3157454,"5",4945
"ERR12861783",3168444,3168932,"10",488
"ERR12861783",3173034,3174212,"7",1178
"ERR12861783",3174213,3174302,"5",89
"ERR12861783",3174414,3175602,"2",1188
"ERR12861783",3200848,3202196,"6",1348
"ERR12861783",3217627,3221666,"6",4039
"ERR12861783",3226537,3227452,"4",915
"ERR12861783",3227453,3227880,"5",427
"ERR12861783",3231476,3234413,"5",2937
"ERR12861783",3236358,3238017,"5",1659
"ERR12861783",3242252,3246365,"10",4113
"ERR12861783",3252316,3254580,"10",2264
"ERR12861783",3255759,3256317,"5",558
"ERR12861783",3272556,3277773,"5",5217
"ERR12861783",3279157,3279959,"10",802
"ERR12861783",3286700,3288530,"8",1830
"ERR12861783",3297891,3301045,"10",3154
"ERR12861783",3301046,3302515,"2",1469
"ERR12861783",3306962,3312995,"5",6033
"ERR12861783",3322218,3323995,"10",1777
"ERR12861783",3323996,3327975,"6",3979
"ERR12861783",3338671,3342901,"7",4230
"ERR12861783",3358260,3362251,"5",3991
"ERR12861783",3364504,3370015,"10",5511
"ERR12861783",3373228,3375198,"10",1970
"ERR12861783",3400900,3401460,"5",560
"ERR12861783",3401461,3402523,"10",1062
"ERR12861783",3406943,3409827,"10",2884
"ERR12861783",3411314,3412894,"8",1580
"ERR12861783",3414630,3416375,"5",1745
"ERR12861783",3428404,3431197,"5",2793
"ERR12861783",3442646,3445595,"5",2949
"ERR12861783",3447028,3449973,"5",2945
"ERR12861783",3453264,3457846,"5",4582
"ERR12861783",3481071,3483226,"10",2155
"ERR12861783",3500732,3501375,"2",643
"ERR12861783",3504656,3505770,"6",1114
"ERR12861783",3509033,3512000,"5",2967
"ERR12861783",3512001,3512931,"7",930
"ERR12861783",3521653,3523200,"8",1547
"ERR12861783",3534654,3537407,"5",2753
"ERR12861783",3541440,3542513,"5",1073
"ERR12861783",3542514,3542894,"7",380
"ERR12861783",3542895,3547514,"10",4619
"ERR12861783",3562561,3564376,"10",1815
"ERR12861783",3567519,3569521,"10",2002
"ERR12861783",3569522,3570141,"5",619
"ERR12861783",3570142,3571069,"10",927
"ERR12861783",3575149,3576709,"10",1560
"ERR12861783",3610189,3611973,"5",1784
"ERR12861783",3618158,3621295,"10",3137
"ERR12861783",3625202,3627223,"3",2021
"ERR12861783",3631729,3634850,"6",3121
"ERR12861783",3645299,3648732,"5",3433
"ERR12861783",3648733,3649674,"6",941
"ERR12861783",3657508,3658616,"4",1108
"ERR12861783",3669904,3670261,"10",357
"ERR12861783",3670262,3672032,"5",1770
"ERR12861783",3672128,3674400,"10",2272
"ERR12861783",3675318,3676947,"6",1629
"ERR12861783",3677681,3678240,"10",559
"ERR12861783",3689912,3690783,"5",871
"ERR12861783",3692345,3693237,"10",892
"ERR12861783",3737742,3741007,"10",3265
"ERR12861783",3746526,3747427,"5",901
"ERR12861783",3750782,3751305,"6",523
"ERR12861783",3751306,3753917,"1",2611
"ERR12861783",3757346,3760833,"5",3487
"ERR12861783",3765880,3766479,"5",599
"ERR12861783",3772836,3774038,"5",1202
"ERR12861783",3778803,3778959,"5",156
"ERR12861783",3798217,3798952,"4",735
"ERR12861783",3799762,3806097,"8",6335
"ERR12861783",3806098,3807757,"10",1659
"ERR12861783",3830970,3831420,"5",450
"ERR12861783",3839222,3841452,"5",2230
"ERR12861783",3857869,3860114,"5",2245
"ERR12861783",3862637,3867631,"10",4994
"ERR12861783",3872329,3873628,"7",1299
"ERR12861783",3884731,3885926,"6",1195
"ERR12861783",3885927,3887533,"3",1606
"ERR12861783",3890626,3894048,"5",3422
"ERR12861783",3898816,3900892,"6",2076
"ERR12861783",3908832,3915144,"10",6312
"ERR12861783",3915145,3916649,"1",1504
"ERR12861783",3928409,3930579,"10",2170
"ERR12861783",3937936,3939568,"4",1632
"ERR12861783",3945177,3947395,"3",2218
"ERR12861783",3947396,3949441,"10",2045
"ERR12861783",3959572,3962448,"5",2876
"ERR12861783",3963871,3965466,"4",1595
"ERR12861783",3967921,3970701,"10",2780
"ERR12861783",3977990,3978224,"5",234
"ERR12861783",3983999,3990143,"5",6144
"ERR12861783",3990982,3993598,"4",2616
"ERR12861783",3994767,3995410,"3",643
"ERR12861783",4003231,4006055,"6",2824
"ERR12861783",4013113,4017918,"5",4805
"ERR12861783",4017919,4020545,"10",2626
"ERR12861783",4020546,4023447,"5",2901
"ERR12861783",4025221,4027874,"5",2653
"ERR12861783",4033790,4034642,"5",852
"ERR12861783",4035610,4036339,"5",729
"ERR12861783",4038029,4041956,"5",3927
"ERR12861783",4044674,4045298,"3",624
"ERR12861783",4045299,4047116,"5",1817
"ERR12861783",4051532,4052938,"5",1406
"ERR12861783",4052939,4053907,"3",968
"ERR12861783",4059481,4060584,"4",1103
"ERR12861783",4072308,4073513,"5",1205
"ERR12861783",4108494,4113298,"4",4804
"ERR12861783",4114364,4118539,"10",4175
"ERR12861783",4119243,4120571,"4",1328
"ERR12861783",4123119,4124484,"4",1365
"ERR12861783",4127765,4128680,"7",915
"ERR12861783",4133830,4134146,"10",316
"ERR12861783",4140241,4149829,"3",9588
"ERR12861651",91148,94274,"6",3126
"ERR12861651",94275,100525,"5",6250
"ERR12861651",100526,101923,"4",1397
"ERR12861651",101924,102843,"9",919
"ERR12861651",102844,104887,"5",2043
"ERR12861651",104888,106076,"3",1188
"ERR12861651",291208,292978,"4",1770
"ERR12861651",398773,398823,"9",50
"ERR12861651",398824,399053,"5",229
"ERR12861651",399893,402190,"10",2297
"ERR12861651",402191,403835,"3",1644
"ERR12861651",403836,404573,"4",737
"ERR12861651",404574,408854,"9",4280
"ERR12861651",688998,691052,"5",2054
"ERR12861651",691053,691842,"3",789
"ERR12861651",692653,692880,"3",227
"ERR12861651",692881,694505,"7",1624
"ERR12861651",835619,835862,"5",243
"ERR12861651",835863,836656,"3",793
"ERR12861651",836657,839648,"7",2991
"ERR12861651",895436,895924,"6",488
"ERR12861651",895925,896767,"10",842
"ERR12861651",896768,896968,"4",200
"ERR12861651",896969,897150,"10",181
"ERR12861651",897151,897454,"5",303
"ERR12861651",898145,898654,"5",509
"ERR12861651",965123,968271,"6",3148
"ERR12861651",968272,968342,"7",70
"ERR12861651",988581,990874,"3",2293
"ERR12861651",990875,991462,"4",587
"ERR12861651",991463,991749,"3",286
"ERR12861651",991750,994830,"8",3080
"ERR12861651",994831,995482,"10",651
"ERR12861651",1047625,1047851,"5",226
"ERR12861651",1053756,1054322,"3",566
"ERR12861651",1054323,1054355,"5",32
"ERR12861651",1054356,1055435,"7",1079
"ERR12861651",1056006,1057387,"8",1381
"ERR12861651",1058078,1058282,"8",204
"ERR12861651",1058283,1058468,"5",185
"ERR12861651",1058469,1058934,"8",465
"ERR12861651",1058935,1058987,"5",52
"ERR12861651",1058988,1060549,"8",1561
"ERR12861651",1060550,1061657,"10",1107
"ERR12861651",1099561,1102339,"10",2778
"ERR12861651",1160589,1162702,"7",2113
"ERR12861651",1162703,1163899,"4",1196
"ERR12861651",1163900,1164542,"10",642
"ERR12861651",1227877,1228061,"9",184
"ERR12861651",1228062,1229365,"5",1303
"ERR12861651",1229366,1229501,"8",135
"ERR12861651",1229787,1230484,"8",697
"ERR12861651",1247675,1250593,"5",2918
"ERR12861651",1252235,1253670,"9",1435
"ERR12861651",1253671,1253705,"8",34
"ERR12861651",1254990,1256918,"1",1928
"ERR12861651",1291886,1292854,"10",968
"ERR12861651",1292862,1293080,"10",218
"ERR12861651",1293081,1294909,"7",1828
"ERR12861651",1296709,1299259,"8",2550
"ERR12861651",1351434,1352927,"3",1493
"ERR12861651",1352928,1353894,"5",966
"ERR12861651",1353895,1357762,"1",3867
"ERR12861651",1411882,1414018,"3",2136
"ERR12861651",1414019,1420234,"9",6215
"ERR12861651",1420235,1421321,"7",1086
"ERR12861651",1425176,1426463,"8",1287
"ERR12861651",1589994,1591182,"4",1188
"ERR12861651",1591183,1591588,"3",405
"ERR12861651",1591589,1592033,"4",444
"ERR12861651",1592034,1592867,"7",833
"ERR12861651",1592868,1593877,"4",1009
"ERR12861651",1598622,1600709,"9",2087
"ERR12861651",1600710,1601802,"10",1092
"ERR12861651",1601803,1604163,"8",2360
"ERR12861651",1604164,1605374,"4",1210
"ERR12861651",1652605,1656560,"5",3955
"ERR12861651",1656561,1657590,"3",1029
"ERR12861651",1657591,1658731,"8",1140
"ERR12861651",1658938,1659673,"7",735
"ERR12861651",1659674,1660060,"8",386
"ERR12861651",1660061,1660396,"1",335
"ERR12861651",1660397,1661495,"7",1098
"ERR12861651",1662240,1663157,"5",917
"ERR12861651",1663318,1663842,"5",524
"ERR12861651",1705054,1705536,"3",482
"ERR12861651",1705537,1706226,"9",689
"ERR12861651",1706227,1708077,"1",1850
"ERR12861651",1708078,1710626,"6",2548
"ERR12861651",1728943,1730268,"4",1325
"ERR12861651",1734179,1734400,"10",221
"ERR12861651",1734669,1735386,"6",717
"ERR12861651",1735387,1736825,"7",1438
"ERR12861651",1736826,1737229,"3",403
"ERR12861651",1737230,1737703,"6",473
"ERR12861651",1737704,1738636,"5",932
"ERR12861651",1738637,1739383,"6",746
"ERR12861651",1748633,1750541,"7",1908
"ERR12861651",1750542,1751358,"8",816
"ERR12861651",1823986,1825092,"4",1106
"ERR12861651",1825093,1826540,"6",1447
"ERR12861651",1879837,1880123,"10",286
"ERR12861651",1880124,1881775,"3",1651
"ERR12861651",1881776,1884496,"4",2720
"ERR12861651",1884497,1885494,"3",997
"ERR12861651",1909663,1911488,"1",1825
"ERR12861651",1911489,1913936,"3",2447
"ERR12861651",1913937,1914779,"5",842
"ERR12861651",1914780,1915971,"10",1191
"ERR12861651",1916093,1918905,"3",2812
"ERR12861651",2065561,2066858,"7",1297
"ERR12861651",2067423,2070113,"3",2690
"ERR12861651",2070114,2070522,"6",408
"ERR12861651",2070523,2073071,"5",2548
"ERR12861651",2073072,2074871,"10",1799
"ERR12861651",2137297,2139338,"10",2041
"ERR12861651",2139339,2140105,"3",766
"ERR12861651",2161608,2164175,"7",2567
"ERR12861651",2270010,2270717,"4",707
"ERR12861651",2270718,2272529,"5",1811
"ERR12861651",2272530,2273164,"7",634
"ERR12861651",2273165,2273459,"8",294
"ERR12861651",2273460,2274029,"7",569
"ERR12861651",2274030,2274085,"1",55
"ERR12861651",2274318,2274558,"1",240
"ERR12861651",2274963,2275771,"9",808
"ERR12861651",2324792,2326452,"5",1660
"ERR12861651",2326453,2327728,"9",1275
"ERR12861651",2327729,2328482,"6",753
"ERR12861651",2362232,2363580,"5",1348
"ERR12861651",2363581,2364875,"7",1294
"ERR12861651",2499015,2500644,"7",1629
"ERR12861651",2513638,2515585,"6",1947
"ERR12861651",2518279,2521099,"8",2820
"ERR12861651",2522547,2524024,"9",1477
"ERR12861651",2524025,2524207,"3",182
"ERR12861651",2524208,2524398,"7",190
"ERR12861651",2524399,2524735,"8",336
"ERR12861651",2524736,2525159,"3",423
"ERR12861651",2528263,2528737,"3",474
"ERR12861651",2529703,2532291,"3",2588
"ERR12861651",2532642,2533905,"9",1263
"ERR12861651",2557505,2559977,"6",2472
"ERR12861651",2559978,2562262,"1",2284
"ERR12861651",2563254,2563948,"7",694
"ERR12861651",2565738,2567355,"1",1617
"ERR12861651",2567356,2567424,"5",68
"ERR12861651",2567425,2567665,"9",240
"ERR12861651",2567666,2569250,"8",1584
"ERR12861651",2569251,2569788,"9",537
"ERR12861651",2569789,2570841,"3",1052
"ERR12861651",2585054,2586059,"10",1005
"ERR12861651",2586060,2586957,"3",897
"ERR12861651",2586958,2587109,"8",151
"ERR12861651",2587110,2587699,"10",589
"ERR12861651",2587700,2588903,"8",1203
"ERR12861651",2593855,2596302,"5",2447
"ERR12861651",2601002,2601852,"8",850
"ERR12861651",2614973,2616978,"3",2005
"ERR12861651",2617099,2617608,"4",509
"ERR12861651",2617609,2618444,"7",835
"ERR12861651",2618445,2618944,"4",499
"ERR12861651",2646732,2648957,"7",2225
"ERR12861651",2648958,2650149,"4",1191
"ERR12861651",2752909,2753673,"4",764
"ERR12861651",2753674,2754712,"1",1038
"ERR12861651",2760179,2764555,"1",4376
"ERR12861651",2764646,2765275,"3",629
"ERR12861651",2799413,2799932,"6",519
"ERR12861651",2799933,2800315,"7",382
"ERR12861651",2801706,2803294,"6",1588
"ERR12861651",2803526,2804844,"5",1318
"ERR12861651",2923536,2924654,"9",1118
"ERR12861651",2924655,2924861,"5",206
"ERR12861651",2940132,2941555,"7",1423
"ERR12861651",2941556,2942548,"9",992
"ERR12861651",2948336,2949769,"3",1433
"ERR12861651",2949853,2952157,"7",2304
"ERR12861651",2964028,2964710,"5",682
"ERR12861651",2965455,2966982,"3",1527
"ERR12861651",2973062,2974206,"9",1144
"ERR12861651",2974207,2977277,"7",3070
"ERR12861651",2992793,2992864,"9",71
"ERR12861651",2992865,2993583,"1",718
"ERR12861651",2993584,2995449,"8",1865
"ERR12861651",2995450,2997177,"10",1727
"ERR12861651",2997178,2997775,"7",597
"ERR12861651",2997776,2998195,"5",419
"ERR12861651",2998196,2998759,"3",563
"ERR12861651",3027906,3029290,"7",1384
"ERR12861651",3029291,3030826,"1",1535
"ERR12861651",3030827,3031174,"7",347
"ERR12861651",3031484,3033779,"3",2295
"ERR12861651",3036833,3039356,"1",2523
"ERR12861651",3039357,3042945,"6",3588
"ERR12861651",3047083,3048967,"7",1884
"ERR12861651",3048968,3050879,"1",1911
"ERR12861651",3050880,3051160,"3",280
"ERR12861651",3052160,3053140,"3",980
"ERR12861651",3063337,3063960,"4",623
"ERR12861651",3066718,3066854,"9",136
"ERR12861651",3066855,3067397,"1",542
"ERR12861651",3067398,3068452,"4",1054
"ERR12861651",3069675,3074007,"3",4332
"ERR12861651",3127179,3127471,"3",292
"ERR12861651",3127653,3128178,"9",525
"ERR12861651",3128475,3129090,"3",615
"ERR12861651",3129091,3130358,"10",1267
"ERR12861651",3130359,3130933,"4",574
"ERR12861651",3130934,3132262,"3",1328
"ERR12861651",3132263,3134194,"1",1931
"ERR12861651",3134195,3135847,"9",1652
"ERR12861651",3135908,3137053,"3",1145
"ERR12861651",3137079,3137794,"8",715
"ERR12861651",3137795,3138349,"3",554
"ERR12861651",3138350,3139141,"5",791
"ERR12861651",3139142,3139911,"3",769
"ERR12861651",3148232,3148442,"10",210
"ERR12861651",3148443,3148944,"3",501
"ERR12861651",3148945,3151382,"7",2437
"ERR12861651",3151896,3153498,"10",1602
"ERR12861651",3153499,3153760,"3",261
"ERR12861651",3153761,3153913,"7",152
"ERR12861651",3177849,3180999,"4",3150
"ERR12861651",3181305,3183110,"10",1805
"ERR12861651",3183111,3183703,"5",592
"ERR12861651",3234001,3234793,"3",792
"ERR12861651",3234794,3235696,"5",902
"ERR12861651",3235697,3236357,"8",660
"ERR12861651",3236358,3237033,"10",675
"ERR12861651",3237034,3238249,"9",1215
"ERR12861651",3238250,3239144,"3",894
"ERR12861651",3239145,3239324,"9",179
"ERR12861651",3243731,3245123,"8",1392
"ERR12861651",3245124,3246049,"3",925
"ERR12861651",3272815,3274965,"8",2150
"ERR12861651",3274966,3275293,"3",327
"ERR12861651",3275294,3275762,"8",468
"ERR12861651",3275763,3278401,"7",2638
"ERR12861651",3327809,3328086,"4",277
"ERR12861651",3328087,3331461,"9",3374
"ERR12861651",3331607,3335053,"4",3446
"ERR12861651",3335054,3337561,"3",2507
"ERR12861651",3337562,3338279,"4",717
"ERR12861651",3338280,3339713,"3",1433
"ERR12861651",3339714,3340389,"8",675
"ERR12861651",3356773,3359425,"7",2652
"ERR12861651",3359426,3359509,"5",83
"ERR12861651",3359510,3361106,"9",1596
"ERR12861651",3361107,3363145,"7",2038
"ERR12861651",3363146,3365575,"5",2429
"ERR12861651",3380577,3380810,"4",233
"ERR12861651",3381039,3381110,"9",71
"ERR12861651",3383642,3386002,"1",2360
"ERR12861651",3386003,3388294,"6",2291
"ERR12861651",3388295,3390184,"8",1889
"ERR12861651",3390185,3390590,"10",405
"ERR12861651",3390591,3393322,"9",2731
"ERR12861651",3393323,3394792,"8",1469
"ERR12861651",3394793,3396747,"6",1954
"ERR12861651",3403445,3407228,"8",3783
"ERR12861651",3425323,3428561,"5",3238
"ERR12861651",3431055,3431541,"3",486
"ERR12861651",3431542,3432967,"8",1425
"ERR12861651",3432968,3433032,"9",64
"ERR12861651",3433033,3434122,"3",1089
"ERR12861651",3434123,3434314,"1",191
"ERR12861651",3434315,3435244,"10",929
"ERR12861651",3435245,3437641,"8",2396
"ERR12861651",3439143,3439549,"5",406
"ERR12861651",3439550,3439935,"6",385
"ERR12861651",3440048,3440844,"1",796
"ERR12861651",3440845,3442337,"8",1492
"ERR12861651",3460847,3463889,"6",3042
"ERR12861651",3463890,3464041,"5",151
"ERR12861651",3464147,3465059,"3",912
"ERR12861651",3466974,3467139,"10",165
"ERR12861651",3467140,3467276,"5",136
"ERR12861651",3467277,3470752,"10",3475
"ERR12861651",3470753,3471385,"5",632
"ERR12861651",3499389,3500140,"7",751
"ERR12861651",3500141,3502042,"5",1901
"ERR12861651",3502043,3502710,"7",667
"ERR12861651",3532435,3539399,"5",6964
"ERR12861651",3539400,3541241,"6",1841
"ERR12861651",3541242,3541876,"5",634
"ERR12861651",3565442,3569608,"8",4166
"ERR12861651",3570051,3573025,"6",2974
"ERR12861651",3573026,3574901,"4",1875
"ERR12861651",3574902,3576068,"8",1166
"ERR12861651",3576069,3577290,"3",1221
"ERR12861651",3577291,3579251,"6",1960
"ERR12861651",3579913,3581501,"6",1588
"ERR12861651",3581676,3582954,"10",1278
"ERR12861651",3590838,3591872,"9",1034
"ERR12861651",3591873,3594027,"8",2154
"ERR12861651",3594028,3595872,"4",1844
"ERR12861651",3604826,3605148,"6",322
"ERR12861651",3605149,3605307,"10",158
"ERR12861651",3605308,3605641,"7",333
"ERR12861651",3644642,3644697,"7",55
"ERR12861651",3644698,3645486,"8",788
"ERR12861651",3645487,3646731,"6",1244
"ERR12861651",3646732,3647021,"1",289
"ERR12861651",3647022,3647838,"3",816
"ERR12861651",3669167,3670877,"6",1710
"ERR12861651",3670878,3671112,"10",234
"ERR12861651",3671113,3672333,"9",1220
"ERR12861651",3672334,3672546,"8",212
"ERR12861651",3672547,3672928,"10",381
"ERR12861651",3675318,3676862,"3",1544
"ERR12861651",3676948,3677906,"1",958
"ERR12861651",3677907,3678199,"3",292
"ERR12861651",3678200,3681565,"5",3365
"ERR12861651",3729846,3731545,"10",1699
"ERR12861651",3751063,3752215,"8",1152
"ERR12861651",3752216,3752765,"3",549
"ERR12861651",3752766,3754054,"5",1288
"ERR12861651",3754055,3755607,"8",1552
"ERR12861651",3756065,3757250,"3",1185
"ERR12861651",3757251,3759555,"5",2304
"ERR12861651",3764186,3764658,"7",472
"ERR12861651",3764659,3765184,"6",525
"ERR12861651",3765185,3765482,"5",297
"ERR12861651",3766067,3768537,"8",2470
"ERR12861651",3768538,3768628,"5",90
"ERR12861651",3768629,3768927,"6",298
"ERR12861651",3799762,3802393,"1",2631
"ERR12861651",3802394,3803652,"7",1258
"ERR12861651",3803653,3805421,"3",1768
"ERR12861651",3805422,3806169,"1",747
"ERR12861651",3806170,3808125,"7",1955
"ERR12861651",3808126,3808206,"9",80
"ERR12861651",3808207,3809040,"5",833
"ERR12861651",3822797,3823612,"1",815
"ERR12861651",3823686,3825143,"10",1457
"ERR12861651",3825144,3826739,"9",1595
"ERR12861651",3826740,3828300,"8",1560
"ERR12861651",3828301,3829869,"6",1568
"ERR12861651",3867632,3872990,"5",5358
"ERR12861651",3872991,3873138,"8",147
"ERR12861651",3873928,3874396,"5",468
"ERR12861651",3897340,3898716,"1",1376
"ERR12861651",3898717,3898982,"9",265
"ERR12861651",3898983,3899899,"1",916
"ERR12861651",3911051,3911285,"9",234
"ERR12861651",3911286,3913610,"3",2324
"ERR12861651",3922443,3923593,"3",1150
"ERR12861651",3924395,3925265,"10",870
"ERR12861651",3925266,3926747,"1",1481
"ERR12861651",3926788,3926972,"7",184
"ERR12861651",3926973,3928408,"9",1435
"ERR12861651",3931207,3931845,"8",638
"ERR12861651",3931846,3933893,"10",2047
"ERR12861651",3934361,3936092,"7",1731
"ERR12861651",3980103,3981802,"7",1699
"ERR12861651",3981803,3981891,"1",88
"ERR12861651",3981892,3982578,"3",686
"ERR12861651",3982579,3987617,"1",5038
"ERR12861651",3987618,3989733,"6",2115
"ERR12861651",3991973,3992822,"10",849
"ERR12861651",3992823,3993094,"3",271
"ERR12861651",3993095,3996415,"1",3320
"ERR12861651",3999774,3999983,"3",209
"ERR12861651",3999984,4001281,"9",1297
"ERR12861651",4001282,4003885,"5",2603
"ERR12861651",4240291,4242616,"7",2325
"ERR12861651",4242617,4242829,"10",212
"ERR12861651",4242830,4242860,"8",30
"ERR12861651",4242861,4243707,"6",846
"SRR10112073",208076,208497,"9",421
"SRR10112073",371548,372425,"6",877
"SRR10112073",670132,670805,"3",673
"SRR10112073",753252,753607,"4",355
"SRR10112073",753608,754358,"1",750
"SRR10112073",934014,935190,"6",1176
"SRR10112073",987283,988423,"6",1140
"SRR10112073",1008309,1009417,"1",1108
"SRR10112073",1145709,1146286,"1",577
"SRR10112073",1203052,1204021,"8",969
"SRR10112073",1239630,1240540,"9",910
"SRR10112073",1335158,1336383,"1",1225
"SRR10112073",2369144,2370518,"6",1374
"SRR10112073",2373695,2374801,"1",1106
"SRR10112073",2408997,2409427,"1",430
"SRR10112073",2422051,2423571,"1",1520
"SRR10112073",2558072,2562065,"2",3993
"SRR10112073",2646330,2647196,"1",866
"SRR10112073",2777656,2779309,"2",1653
"SRR10112073",2794110,2795273,"5",1163
"SRR10112073",2876723,2877742,"1",1019
"SRR10112073",3330426,3332992,"6",2566
"SRR10112073",3396748,3399603,"9",2855
"SRR10112073",3605072,3607019,"2",1947
"SRR10112073",3623265,3624508,"5",1243
"SRR10112073",3628927,3629528,"8",601
"SRR10112073",3750782,3751374,"8",592
"SRR10112073",3793235,3794468,"1",1233
"SRR10112073",3899103,3900724,"1",1621
"ERR12861903",46282,46539,"2",257
"ERR12861903",46540,47541,"4",1001
"ERR12861903",162568,163632,"4",1064
"ERR12861903",174345,174642,"4",297
"ERR12861903",214949,215279,"4",330
"ERR12861903",232627,234166,"1",1539
"ERR12861903",305504,306242,"4",738
"ERR12861903",320538,324383,"4",3845
"ERR12861903",392160,393210,"7",1050
"ERR12861903",598139,599488,"5",1349
"ERR12861903",667772,670131,"1",2359
"ERR12861903",670132,670787,"3",655
"ERR12861903",683100,683591,"5",491
"ERR12861903",691233,691958,"4",725
"ERR12861903",696765,698213,"4",1448
"ERR12861903",703839,704720,"4",881
"ERR12861903",788829,788942,"1",113
"ERR12861903",788943,790047,"4",1104
"ERR12861903",809271,809547,"4",276
"ERR12861903",860362,861561,"4",1199
"ERR12861903",905990,910087,"4",4097
"ERR12861903",1040643,1041644,"4",1001
"ERR12861903",1134780,1137166,"7",2386
"ERR12861903",1137167,1139281,"5",2114
"ERR12861903",1139282,1141797,"4",2515
"ERR12861903",1144819,1146224,"7",1405
"ERR12861903",1172220,1173042,"1",822
"ERR12861903",1239872,1240667,"4",795
"ERR12861903",1300313,1301288,"3",975
"ERR12861903",1335191,1336460,"4",1269
"ERR12861903",1361040,1362659,"1",1619
"ERR12861903",1363725,1365595,"1",1870
"ERR12861903",1378354,1379559,"4",1205
"ERR12861903",1405591,1406534,"4",943
"ERR12861903",1468776,1470224,"4",1448
"ERR12861903",1471138,1476917,"4",5779
"ERR12861903",1476918,1478089,"1",1171
"ERR12861903",1488332,1489320,"10",988
"ERR12861903",1497438,1498059,"1",621
"ERR12861903",1622457,1622971,"4",514
"ERR12861903",1622972,1623506,"7",534
"ERR12861903",1636333,1638053,"9",1720
"ERR12861903",1638054,1642374,"4",4320
"ERR12861903",1656251,1656833,"7",582
"ERR12861903",1665752,1666416,"10",664
"ERR12861903",2006275,2007173,"4",898
"ERR12861903",2014345,2015051,"4",706
"ERR12861903",2057200,2058808,"5",1608
"ERR12861903",2058809,2060592,"4",1783
"ERR12861903",2295345,2295894,"4",549
"ERR12861903",2309694,2310953,"4",1259
"ERR12861903",2329550,2330887,"4",1337
"ERR12861903",2373882,2375185,"7",1303
"ERR12861903",2375673,2377433,"1",1760
"ERR12861903",2377434,2377657,"4",223
"ERR12861903",2408958,2409427,"4",469
"ERR12861903",2422698,2423851,"4",1153
"ERR12861903",2471325,2472372,"4",1047
"ERR12861903",2494178,2495905,"7",1727
"ERR12861903",2551127,2553055,"4",1928
"ERR12861903",2565556,2567895,"4",2339
"ERR12861903",2567896,2568966,"1",1070
"ERR12861903",2645968,2647072,"1",1104
"ERR12861903",2724003,2725928,"7",1925
"ERR12861903",2725929,2730482,"4",4553
"ERR12861903",2730483,2734209,"7",3726
"ERR12861903",2753044,2755081,"4",2037
"ERR12861903",2795933,2796602,"7",669
"ERR12861903",2819018,2821702,"1",2684
"ERR12861903",2830560,2831740,"7",1180
"ERR12861903",2904513,2908201,"4",3688
"ERR12861903",2944681,2946400,"4",1719
"ERR12861903",2998261,2999389,"4",1128
"ERR12861903",3050139,3051589,"4",1450
"ERR12861903",3072514,3075227,"1",2713
"ERR12861903",3114514,3115426,"1",912
"ERR12861903",3125147,3126224,"3",1077
"ERR12861903",3148443,3149398,"4",955
"ERR12861903",3180684,3181969,"1",1285
"ERR12861903",3208363,3213416,"4",5053
"ERR12861903",3320675,3321556,"4",881
"ERR12861903",3338671,3340162,"4",1491
"ERR12861903",3358216,3359091,"4",875
"ERR12861903",3359092,3359571,"10",479
"ERR12861903",3359572,3361191,"4",1619
"ERR12861903",3419845,3420608,"4",763
"ERR12861903",3451369,3453042,"1",1673
"ERR12861903",3454091,3455646,"4",1555
"ERR12861903",3473355,3475325,"10",1970
"ERR12861903",3479397,3479659,"4",262
"ERR12861903",3485171,3486401,"7",1230
"ERR12861903",3633130,3634850,"7",1720
"ERR12861903",3645299,3648155,"4",2856
"ERR12861903",3772876,3773712,"7",836
"ERR12861903",3778552,3778891,"7",339
"ERR12861903",3784191,3786270,"1",2079
"ERR12861903",3793149,3794468,"4",1319
"ERR12861903",3807008,3807757,"4",749
"ERR12861903",3857150,3857651,"4",501
"ERR12861903",3899053,3900840,"4",1787
"ERR12861903",4072453,4073325,"4",872
"ERR12861903",4131990,4133553,"7",1563
"ERR12861903",4226278,4227327,"8",1049
"ERR12861903",4227328,4229519,"7",2191
"DRR286147",1496907,1498493,"8",1586
"ERR12861413",14952,23782,"6",8830
"ERR12861413",33842,34921,"5",1079
"ERR12861413",39590,41234,"9",1644
"ERR12861413",41235,49277,"4",8042
"ERR12861413",60119,67845,"10",7726
"ERR12861413",69677,70970,"10",1293
"ERR12861413",90677,91960,"4",1283
"ERR12861413",93088,94517,"4",1429
"ERR12861413",101377,110880,"6",9503
"ERR12861413",125945,127680,"9",1735
"ERR12861413",132171,135693,"10",3522
"ERR12861413",135694,143832,"4",8138
"ERR12861413",143833,145678,"10",1845
"ERR12861413",157556,159102,"10",1546
"ERR12861413",164341,166430,"6",2089
"ERR12861413",166431,167069,"10",638
"ERR12861413",168781,169776,"9",995
"ERR12861413",170455,172191,"7",1736
"ERR12861413",172299,174722,"4",2423
"ERR12861413",177116,180204,"10",3088
"ERR12861413",190434,194103,"4",3669
"ERR12861413",194104,197065,"6",2961
"ERR12861413",199356,200102,"5",746
"ERR12861413",201267,201617,"4",350
"ERR12861413",208076,208750,"4",674
"ERR12861413",208751,209337,"10",586
"ERR12861413",212781,215347,"10",2566
"ERR12861413",227428,229763,"4",2335
"ERR12861413",235217,239139,"6",3922
"ERR12861413",243538,245719,"9",2181
"ERR12861413",247445,251704,"6",4259
"ERR12861413",260106,261264,"4",1158
"ERR12861413",278194,280160,"4",1966
"ERR12861413",282551,285732,"4",3181
"ERR12861413",289278,291207,"10",1929
"ERR12861413",294235,297517,"4",3282
"ERR12861413",310635,311712,"9",1077
"ERR12861413",322102,323136,"6",1034
"ERR12861413",323137,326482,"10",3345
"ERR12861413",336642,342339,"4",5697
"ERR12861413",370288,370815,"4",527
"ERR12861413",370816,376746,"6",5930
"ERR12861413",376747,379804,"10",3057
"ERR12861413",385929,387295,"7",1366
"ERR12861413",391713,396791,"10",5078
"ERR12861413",409772,420714,"4",10942
"ERR12861413",420715,422189,"6",1474
"ERR12861413",426762,427475,"8",713
"ERR12861413",430194,432078,"4",1884
"ERR12861413",436426,441398,"10",4972
"ERR12861413",441399,445132,"6",3733
"ERR12861413",452499,459569,"6",7070
"ERR12861413",461582,463937,"10",2355
"ERR12861413",472312,475333,"10",3021
"ERR12861413",483450,484541,"4",1091
"ERR12861413",484542,486323,"6",1781
"ERR12861413",486324,488108,"4",1784
"ERR12861413",488109,489137,"10",1028
"ERR12861413",489138,492099,"4",2961
"ERR12861413",492100,493677,"6",1577
"ERR12861413",493678,495557,"4",1879
"ERR12861413",496290,497811,"6",1521
"ERR12861413",504130,505517,"7",1387
"ERR12861413",505518,506843,"10",1325
"ERR12861413",513379,515325,"2",1946
"ERR12861413",529965,532639,"8",2674
"ERR12861413",534210,537358,"9",3148
"ERR12861413",545611,549545,"9",3934
"ERR12861413",560853,562173,"6",1320
"ERR12861413",566579,568432,"4",1853
"ERR12861413",575045,577345,"8",2300
"ERR12861413",581650,584800,"10",3150
"ERR12861413",584801,590621,"6",5820
"ERR12861413",595661,596513,"5",852
"ERR12861413",612202,614584,"4",2382
"ERR12861413",614585,617848,"10",3263
"ERR12861413",617849,619691,"9",1842
"ERR12861413",633670,634246,"8",576
"ERR12861413",642479,646159,"10",3680
"ERR12861413",646160,650093,"4",3933
"ERR12861413",650094,664552,"10",14458
"ERR12861413",666909,670022,"5",3113
"ERR12861413",678107,681991,"4",3884
"ERR12861413",697206,698766,"10",1560
"ERR12861413",724546,725099,"4",553
"ERR12861413",741299,744321,"5",3022
"ERR12861413",744322,745467,"6",1145
"ERR12861413",745468,746294,"4",826
"ERR12861413",749029,749071,"4",42
"ERR12861413",749072,750426,"5",1354
"ERR12861413",760635,764608,"6",3973
"ERR12861413",764609,765416,"10",807
"ERR12861413",784591,785225,"7",634
"ERR12861413",785226,785303,"10",77
"ERR12861413",787546,788828,"10",1282
"ERR12861413",795273,797553,"6",2280
"ERR12861413",801385,803245,"10",1860
"ERR12861413",803246,803912,"4",666
"ERR12861413",805506,809060,"5",3554
"ERR12861413",814329,818295,"6",3966
"ERR12861413",824271,825920,"5",1649
"ERR12861413",825921,826706,"8",785
"ERR12861413",826869,829413,"4",2544
"ERR12861413",837497,838597,"8",1100
"ERR12861413",838598,842640,"5",4042
"ERR12861413",843052,843267,"6",215
"ERR12861413",871546,876179,"4",4633
"ERR12861413",876180,880825,"10",4645
"ERR12861413",883956,885448,"7",1492
"ERR12861413",895960,897256,"5",1296
"ERR12861413",897257,897936,"9",679
"ERR12861413",906869,907258,"8",389
"ERR12861413",907259,908641,"9",1382
"ERR12861413",908642,911128,"4",2486
"ERR12861413",913571,913975,"4",404
"ERR12861413",915352,916998,"10",1646
"ERR12861413",924931,930142,"4",5211
"ERR12861413",930143,931131,"8",988
"ERR12861413",941195,942053,"4",858
"ERR12861413",947089,950941,"7",3852
"ERR12861413",950942,953457,"9",2515
"ERR12861413",977534,979283,"10",1749
"ERR12861413",984804,988303,"4",3499
"ERR12861413",993775,994830,"4",1055
"ERR12861413",994831,998471,"6",3640
"ERR12861413",1000033,1001445,"5",1412
"ERR12861413",1024727,1026196,"7",1469
"ERR12861413",1030582,1031191,"5",609
"ERR12861413",1044709,1046730,"10",2021
"ERR12861413",1069884,1079727,"4",9843
"ERR12861413",1086385,1097520,"4",11135
"ERR12861413",1100045,1103401,"5",3356
"ERR12861413",1103402,1103837,"10",435
"ERR12861413",1104509,1105304,"6",795
"ERR12861413",1113716,1115153,"10",1437
"ERR12861413",1118389,1120414,"8",2025
"ERR12861413",1120415,1121205,"6",790
"ERR12861413",1121206,1122438,"4",1232
"ERR12861413",1139446,1140549,"10",1103
"ERR12861413",1149317,1150382,"10",1065
"ERR12861413",1154466,1156233,"6",1767
"ERR12861413",1168438,1172081,"7",3643
"ERR12861413",1176705,1178715,"10",2010
"ERR12861413",1184518,1188341,"4",3823
"ERR12861413",1190829,1191961,"4",1132
"ERR12861413",1196948,1198578,"4",1630
"ERR12861413",1200306,1202624,"10",2318
"ERR12861413",1204434,1205367,"6",933
"ERR12861413",1205368,1210280,"9",4912
"ERR12861413",1210281,1213789,"7",3508
"ERR12861413",1218125,1219323,"6",1198
"ERR12861413",1222466,1223520,"4",1054
"ERR12861413",1236171,1239544,"6",3373
"ERR12861413",1244007,1245010,"10",1003
"ERR12861413",1245447,1251119,"4",5672
"ERR12861413",1258332,1258757,"7",425
"ERR12861413",1264315,1264972,"9",657
"ERR12861413",1267359,1271337,"5",3978
"ERR12861413",1318459,1323543,"4",5084
"ERR12861413",1323544,1324443,"10",899
"ERR12861413",1330813,1331383,"10",570
"ERR12861413",1336564,1338018,"10",1454
"ERR12861413",1343957,1346507,"10",2550
"ERR12861413",1346508,1347109,"7",601
"ERR12861413",1351123,1352895,"9",1772
"ERR12861413",1352896,1355520,"5",2624
"ERR12861413",1371676,1374900,"6",3224
"ERR12861413",1379728,1382049,"10",2321
"ERR12861413",1382050,1382823,"7",773
"ERR12861413",1385799,1388227,"6",2428
"ERR12861413",1401307,1402348,"10",1041
"ERR12861413",1403305,1404241,"4",936
"ERR12861413",1426940,1431977,"6",5037
"ERR12861413",1448118,1448846,"7",728
"ERR12861413",1454880,1462205,"8",7325
"ERR12861413",1464003,1470224,"10",6221
"ERR12861413",1470225,1470998,"8",773
"ERR12861413",1470999,1472611,"10",1612
"ERR12861413",1479318,1480380,"10",1062
"ERR12861413",1480381,1482657,"4",2276
"ERR12861413",1482658,1489481,"10",6823
"ERR12861413",1499652,1500302,"6",650
"ERR12861413",1501831,1503788,"10",1957
"ERR12861413",1511445,1512716,"6",1271
"ERR12861413",1518543,1522658,"5",4115
"ERR12861413",1523726,1524798,"4",1072
"ERR12861413",1529978,1531041,"4",1063
"ERR12861413",1540923,1541959,"10",1036
"ERR12861413",1541960,1543956,"4",1996
"ERR12861413",1546978,1549447,"4",2469
"ERR12861413",1557891,1559176,"9",1285
"ERR12861413",1559665,1560431,"10",766
"ERR12861413",1566479,1569234,"7",2755
"ERR12861413",1575975,1576482,"6",507
"ERR12861413",1584063,1592532,"10",8469
"ERR12861413",1607216,1609867,"4",2651
"ERR12861413",1609868,1610266,"6",398
"ERR12861413",1617613,1622342,"6",4729
"ERR12861413",1622343,1624008,"7",1665
"ERR12861413",1625913,1627643,"4",1730
"ERR12861413",1627644,1628443,"2",799
"ERR12861413",1628444,1629597,"6",1153
"ERR12861413",1639076,1639793,"10",717
"ERR12861413",1639794,1641593,"4",1799
"ERR12861413",1649874,1650868,"10",994
"ERR12861413",1664352,1667208,"10",2856
"ERR12861413",1667209,1667388,"7",179
"ERR12861413",1667389,1671155,"10",3766
"ERR12861413",1671156,1672306,"4",1150
"ERR12861413",1672307,1672579,"10",272
"ERR12861413",1672725,1674927,"5",2202
"ERR12861413",1679211,1686052,"6",6841
"ERR12861413",1686053,1686973,"10",920
"ERR12861413",1686974,1688276,"4",1302
"ERR12861413",1688277,1689621,"8",1344
"ERR12861413",1697655,1700657,"6",3002
"ERR12861413",1700658,1702097,"7",1439
"ERR12861413",1708932,1713073,"10",4141
"ERR12861413",1713074,1715201,"6",2127
"ERR12861413",1722912,1723953,"4",1041
"ERR12861413",1723954,1725092,"10",1138
"ERR12861413",1734217,1735032,"10",815
"ERR12861413",1763272,1765802,"4",2530
"ERR12861413",1777323,1779041,"5",1718
"ERR12861413",1779042,1781499,"4",2457
"ERR12861413",1804519,1805188,"9",669
"ERR12861413",1814594,1815721,"7",1127
"ERR12861413",1827424,1829123,"6",1699
"ERR12861413",1853984,1867605,"4",13621
"ERR12861413",1867606,1870352,"10",2746
"ERR12861413",1878068,1880338,"4",2270
"ERR12861413",1890911,1895121,"4",4210
"ERR12861413",1898172,1902665,"4",4493
"ERR12861413",1907410,1909505,"10",2095
"ERR12861413",1912176,1916840,"6",4664
"ERR12861413",1921487,1925071,"10",3584
"ERR12861413",1937073,1938698,"10",1625
"ERR12861413",1954355,1955824,"6",1469
"ERR12861413",1958628,1959545,"4",917
"ERR12861413",1975904,1977574,"6",1670
"ERR12861413",1977575,1982863,"4",5288
"ERR12861413",1987089,1987259,"5",170
"ERR12861413",1989402,1993645,"6",4243
"ERR12861413",2003111,2004877,"10",1766
"ERR12861413",2004878,2006043,"7",1165
"ERR12861413",2012777,2013788,"7",1011
"ERR12861413",2025003,2029338,"4",4335
"ERR12861413",2040714,2049805,"6",9091
"ERR12861413",2057572,2058916,"8",1344
"ERR12861413",2058917,2059660,"4",743
"ERR12861413",2069830,2072727,"4",2897
"ERR12861413",2092605,2093126,"9",521
"ERR12861413",2093127,2096701,"4",3574
"ERR12861413",2096702,2097291,"8",589
"ERR12861413",2097292,2107283,"4",9991
"ERR12861413",2107284,2109227,"6",1943
"ERR12861413",2118852,2121659,"10",2807
"ERR12861413",2121660,2123010,"4",1350
"ERR12861413",2173542,2175038,"5",1496
"ERR12861413",2175039,2180792,"4",5753
"ERR12861413",2182670,2184255,"10",1585
"ERR12861413",2184256,2189134,"8",4878
"ERR12861413",2192685,2196997,"8",4312
"ERR12861413",2196998,2201384,"4",4386
"ERR12861413",2201385,2205713,"9",4328
"ERR12861413",2208222,2213058,"6",4836
"ERR12861413",2219727,2221510,"4",1783
"ERR12861413",2230666,2232276,"4",1610
"ERR12861413",2238012,2238867,"9",855
"ERR12861413",2243694,2244814,"9",1120
"ERR12861413",2244815,2247899,"4",3084
"ERR12861413",2276543,2283860,"9",7317
"ERR12861413",2307009,2308858,"6",1849
"ERR12861413",2311221,2312143,"10",922
"ERR12861413",2312531,2314707,"4",2176
"ERR12861413",2314708,2322466,"6",7758
"ERR12861413",2322467,2323959,"8",1492
"ERR12861413",2323960,2327387,"6",3427
"ERR12861413",2327388,2331932,"10",4544
"ERR12861413",2331933,2333804,"4",1871
"ERR12861413",2351546,2352811,"7",1265
"ERR12861413",2356052,2358772,"10",2720
"ERR12861413",2360195,2362018,"4",1823
"ERR12861413",2365039,2366882,"5",1843
"ERR12861413",2375472,2381185,"4",5713
"ERR12861413",2381186,2383341,"7",2155
"ERR12861413",2394165,2394421,"6",256
"ERR12861413",2399951,2401535,"6",1584
"ERR12861413",2414526,2418871,"10",4345
"ERR12861413",2423880,2424550,"4",670
"ERR12861413",2424551,2425834,"9",1283
"ERR12861413",2425835,2428728,"4",2893
"ERR12861413",2444409,2445451,"4",1042
"ERR12861413",2454692,2455214,"4",522
"ERR12861413",2455215,2457353,"6",2138
"ERR12861413",2458987,2461766,"4",2779
"ERR12861413",2464663,2466305,"3",1642
"ERR12861413",2479726,2480777,"4",1051
"ERR12861413",2482456,2486535,"4",4079
"ERR12861413",2494133,2497334,"10",3201
"ERR12861413",2497335,2502572,"5",5237
"ERR12861413",2502573,2503779,"7",1206
"ERR12861413",2507943,2513395,"8",5452
"ERR12861413",2532709,2535829,"4",3120
"ERR12861413",2554969,2557918,"4",2949
"ERR12861413",2562984,2565507,"6",2523
"ERR12861413",2565508,2567239,"7",1731
"ERR12861413",2572011,2573666,"7",1655
"ERR12861413",2585506,2587441,"10",1935
"ERR12861413",2587442,2593661,"8",6219
"ERR12861413",2598625,2601597,"10",2972
"ERR12861413",2601598,2602974,"4",1376
"ERR12861413",2609098,2610418,"10",1320
"ERR12861413",2610419,2611563,"6",1144
"ERR12861413",2614700,2615630,"7",930
"ERR12861413",2622055,2624834,"6",2779
"ERR12861413",2624835,2625848,"7",1013
"ERR12861413",2633610,2634476,"7",866
"ERR12861413",2639094,2641778,"10",2684
"ERR12861413",2647349,2648372,"9",1023
"ERR12861413",2655814,2660297,"4",4483
"ERR12861413",2683598,2684300,"4",702
"ERR12861413",2701368,2704872,"4",3504
"ERR12861413",2708756,2711531,"4",2775
"ERR12861413",2730441,2733045,"7",2604
"ERR12861413",2756677,2759090,"4",2413
"ERR12861413",2777332,2780512,"4",3180
"ERR12861413",2794110,2796685,"10",2575
"ERR12861413",2796686,2798579,"4",1893
"ERR12861413",2798580,2800466,"9",1886
"ERR12861413",2825190,2826810,"10",1620
"ERR12861413",2830786,2831956,"10",1170
"ERR12861413",2832691,2834430,"10",1739
"ERR12861413",2850795,2857246,"10",6451
"ERR12861413",2871560,2874003,"2",2443
"ERR12861413",2903205,2904460,"9",1255
"ERR12861413",2906456,2908093,"10",1637
"ERR12861413",2914264,2917899,"6",3635
"ERR12861413",2917900,2924380,"4",6480
"ERR12861413",2926434,2928037,"3",1603
"ERR12861413",2947916,2949408,"8",1492
"ERR12861413",2949409,2949930,"4",521
"ERR12861413",2964965,2967392,"9",2427
"ERR12861413",2982551,2985450,"4",2899
"ERR12861413",2985451,2987038,"7",1587
"ERR12861413",2987468,2994338,"6",6870
"ERR12861413",2994339,2994790,"8",451
"ERR12861413",2997847,3001078,"10",3231
"ERR12861413",3018644,3020931,"4",2287
"ERR12861413",3027021,3031828,"4",4807
"ERR12861413",3036103,3051737,"4",15634
"ERR12861413",3056890,3059238,"4",2348
"ERR12861413",3063468,3068836,"10",5368
"ERR12861413",3094923,3097066,"10",2143
"ERR12861413",3117193,3121573,"9",4380
"ERR12861413",3121849,3124289,"7",2440
"ERR12861413",3145016,3147457,"4",2441
"ERR12861413",3147458,3149486,"8",2028
"ERR12861413",3160023,3163373,"7",3350
"ERR12861413",3163374,3166145,"4",2771
"ERR12861413",3168244,3169067,"10",823
"ERR12861413",3169068,3170230,"6",1162
"ERR12861413",3173390,3174212,"7",822
"ERR12861413",3195750,3197088,"7",1338
"ERR12861413",3204706,3206117,"6",1411
"ERR12861413",3218477,3222971,"3",4494
"ERR12861413",3230498,3231342,"9",844
"ERR12861413",3280240,3285719,"6",5479
"ERR12861413",3290360,3292182,"10",1822
"ERR12861413",3314817,3317018,"10",2201
"ERR12861413",3317019,3320057,"9",3038
"ERR12861413",3320058,3321723,"10",1665
"ERR12861413",3323435,3333196,"6",9761
"ERR12861413",3349096,3352018,"4",2922
"ERR12861413",3352019,3359632,"9",7613
"ERR12861413",3359633,3366925,"10",7292
"ERR12861413",3366926,3368047,"4",1121
"ERR12861413",3371203,3388025,"4",16822
"ERR12861413",3396748,3399832,"4",3084
"ERR12861413",3413312,3414067,"8",755
"ERR12861413",3420181,3426802,"10",6621
"ERR12861413",3438774,3439486,"4",712
"ERR12861413",3442646,3447578,"6",4932
"ERR12861413",3454579,3455708,"10",1129
"ERR12861413",3455709,3460706,"7",4997
"ERR12861413",3460707,3461103,"8",396
"ERR12861413",3465515,3468027,"6",2512
"ERR12861413",3471386,3475301,"7",3915
"ERR12861413",3481461,3483537,"6",2076
"ERR12861413",3483538,3484712,"4",1174
"ERR12861413",3488555,3492065,"6",3510
"ERR12861413",3493570,3503260,"4",9690
"ERR12861413",3503261,3510602,"10",7341
"ERR12861413",3512110,3513099,"6",989
"ERR12861413",3518519,3520436,"6",1917
"ERR12861413",3520437,3521395,"4",958
"ERR12861413",3543005,3545044,"7",2039
"ERR12861413",3549581,3550925,"6",1344
"ERR12861413",3564690,3567163,"6",2473
"ERR12861413",3570535,3572108,"10",1573
"ERR12861413",3572109,3573434,"7",1325
"ERR12861413",3573435,3574901,"3",1466
"ERR12861413",3584695,3585215,"8",520
"ERR12861413",3586040,3587084,"10",1044
"ERR12861413",3604889,3608896,"4",4007
"ERR12861413",3608897,3611766,"10",2869
"ERR12861413",3611767,3611861,"6",94
"ERR12861413",3611974,3612775,"8",801
"ERR12861413",3612776,3616035,"4",3259
"ERR12861413",3616036,3617493,"10",1457
"ERR12861413",3627808,3628453,"10",645
"ERR12861413",3638959,3639848,"7",889
"ERR12861413",3639849,3644185,"4",4336
"ERR12861413",3644186,3645133,"10",947
"ERR12861413",3660831,3664964,"7",4133
"ERR12861413",3677750,3679611,"4",1861
"ERR12861413",3679612,3682091,"6",2479
"ERR12861413",3682092,3685248,"7",3156
"ERR12861413",3685249,3687098,"10",1849
"ERR12861413",3689242,3690694,"6",1452
"ERR12861413",3727677,3729962,"9",2285
"ERR12861413",3729963,3731070,"10",1107
"ERR12861413",3731071,3732304,"6",1233
"ERR12861413",3742578,3746115,"8",3537
"ERR12861413",3749944,3752312,"4",2368
"ERR12861413",3754055,3757450,"6",3395
"ERR12861413",3757451,3758658,"10",1207
"ERR12861413",3772108,3772969,"6",861
"ERR12861413",3806617,3807841,"4",1224
"ERR12861413",3807842,3811779,"10",3937
"ERR12861413",3829531,3831369,"10",1838
"ERR12861413",3882435,3883594,"6",1159
"ERR12861413",3883595,3885790,"10",2195
"ERR12861413",3928210,3929656,"4",1446
"ERR12861413",3930966,3931374,"9",408
"ERR12861413",3931375,3932659,"5",1284
"ERR12861413",3946027,3950967,"4",4940
"ERR12861413",3962449,3963870,"8",1421
"ERR12861413",3972020,3973836,"9",1816
"ERR12861413",3975503,3976801,"4",1298
"ERR12861413",4001273,4003321,"9",2048
"ERR12861413",4003322,4006055,"4",2733
"ERR12861413",4006938,4007602,"6",664
"ERR12861413",4017838,4020545,"4",2707
"ERR12861413",4020546,4023959,"5",3413
"ERR12861413",4026807,4028080,"4",1273
"ERR12861413",4032588,4033753,"4",1165
"ERR12861413",4034815,4038253,"9",3438
"ERR12861413",4038254,4047116,"4",8862
"ERR12861413",4051735,4053784,"4",2049
"ERR12861413",4104060,4108185,"9",4125
"ERR12861413",4135385,4137389,"4",2004
"ERR12861413",4164715,4188282,"9",23567
"ERR12861413",4239051,4245296,"10",6245
"ERR12861413",4245297,4269751,"8",24454
"ERR12861413",4276287,4297722,"8",21435
"ERR12861949",1,10864,"8",10863
"ERR12861949",14080,15583,"8",1503
"ERR12861949",21153,30182,"5",9029
"ERR12861949",36079,39739,"5",3660
"ERR12861949",46319,51425,"5",5106
"ERR12861949",51426,52142,"8",716
"ERR12861949",56402,59680,"2",3278
"ERR12861949",65954,74071,"5",8117
"ERR12861949",74072,76017,"8",1945
"ERR12861949",115804,117512,"6",1708
"ERR12861949",122044,124201,"5",2157
"ERR12861949",146970,151654,"5",4684
"ERR12861949",154181,155515,"5",1334
"ERR12861949",155516,159907,"10",4391
"ERR12861949",164150,165425,"6",1275
"ERR12861949",168428,170248,"8",1820
"ERR12861949",170249,178691,"5",8442
"ERR12861949",181179,184698,"5",3519
"ERR12861949",184699,185376,"3",677
"ERR12861949",185377,185857,"7",480
"ERR12861949",190527,194783,"1",4256
"ERR12861949",194784,198477,"5",3693
"ERR12861949",198478,200210,"10",1732
"ERR12861949",204381,205602,"10",1221
"ERR12861949",214560,215766,"8",1206
"ERR12861949",220209,223702,"5",3493
"ERR12861949",223942,225336,"1",1394
"ERR12861949",225337,226815,"3",1478
"ERR12861949",241458,249285,"5",7827
"ERR12861949",249286,252338,"7",3052
"ERR12861949",252339,254104,"1",1765
"ERR12861949",261677,262736,"8",1059
"ERR12861949",262737,265636,"3",2899
"ERR12861949",273238,275692,"6",2454
"ERR12861949",279253,279551,"5",298
"ERR12861949",282624,283947,"1",1323
"ERR12861949",295045,296364,"5",1319
"ERR12861949",296365,297620,"1",1255
"ERR12861949",297621,300847,"5",3226
"ERR12861949",305266,306289,"5",1023
"ERR12861949",323204,325804,"5",2600
"ERR12861949",331110,332143,"2",1033
"ERR12861949",332144,335002,"5",2858
"ERR12861949",343901,345166,"10",1265
"ERR12861949",345167,346559,"5",1392
"ERR12861949",353430,355192,"5",1762
"ERR12861949",359222,360962,"8",1740
"ERR12861949",360963,361311,"4",348
"ERR12861949",362678,363679,"10",1001
"ERR12861949",365412,366400,"10",988
"ERR12861949",374188,375102,"10",914
"ERR12861949",376224,378102,"5",1878
"ERR12861949",384791,385928,"6",1137
"ERR12861949",388526,393108,"10",4582
"ERR12861949",393652,403728,"5",10076
"ERR12861949",405373,408234,"1",2861
"ERR12861949",420357,421279,"3",922
"ERR12861949",421280,422587,"5",1307
"ERR12861949",442011,443135,"10",1124
"ERR12861949",444025,447043,"4",3018
"ERR12861949",453374,453697,"3",323
"ERR12861949",462538,463382,"5",844
"ERR12861949",463383,464786,"8",1403
"ERR12861949",479820,479910,"4",90
"ERR12861949",488295,489182,"6",887
"ERR12861949",489183,490810,"10",1627
"ERR12861949",506844,510011,"5",3167
"ERR12861949",522207,525893,"5",3686
"ERR12861949",533630,534271,"8",641
"ERR12861949",542680,543229,"4",549
"ERR12861949",550362,552944,"5",2582
"ERR12861949",554524,555258,"5",734
"ERR12861949",559587,560937,"6",1350
"ERR12861949",560938,563204,"10",2266
"ERR12861949",563205,568432,"5",5227
"ERR12861949",573961,574698,"5",737
"ERR12861949",579333,586883,"5",7550
"ERR12861949",598003,599336,"5",1333
"ERR12861949",599337,600922,"7",1585
"ERR12861949",604775,609155,"5",4380
"ERR12861949",612890,613407,"1",517
"ERR12861949",613408,614498,"3",1090
"ERR12861949",628826,630984,"6",2158
"ERR12861949",647795,649838,"10",2043
"ERR12861949",649839,650899,"5",1060
"ERR12861949",650900,650919,"10",19
"ERR12861949",680059,681128,"5",1069
"ERR12861949",684008,684614,"5",606
"ERR12861949",684615,687029,"7",2414
"ERR12861949",688998,691232,"5",2234
"ERR12861949",691959,693450,"1",1491
"ERR12861949",699324,701742,"5",2418
"ERR12861949",710198,714031,"3",3833
"ERR12861949",715586,717034,"5",1448
"ERR12861949",717035,719873,"10",2838
"ERR12861949",720442,721234,"3",792
"ERR12861949",721235,722040,"5",805
"ERR12861949",724451,724545,"2",94
"ERR12861949",724546,725253,"5",707
"ERR12861949",726119,727713,"5",1594
"ERR12861949",741165,743057,"5",1892
"ERR12861949",743676,746560,"5",2884
"ERR12861949",748416,750456,"10",2040
"ERR12861949",750457,750903,"3",446
"ERR12861949",753781,754765,"3",984
"ERR12861949",760459,761375,"5",916
"ERR12861949",763144,766169,"5",3025
"ERR12861949",766170,770789,"6",4619
"ERR12861949",779061,784590,"8",5529
"ERR12861949",787546,790047,"10",2501
"ERR12861949",794306,795953,"6",1647
"ERR12861949",801199,804355,"5",3156
"ERR12861949",809061,811452,"6",2391
"ERR12861949",841287,842640,"8",1353
"ERR12861949",842641,842960,"5",319
"ERR12861949",851954,854416,"2",2462
"ERR12861949",854969,857973,"6",3004
"ERR12861949",858559,865165,"5",6606
"ERR12861949",870758,872985,"1",2227
"ERR12861949",892886,893919,"10",1033
"ERR12861949",898910,900470,"5",1560
"ERR12861949",900471,903211,"8",2740
"ERR12861949",905152,906712,"8",1560
"ERR12861949",908017,908494,"7",477
"ERR12861949",911129,913562,"8",2433
"ERR12861949",913563,917226,"5",3663
"ERR12861949",919561,920919,"5",1358
"ERR12861949",920920,921967,"8",1047
"ERR12861949",921968,923518,"2",1550
"ERR12861949",923519,931238,"5",7719
"ERR12861949",931450,935804,"5",4354
"ERR12861949",944917,947383,"5",2466
"ERR12861949",954019,958500,"5",4481
"ERR12861949",967040,968321,"1",1281
"ERR12861949",968395,969727,"4",1332
"ERR12861949",971581,976918,"6",5337
"ERR12861949",989467,991462,"4",1995
"ERR12861949",992008,994830,"8",2822
"ERR12861949",998688,1000251,"4",1563
"ERR12861949",1010106,1013162,"10",3056
"ERR12861949",1013163,1016614,"5",3451
"ERR12861949",1020848,1022781,"10",1933
"ERR12861949",1022782,1028033,"3",5251
"ERR12861949",1028034,1030581,"8",2547
"ERR12861949",1040071,1043341,"5",3270
"ERR12861949",1046982,1047401,"5",419
"ERR12861949",1051310,1053281,"10",1971
"ERR12861949",1053282,1059028,"5",5746
"ERR12861949",1059029,1062734,"10",3705
"ERR12861949",1078484,1080227,"8",1743
"ERR12861949",1104363,1105304,"5",941
"ERR12861949",1109274,1110458,"5",1184
"ERR12861949",1113089,1114604,"4",1515
"ERR12861949",1119792,1120683,"5",891
"ERR12861949",1121895,1125607,"8",3712
"ERR12861949",1148185,1149385,"10",1200
"ERR12861949",1153746,1156333,"1",2587
"ERR12861949",1158339,1160458,"5",2119
"ERR12861949",1162521,1169397,"5",6876
"ERR12861949",1174257,1176500,"10",2243
"ERR12861949",1176501,1176956,"5",455
"ERR12861949",1184764,1187652,"5",2888
"ERR12861949",1199083,1200447,"5",1364
"ERR12861949",1200448,1202959,"10",2511
"ERR12861949",1202960,1204021,"5",1061
"ERR12861949",1225679,1227447,"8",1768
"ERR12861949",1238900,1240667,"5",1767
"ERR12861949",1248179,1249440,"5",1261
"ERR12861949",1249441,1250795,"10",1354
"ERR12861949",1269456,1271784,"6",2328
"ERR12861949",1275566,1278122,"6",2556
"ERR12861949",1285836,1287503,"10",1667
"ERR12861949",1287504,1288875,"3",1371
"ERR12861949",1288876,1290629,"7",1753
"ERR12861949",1290630,1293886,"5",3256
"ERR12861949",1295516,1297148,"6",1632
"ERR12861949",1297149,1299514,"3",2365
"ERR12861949",1299515,1301411,"5",1896
"ERR12861949",1301412,1302543,"4",1131
"ERR12861949",1308433,1310064,"3",1631
"ERR12861949",1316506,1320871,"5",4365
"ERR12861949",1323544,1326071,"10",2527
"ERR12861949",1334633,1335098,"10",465
"ERR12861949",1335099,1336563,"6",1464
"ERR12861949",1346508,1348329,"6",1821
"ERR12861949",1348330,1350744,"5",2414
"ERR12861949",1356511,1357602,"10",1091
"ERR12861949",1357603,1362960,"8",5357
"ERR12861949",1362961,1364531,"6",1570
"ERR12861949",1372972,1375334,"5",2362
"ERR12861949",1381488,1388227,"5",6739
"ERR12861949",1389149,1392667,"5",3518
"ERR12861949",1392668,1395101,"6",2433
"ERR12861949",1396550,1403129,"5",6579
"ERR12861949",1411484,1413503,"5",2019
"ERR12861949",1434141,1435056,"6",915
"ERR12861949",1439926,1441589,"6",1663
"ERR12861949",1460692,1462205,"10",1513
"ERR12861949",1468474,1472611,"6",4137
"ERR12861949",1472612,1476417,"8",3805
"ERR12861949",1479318,1481071,"5",1753
"ERR12861949",1483442,1484456,"5",1014
"ERR12861949",1488466,1490040,"4",1574
"ERR12861949",1495264,1498493,"8",3229
"ERR12861949",1502049,1505430,"5",3381
"ERR12861949",1507571,1511373,"5",3802
"ERR12861949",1516504,1517724,"3",1220
"ERR12861949",1517725,1523806,"5",6081
"ERR12861949",1523807,1526497,"1",2690
"ERR12861949",1526498,1527095,"3",597
"ERR12861949",1529868,1532670,"1",2802
"ERR12861949",1532671,1535304,"4",2633
"ERR12861949",1540650,1541959,"5",1309
"ERR12861949",1541960,1542989,"3",1029
"ERR12861949",1542990,1545049,"2",2059
"ERR12861949",1552815,1553804,"3",989
"ERR12861949",1559765,1560475,"5",710
"ERR12861949",1565089,1566478,"10",1389
"ERR12861949",1566479,1569234,"3",2755
"ERR12861949",1586175,1586720,"10",545
"ERR12861949",1586721,1590684,"6",3963
"ERR12861949",1590685,1590692,"5",7
"ERR12861949",1590830,1592465,"4",1635
"ERR12861949",1592466,1595315,"10",2849
"ERR12861949",1595707,1596989,"4",1282
"ERR12861949",1596990,1599922,"5",2932
"ERR12861949",1601399,1605292,"4",3893
"ERR12861949",1618092,1620431,"7",2339
"ERR12861949",1623833,1625075,"10",1242
"ERR12861949",1633155,1634690,"8",1535
"ERR12861949",1650471,1651362,"5",891
"ERR12861949",1651363,1652941,"6",1578
"ERR12861949",1656251,1656868,"7",617
"ERR12861949",1663257,1664167,"6",910
"ERR12861949",1687099,1690690,"5",3591
"ERR12861949",1694495,1697375,"8",2880
"ERR12861949",1697376,1703348,"5",5972
"ERR12861949",1719435,1720554,"10",1119
"ERR12861949",1720555,1723953,"5",3398
"ERR12861949",1734305,1740812,"5",6507
"ERR12861949",1742108,1742899,"3",791
"ERR12861949",1747924,1749882,"3",1958
"ERR12861949",1749883,1751968,"5",2085
"ERR12861949",1751969,1753157,"1",1188
"ERR12861949",1765803,1767902,"1",2099
"ERR12861949",1768859,1770804,"8",1945
"ERR12861949",1770805,1772934,"3",2129
"ERR12861949",1772935,1774814,"5",1879
"ERR12861949",1774815,1777301,"1",2486
"ERR12861949",1777302,1779041,"5",1739
"ERR12861949",1779042,1784163,"10",5121
"ERR12861949",1801463,1802032,"10",569
"ERR12861949",1811201,1811938,"5",737
"ERR12861949",1814387,1817717,"5",3330
"ERR12861949",1823986,1824660,"5",674
"ERR12861949",1824661,1826328,"1",1667
"ERR12861949",1848016,1848701,"5",685
"ERR12861949",1862453,1863465,"10",1012
"ERR12861949",1863863,1866460,"7",2597
"ERR12861949",1873489,1874697,"5",1208
"ERR12861949",1877215,1877908,"5",693
"ERR12861949",1884830,1886680,"5",1850
"ERR12861949",1900345,1904809,"5",4464
"ERR12861949",1917553,1918206,"3",653
"ERR12861949",1922463,1929671,"5",7208
"ERR12861949",1930159,1933610,"5",3451
"ERR12861949",1940485,1942070,"8",1585
"ERR12861949",1947987,1950314,"8",2327
"ERR12861949",1953374,1958426,"6",5052
"ERR12861949",1963017,1970462,"5",7445
"ERR12861949",1975864,1977320,"5",1456
"ERR12861949",1991652,1993974,"8",2322
"ERR12861949",2004264,2005542,"3",1278
"ERR12861949",2006044,2012663,"10",6619
"ERR12861949",2016054,2017131,"3",1077
"ERR12861949",2027502,2030115,"10",2613
"ERR12861949",2031137,2032323,"3",1186
"ERR12861949",2036907,2039754,"5",2847
"ERR12861949",2039755,2040852,"8",1097
"ERR12861949",2042571,2044122,"10",1551
"ERR12861949",2044123,2045394,"5",1271
"ERR12861949",2071489,2072727,"5",1238
"ERR12861949",2072728,2074843,"6",2115
"ERR12861949",2076004,2077500,"5",1496
"ERR12861949",2082822,2083599,"10",777
"ERR12861949",2094259,2097291,"10",3032
"ERR12861949",2109904,2110537,"3",633
"ERR12861949",2120607,2121139,"5",532
"ERR12861949",2166626,2170180,"5",3554
"ERR12861949",2178125,2180792,"5",2667
"ERR12861949",2196361,2198390,"5",2029
"ERR12861949",2198391,2199108,"10",717
"ERR12861949",2206161,2208644,"5",2483
"ERR12861949",2208645,2209428,"10",783
"ERR12861949",2221511,2222909,"6",1398
"ERR12861949",2224918,2229150,"5",4232
"ERR12861949",2234179,2236083,"3",1904
"ERR12861949",2244954,2246252,"10",1298
"ERR12861949",2252129,2253899,"4",1770
"ERR12861949",2264667,2272938,"5",8271
"ERR12861949",2274692,2276144,"10",1452
"ERR12861949",2279244,2286102,"5",6858
"ERR12861949",2306323,2308341,"5",2018
"ERR12861949",2321285,2321667,"4",382
"ERR12861949",2324484,2326725,"5",2241
"ERR12861949",2327174,2332199,"10",5025
"ERR12861949",2340677,2349772,"10",9095
"ERR12861949",2350331,2353056,"5",2725
"ERR12861949",2360691,2362665,"8",1974
"ERR12861949",2367962,2369871,"3",1909
"ERR12861949",2373485,2380400,"5",6915
"ERR12861949",2383595,2386796,"6",3201
"ERR12861949",2388954,2390990,"4",2036
"ERR12861949",2390991,2391572,"3",581
"ERR12861949",2392915,2394771,"8",1856
"ERR12861949",2394772,2396313,"5",1541
"ERR12861949",2399669,2401919,"5",2250
"ERR12861949",2401920,2402804,"1",884
"ERR12861949",2410226,2412486,"3",2260
"ERR12861949",2415857,2416816,"5",959
"ERR12861949",2422609,2423888,"5",1279
"ERR12861949",2427376,2428973,"5",1597
"ERR12861949",2433483,2434429,"3",946
"ERR12861949",2437728,2443673,"5",5945
"ERR12861949",2443674,2445227,"6",1553
"ERR12861949",2446978,2453201,"5",6223
"ERR12861949",2456513,2457353,"10",840
"ERR12861949",2460647,2461766,"3",1119
"ERR12861949",2461767,2463378,"10",1611
"ERR12861949",2463823,2464832,"3",1009
"ERR12861949",2475703,2476117,"7",414
"ERR12861949",2478541,2478791,"7",250
"ERR12861949",2478792,2479441,"10",649
"ERR12861949",2480903,2483438,"7",2535
"ERR12861949",2484411,2488419,"8",4008
"ERR12861949",2503253,2513121,"5",9868
"ERR12861949",2534249,2539236,"5",4987
"ERR12861949",2544592,2546565,"3",1973
"ERR12861949",2562629,2563697,"4",1068
"ERR12861949",2571554,2571890,"2",336
"ERR12861949",2571891,2573360,"5",1469
"ERR12861949",2580062,2580748,"1",686
"ERR12861949",2594773,2596012,"5",1239
"ERR12861949",2599292,2600101,"5",809
"ERR12861949",2600212,2603431,"10",3219
"ERR12861949",2610419,2611563,"6",1144
"ERR12861949",2619463,2620892,"1",1429
"ERR12861949",2632908,2632987,"5",79
"ERR12861949",2638265,2639549,"5",1284
"ERR12861949",2640278,2641536,"10",1258
"ERR12861949",2641537,2641742,"5",205
"ERR12861949",2646100,2648777,"6",2677
"ERR12861949",2649688,2649913,"5",225
"ERR12861949",2652758,2654884,"4",2126
"ERR12861949",2654885,2655813,"3",928
"ERR12861949",2663222,2663661,"3",439
"ERR12861949",2669864,2674205,"10",4341
"ERR12861949",2701368,2708712,"5",7344
"ERR12861949",2721513,2723892,"10",2379
"ERR12861949",2743706,2744921,"8",1215
"ERR12861949",2749432,2750578,"6",1146
"ERR12861949",2750579,2752965,"5",2386
"ERR12861949",2752966,2755177,"8",2211
"ERR12861949",2764814,2766119,"2",1305
"ERR12861949",2773856,2779435,"5",5579
"ERR12861949",2779523,2780105,"10",582
"ERR12861949",2787535,2789655,"8",2120
"ERR12861949",2789656,2791083,"7",1427
"ERR12861949",2791084,2792198,"5",1114
"ERR12861949",2798647,2799932,"5",1285
"ERR12861949",2803086,2812591,"5",9505
"ERR12861949",2815884,2818784,"4",2900
"ERR12861949",2823079,2824373,"6",1294
"ERR12861949",2831919,2834607,"7",2688
"ERR12861949",2841561,2842290,"10",729
"ERR12861949",2842291,2843062,"8",771
"ERR12861949",2846325,2848170,"6",1845
"ERR12861949",2851510,2852462,"1",952
"ERR12861949",2874004,2876639,"8",2635
"ERR12861949",2876640,2877725,"6",1085
"ERR12861949",2890118,2892533,"3",2415
"ERR12861949",2892534,2898459,"6",5925
"ERR12861949",2911485,2915176,"8",3691
"ERR12861949",2921677,2929785,"5",8108
"ERR12861949",2957965,2961230,"8",3265
"ERR12861949",2968491,2971053,"5",2562
"ERR12861949",2971054,2972952,"8",1898
"ERR12861949",2997903,2999322,"5",1419
"ERR12861949",3007371,3009661,"2",2290
"ERR12861949",3016238,3017550,"5",1312
"ERR12861949",3018052,3019611,"5",1559
"ERR12861949",3026831,3029725,"10",2894
"ERR12861949",3033780,3035389,"10",1609
"ERR12861949",3049027,3051737,"3",2710
"ERR12861949",3059198,3061108,"8",1910
"ERR12861949",3061109,3063155,"3",2046
"ERR12861949",3076458,3079393,"6",2935
"ERR12861949",3097462,3100100,"7",2638
"ERR12861949",3103145,3107792,"5",4647
"ERR12861949",3121601,3127777,"5",6176
"ERR12861949",3143157,3144530,"6",1373
"ERR12861949",3144531,3145060,"4",529
"ERR12861949",3145061,3148096,"3",3035
"ERR12861949",3152666,3156948,"5",4282
"ERR12861949",3156949,3165291,"1",8342
"ERR12861949",3167726,3169302,"4",1576
"ERR12861949",3172891,3174413,"1",1522
"ERR12861949",3178537,3182166,"1",3629
"ERR12861949",3182167,3187618,"5",5451
"ERR12861949",3191246,3192461,"6",1215
"ERR12861949",3202197,3204332,"5",2135
"ERR12861949",3208363,3212487,"10",4124
"ERR12861949",3212488,3213763,"5",1275
"ERR12861949",3219513,3219874,"5",361
"ERR12861949",3219875,3220312,"6",437
"ERR12861949",3246612,3248216,"2",1604
"ERR12861949",3250855,3254350,"5",3495
"ERR12861949",3254351,3255803,"1",1452
"ERR12861949",3256583,3271604,"5",15021
"ERR12861949",3278041,3278308,"5",267
"ERR12861949",3320282,3321723,"5",1441
"ERR12861949",3321724,3324671,"2",2947
"ERR12861949",3324672,3326977,"1",2305
"ERR12861949",3326978,3334583,"5",7605
"ERR12861949",3342368,3343492,"6",1124
"ERR12861949",3347667,3354684,"5",7017
"ERR12861949",3358026,3361983,"5",3957
"ERR12861949",3361984,3367729,"3",5745
"ERR12861949",3367730,3370407,"5",2677
"ERR12861949",3375251,3379672,"6",4421
"ERR12861949",3379673,3382671,"7",2998
"ERR12861949",3394793,3400017,"5",5224
"ERR12861949",3400850,3406545,"5",5695
"ERR12861949",3413347,3416576,"5",3229
"ERR12861949",3416577,3418032,"1",1455
"ERR12861949",3419645,3419712,"3",67
"ERR12861949",3432710,3434465,"4",1755
"ERR12861949",3434466,3441272,"5",6806
"ERR12861949",3443147,3445595,"5",2448
"ERR12861949",3447028,3450107,"5",3079
"ERR12861949",3466638,3473201,"1",6563
"ERR12861949",3476497,3479189,"7",2692
"ERR12861949",3480327,3483226,"1",2899
"ERR12861949",3488409,3490043,"5",1634
"ERR12861949",3492066,3493796,"5",1730
"ERR12861949",3496500,3497073,"1",573
"ERR12861949",3502417,3504564,"4",2147
"ERR12861949",3505649,3508015,"5",2366
"ERR12861949",3512299,3514176,"7",1877
"ERR12861949",3526639,3527099,"7",460
"ERR12861949",3528752,3532619,"5",3867
"ERR12861949",3541719,3543787,"4",2068
"ERR12861949",3549505,3551339,"5",1834
"ERR12861949",3557636,3558792,"1",1156
"ERR12861949",3562459,3564349,"3",1890
"ERR12861949",3569609,3569933,"5",324
"ERR12861949",3575149,3576443,"8",1294
"ERR12861949",3576444,3578386,"10",1942
"ERR12861949",3591873,3602638,"8",10765
"ERR12861949",3604729,3607841,"5",3112
"ERR12861949",3625080,3625579,"5",499
"ERR12861949",3630675,3632503,"6",1828
"ERR12861949",3634587,3636647,"10",2060
"ERR12861949",3636648,3637717,"4",1069
"ERR12861949",3637718,3639372,"5",1654
"ERR12861949",3645299,3650261,"5",4962
"ERR12861949",3655757,3657470,"10",1713
"ERR12861949",3657471,3658483,"4",1012
"ERR12861949",3664965,3667329,"1",2364
"ERR12861949",3667330,3669326,"5",1996
"ERR12861949",3669327,3669805,"3",478
"ERR12861949",3676863,3679777,"5",2914
"ERR12861949",3681297,3682067,"10",770
"ERR12861949",3682216,3683871,"5",1655
"ERR12861949",3687979,3689290,"5",1311
"ERR12861949",3689390,3689821,"6",431
"ERR12861949",3706873,3708753,"10",1880
"ERR12861949",3730130,3731070,"10",940
"ERR12861949",3731071,3732304,"5",1233
"ERR12861949",3732305,3734577,"10",2272
"ERR12861949",3738739,3743034,"5",4295
"ERR12861949",3745276,3747427,"5",2151
"ERR12861949",3747428,3748399,"8",971
"ERR12861949",3748400,3748955,"10",555
"ERR12861949",3748956,3750329,"5",1373
"ERR12861949",3750330,3751458,"6",1128
"ERR12861949",3760834,3763981,"5",3147
"ERR12861949",3767016,3767626,"3",610
"ERR12861949",3768751,3772630,"6",3879
"ERR12861949",3793054,3797624,"5",4570
"ERR12861949",3799702,3802057,"10",2355
"ERR12861949",3802058,3803061,"5",1003
"ERR12861949",3803062,3803948,"3",886
"ERR12861949",3803949,3805383,"4",1434
"ERR12861949",3808860,3811151,"10",2291
"ERR12861949",3813194,3814915,"10",1721
"ERR12861949",3814916,3816387,"5",1471
"ERR12861949",3817714,3825851,"5",8137
"ERR12861949",3827513,3831465,"5",3952
"ERR12861949",3843880,3844257,"8",377
"ERR12861949",3851396,3856018,"5",4622
"ERR12861949",3857074,3857726,"5",652
"ERR12861949",3863227,3864698,"6",1471
"ERR12861949",3867784,3875228,"5",7444
"ERR12861949",3880178,3881272,"5",1094
"ERR12861949",3881273,3885926,"1",4653
"ERR12861949",3885927,3887019,"7",1092
"ERR12861949",3887020,3888442,"10",1422
"ERR12861949",3892850,3894257,"10",1407
"ERR12861949",3894258,3898756,"5",4498
"ERR12861949",3898757,3900946,"6",2189
"ERR12861949",3900947,3902036,"3",1089
"ERR12861949",3902037,3906087,"5",4050
"ERR12861949",3909319,3910546,"5",1227
"ERR12861949",3915145,3916744,"1",1599
"ERR12861949",3921717,3925476,"10",3759
"ERR12861949",3927085,3927966,"10",881
"ERR12861949",3932885,3936035,"5",3150
"ERR12861949",3957774,3970437,"5",12663
"ERR12861949",3974336,3975134,"5",798
"ERR12861949",3976802,3978132,"3",1330
"ERR12861949",3987743,3988990,"10",1247
"ERR12861949",4001808,4006055,"5",4247
"ERR12861949",4006824,4007885,"6",1061
"ERR12861949",4007886,4018070,"5",10184
"ERR12861949",4018071,4020340,"10",2269
"ERR12861949",4021788,4026806,"5",5018
"ERR12861949",4026807,4027916,"6",1109
"ERR12861949",4034936,4036391,"6",1455
"ERR12861949",4036392,4038570,"5",2178
"ERR12861949",4038571,4039919,"6",1348
"ERR12861949",4046343,4046978,"8",635
"ERR12861949",4052571,4054005,"8",1434
"ERR12861949",4054006,4056441,"5",2435
"ERR12861949",4056442,4056567,"8",125
"ERR12861949",4056568,4057128,"3",560
"ERR12861949",4057129,4060019,"5",2890
"ERR12861949",4060020,4061313,"6",1293
"ERR12861949",4063002,4064350,"3",1348
"ERR12861949",4070660,4071127,"4",467
"ERR12861949",4071128,4077881,"5",6753
"ERR12861949",4082538,4083790,"6",1252
"ERR12861949",4083791,4084998,"3",1207
"ERR12861949",4084999,4088197,"5",3198
"ERR12861949",4089374,4092637,"6",3263
"ERR12861949",4104781,4108461,"5",3680
"ERR12861949",4108462,4112105,"6",3643
"ERR12861949",4112106,4117545,"10",5439
"ERR12861949",4117546,4120830,"3",3284
"ERR12861949",4120831,4122299,"10",1468
"ERR12861949",4125217,4137512,"5",12295
"DRR286149",79346,79845,"9",499
"DRR286149",985335,985952,"2",617
"DRR286149",1491952,1492908,"5",956
"DRR286149",1496907,1498493,"8",1586
"DRR286149",1844820,1845498,"8",678
"DRR286149",2011561,2012209,"8",648
"DRR286149",3095692,3096708,"10",1016
"DRR286149",3455164,3455483,"2",319
"DRR286149",3557861,3558125,"6",264
"DRR286149",3831569,3832581,"7",1012
"ERR13148602",88495,88841,"6",346
"ERR13148602",88842,89644,"4",802
"ERR13148602",89645,91255,"5",1610
"ERR13148602",91256,93777,"4",2521
"ERR13148602",93778,95825,"3",2047
"ERR13148602",96203,96952,"7",749
"ERR13148602",96977,97992,"7",1015
"ERR13148602",97993,100187,"8",2194
"ERR13148602",100712,101217,"4",505
"ERR13148602",101664,102843,"3",1179
"ERR13148602",102844,103614,"4",770
"ERR13148602",103615,105404,"10",1789
"ERR13148602",105405,105676,"7",271
"ERR13148602",283214,284116,"7",902
"ERR13148602",284117,285156,"8",1039
"ERR13148602",285157,285315,"1",158
"ERR13148602",285316,288115,"7",2799
"ERR13148602",288700,290160,"3",1460
"ERR13148602",290491,293075,"5",2584
"ERR13148602",293076,293741,"8",665
"ERR13148602",298579,298974,"4",395
"ERR13148602",298975,299302,"10",327
"ERR13148602",299303,301048,"9",1745
"ERR13148602",301049,302912,"8",1863
"ERR13148602",302913,303496,"3",583
"ERR13148602",303497,304444,"4",947
"ERR13148602",305266,307013,"7",1747
"ERR13148602",399124,400532,"4",1408
"ERR13148602",400936,402060,"5",1124
"ERR13148602",402061,403049,"3",988
"ERR13148602",403050,403728,"6",678
"ERR13148602",403729,405643,"5",1914
"ERR13148602",405644,408579,"9",2935
"ERR13148602",408580,408720,"7",140
"ERR13148602",408721,410760,"3",2039
"ERR13148602",688998,690804,"9",1806
"ERR13148602",835071,835862,"6",791
"ERR13148602",836094,838346,"1",2252
"ERR13148602",838347,840860,"8",2513
"ERR13148602",894625,894756,"5",131
"ERR13148602",894757,896065,"1",1308
"ERR13148602",896066,896440,"4",374
"ERR13148602",896441,898214,"3",1773
"ERR13148602",898215,899191,"8",976
"ERR13148602",899479,901561,"7",2082
"ERR13148602",963205,966116,"9",2911
"ERR13148602",966117,967627,"3",1510
"ERR13148602",967628,972181,"4",4553
"ERR13148602",972349,975010,"7",2661
"ERR13148602",989579,990052,"7",473
"ERR13148602",990468,992271,"10",1803
"ERR13148602",992272,992385,"5",113
"ERR13148602",1047324,1048130,"7",806
"ERR13148602",1048131,1050538,"5",2407
"ERR13148602",1050608,1051258,"3",650
"ERR13148602",1051259,1052891,"7",1632
"ERR13148602",1052892,1053704,"6",812
"ERR13148602",1053705,1054458,"10",753
"ERR13148602",1054459,1054898,"6",439
"ERR13148602",1054899,1055576,"7",677
"ERR13148602",1055577,1056827,"8",1250
"ERR13148602",1056828,1058690,"5",1862
"ERR13148602",1058691,1060092,"7",1401
"ERR13148602",1060093,1061262,"5",1169
"ERR13148602",1100045,1100325,"8",280
"ERR13148602",1100326,1100535,"3",209
"ERR13148602",1100536,1103563,"7",3027
"ERR13148602",1226631,1228186,"1",1555
"ERR13148602",1228358,1228603,"9",245
"ERR13148602",1228604,1230601,"8",1997
"ERR13148602",1230602,1231557,"9",955
"ERR13148602",1247569,1249941,"6",2372
"ERR13148602",1249942,1250320,"5",378
"ERR13148602",1250321,1250488,"6",167
"ERR13148602",1250555,1251322,"6",767
"ERR13148602",1252091,1252466,"4",375
"ERR13148602",1252467,1252699,"10",232
"ERR13148602",1290355,1292337,"7",1982
"ERR13148602",1292338,1292974,"9",636
"ERR13148602",1351895,1352247,"10",352
"ERR13148602",1352399,1353050,"8",651
"ERR13148602",1353051,1354823,"3",1772
"ERR13148602",1354824,1356291,"7",1467
"ERR13148602",1356407,1356683,"3",276
"ERR13148602",1356709,1358134,"9",1425
"ERR13148602",1419415,1420296,"3",881
"ERR13148602",1420297,1420646,"9",349
"ERR13148602",1422466,1425394,"5",2928
"ERR13148602",1425395,1426995,"1",1600
"ERR13148602",1588626,1593125,"7",4499
"ERR13148602",1593126,1594738,"4",1612
"ERR13148602",1598825,1599724,"9",899
"ERR13148602",1599725,1599856,"5",131
"ERR13148602",1599857,1600897,"9",1040
"ERR13148602",1600898,1601802,"10",904
"ERR13148602",1601855,1606736,"7",4881
"ERR13148602",1606737,1606878,"3",141
"ERR13148602",1653525,1654183,"9",658
"ERR13148602",1654184,1655665,"10",1481
"ERR13148602",1655666,1656652,"6",986
"ERR13148602",1656653,1657327,"3",674
"ERR13148602",1657328,1658731,"8",1403
"ERR13148602",1658732,1660536,"4",1804
"ERR13148602",1660537,1663256,"3",2719
"ERR13148602",1664352,1665306,"9",954
"ERR13148602",1709775,1709874,"5",99
"ERR13148602",1709875,1710380,"7",505
"ERR13148602",1729137,1729601,"5",464
"ERR13148602",1729602,1729726,"10",124
"ERR13148602",1729818,1729853,"10",35
"ERR13148602",1729903,1729977,"10",74
"ERR13148602",1729978,1731877,"3",1899
"ERR13148602",1732776,1733979,"4",1203
"ERR13148602",1733980,1736429,"5",2449
"ERR13148602",1736430,1737309,"3",879
"ERR13148602",1737310,1737846,"7",536
"ERR13148602",1737847,1738514,"5",667
"ERR13148602",1749883,1751535,"3",1652
"ERR13148602",1751536,1751844,"8",308
"ERR13148602",1821712,1823517,"8",1805
"ERR13148602",1823691,1824824,"4",1133
"ERR13148602",1824825,1826131,"9",1306
"ERR13148602",1826132,1826783,"8",651
"ERR13148602",1877831,1878968,"5",1137
"ERR13148602",1878969,1882021,"3",3052
"ERR13148602",1882323,1886218,"5",3895
"ERR13148602",1906776,1909707,"9",2931
"ERR13148602",1909708,1910745,"1",1037
"ERR13148602",1910746,1912044,"4",1298
"ERR13148602",1912045,1912379,"1",334
"ERR13148602",1912380,1913265,"8",885
"ERR13148602",1913266,1914992,"1",1726
"ERR13148602",1914993,1915210,"10",217
"ERR13148602",1915972,1917154,"7",1182
"ERR13148602",1917155,1917745,"5",590
"ERR13148602",1917746,1917858,"3",112
"ERR13148602",1917859,1919160,"6",1301
"ERR13148602",1919279,1921615,"4",2336
"ERR13148602",2064949,2066835,"6",1886
"ERR13148602",2066836,2069560,"3",2724
"ERR13148602",2069561,2071770,"1",2209
"ERR13148602",2071925,2074195,"8",2270
"ERR13148602",2074196,2074813,"3",617
"ERR13148602",2135976,2140052,"3",4076
"ERR13148602",2140053,2141810,"7",1757
"ERR13148602",2162722,2164351,"1",1629
"ERR13148602",2267696,2270717,"7",3021
"ERR13148602",2270718,2272110,"9",1392
"ERR13148602",2272111,2272529,"4",418
"ERR13148602",2272530,2273459,"9",929
"ERR13148602",2273460,2273853,"7",393
"ERR13148602",2325985,2327606,"5",1621
"ERR13148602",2327607,2328607,"3",1000
"ERR13148602",2372174,2372324,"8",150
"ERR13148602",2372325,2374550,"5",2225
"ERR13148602",2498380,2500489,"3",2109
"ERR13148602",2511149,2516021,"8",4872
"ERR13148602",2516022,2516431,"7",409
"ERR13148602",2520001,2520986,"10",985
"ERR13148602",2568227,2569967,"5",1740
"ERR13148602",2569968,2570049,"7",81
"ERR13148602",2584683,2586905,"8",2222
"ERR13148602",2586906,2587303,"10",397
"ERR13148602",2587304,2588342,"8",1038
"ERR13148602",2588343,2589102,"4",759
"ERR13148602",2614526,2616549,"4",2023
"ERR13148602",2617262,2617608,"4",346
"ERR13148602",2617609,2619271,"3",1662
"ERR13148602",2647349,2648870,"8",1521
"ERR13148602",2648871,2650012,"3",1141
"ERR13148602",2752676,2754621,"4",1945
"ERR13148602",2754851,2754964,"4",113
"ERR13148602",2755413,2757861,"3",2448
"ERR13148602",2757862,2758945,"4",1083
"ERR13148602",2758946,2759891,"6",945
"ERR13148602",2764646,2765875,"5",1229
"ERR13148602",2799247,2801292,"3",2045
"ERR13148602",2801293,2801623,"7",330
"ERR13148602",2801624,2803294,"10",1670
"ERR13148602",2803295,2803618,"7",323
"ERR13148602",2805953,2806602,"4",649
"ERR13148602",2806792,2807485,"8",693
"ERR13148602",2807486,2809908,"7",2422
"ERR13148602",2809909,2810657,"5",748
"ERR13148602",2810658,2812097,"4",1439
"ERR13148602",2929064,2929382,"3",318
"ERR13148602",2949328,2949695,"10",367
"ERR13148602",2949696,2954577,"4",4881
"ERR13148602",2961458,2967825,"7",6367
"ERR13148602",2973648,2973880,"5",232
"ERR13148602",2974577,2977466,"8",2889
"ERR13148602",2992793,2995887,"8",3094
"ERR13148602",2995888,2996236,"1",348
"ERR13148602",2996525,2998395,"1",1870
"ERR13148602",3027021,3029029,"7",2008
"ERR13148602",3029991,3030977,"8",986
"ERR13148602",3030978,3032097,"3",1119
"ERR13148602",3032098,3033321,"1",1223
"ERR13148602",3039843,3040816,"8",973
"ERR13148602",3040817,3041126,"1",309
"ERR13148602",3041359,3041673,"8",314
"ERR13148602",3048626,3049471,"9",845
"ERR13148602",3049472,3053140,"3",3668
"ERR13148602",3063214,3063429,"3",215
"ERR13148602",3063430,3065712,"7",2282
"ERR13148602",3066079,3069214,"9",3135
"ERR13148602",3069215,3072297,"3",3082
"ERR13148602",3126115,3127996,"6",1881
"ERR13148602",3128614,3129337,"10",723
"ERR13148602",3129338,3129655,"1",317
"ERR13148602",3178164,3180086,"4",1922
"ERR13148602",3180087,3181798,"7",1711
"ERR13148602",3181799,3181925,"10",126
"ERR13148602",3181926,3183762,"5",1836
"ERR13148602",3234313,3235696,"3",1383
"ERR13148602",3235697,3239022,"9",3325
"ERR13148602",3239023,3239324,"8",301
"ERR13148602",3239325,3240319,"5",994
"ERR13148602",3272066,3272979,"3",913
"ERR13148602",3272980,3274875,"8",1895
"ERR13148602",3274876,3275441,"3",565
"ERR13148602",3275442,3276429,"4",987
"ERR13148602",3276430,3277418,"8",988
"ERR13148602",3328087,3329349,"1",1262
"ERR13148602",3329350,3330425,"6",1075
"ERR13148602",3331142,3332637,"9",1495
"ERR13148602",3332638,3336604,"1",3966
"ERR13148602",3336605,3337460,"3",855
"ERR13148602",3337461,3338393,"4",932
"ERR13148602",3338394,3339349,"3",955
"ERR13148602",3339350,3341789,"4",2439
"ERR13148602",3347148,3348131,"7",983
"ERR13148602",3351187,3352564,"5",1377
"ERR13148602",3352565,3353082,"6",517
"ERR13148602",3356336,3357739,"8",1403
"ERR13148602",3357853,3359473,"7",1620
"ERR13148602",3359474,3360251,"3",777
"ERR13148602",3360252,3362251,"5",1999
"ERR13148602",3363146,3364059,"8",913
"ERR13148602",3381272,3382557,"8",1285
"ERR13148602",3382558,3383641,"9",1083
"ERR13148602",3383642,3386143,"3",2501
"ERR13148602",3386144,3387224,"6",1080
"ERR13148602",3388276,3391001,"7",2725
"ERR13148602",3391002,3391692,"1",690
"ERR13148602",3391693,3393696,"3",2003
"ERR13148602",3393697,3395417,"8",1720
"ERR13148602",3395418,3396575,"6",1157
"ERR13148602",3404468,3406814,"5",2346
"ERR13148602",3425103,3427414,"3",2311
"ERR13148602",3427415,3429258,"6",1843
"ERR13148602",3439169,3439935,"3",766
"ERR13148602",3440186,3441208,"1",1022
"ERR13148602",3461538,3462767,"4",1229
"ERR13148602",3464755,3467178,"3",2423
"ERR13148602",3467179,3467276,"5",97
"ERR13148602",3468228,3470357,"1",2129
"ERR13148602",3470358,3471385,"5",1027
"ERR13148602",3499300,3500409,"3",1109
"ERR13148602",3500894,3503995,"7",3101
"ERR13148602",3565747,3565869,"4",122
"ERR13148602",3582867,3583908,"3",1041
"ERR13148602",3605149,3605731,"8",582
"ERR13148602",3605732,3608167,"4",2435
"ERR13148602",3642291,3646986,"7",4695
"ERR13148602",3646987,3647838,"5",851
"ERR13148602",3669558,3671055,"10",1497
"ERR13148602",3671056,3672032,"1",976
"ERR13148602",3672033,3676786,"8",4753
"ERR13148602",3676787,3677680,"4",893
"ERR13148602",3677681,3677816,"6",135
"ERR13148602",3677817,3678484,"3",667
"ERR13148602",3678485,3680257,"4",1772
"ERR13148602",3729888,3733510,"9",3622
"ERR13148602",3751524,3752188,"6",664
"ERR13148602",3752789,3755545,"8",2756
"ERR13148602",3756833,3758290,"1",1457
"ERR13148602",3758291,3758789,"3",498
"ERR13148602",3758790,3760294,"10",1504
"ERR13148602",3760295,3761247,"6",952
"ERR13148602",3762663,3765382,"5",2719
"ERR13148602",3765383,3766479,"6",1096
"ERR13148602",3766480,3767006,"8",526
"ERR13148602",3767007,3767649,"9",642
"ERR13148602",3767650,3768696,"3",1046
"ERR13148602",3800399,3803652,"7",3253
"ERR13148602",3803653,3804588,"8",935
"ERR13148602",3804589,3805093,"7",504
"ERR13148602",3805094,3805969,"1",875
"ERR13148602",3805970,3807127,"3",1157
"ERR13148602",3807128,3808628,"4",1500
"ERR13148602",3808629,3809040,"5",411
"ERR13148602",3809041,3809236,"8",195
"ERR13148602",3822679,3823059,"8",380
"ERR13148602",3823060,3823390,"3",330
"ERR13148602",3828673,3829869,"7",1196
"ERR13148602",3868582,3869692,"5",1110
"ERR13148602",3870391,3873083,"5",2692
"ERR13148602",3873084,3873681,"9",597
"ERR13148602",3874045,3874197,"10",152
"ERR13148602",3897286,3899052,"8",1766
"ERR13148602",3899142,3899519,"4",377
"ERR13148602",3923052,3923511,"3",459
"ERR13148602",3924109,3925198,"10",1089
"ERR13148602",3925199,3926526,"1",1327
"ERR13148602",3926527,3927029,"4",502
"ERR13148602",3927030,3928408,"9",1378
"ERR13148602",3930355,3932459,"7",2104
"ERR13148602",3932460,3932509,"10",49
"ERR13148602",3934248,3935643,"7",1395
"ERR13148602",3935644,3935987,"3",343
"ERR13148602",3935988,3936692,"7",704
"ERR13148602",3978658,3983578,"10",4920
"ERR13148602",3983579,3986577,"9",2998
"ERR13148602",3986578,3988990,"6",2412
"ERR13148602",3988991,3989733,"3",742
"ERR13148602",3991478,3993598,"4",2120
"ERR13148602",3999523,4000402,"8",879
"ERR13148602",4000403,4001199,"3",796
"ERR13148602",4001200,4002753,"6",1553
"ERR13148602",4002754,4004202,"10",1448
"ERR13148602",4004203,4006263,"6",2060
"ERR13148602",4133131,4133802,"1",671
"SRR10120009",208076,208497,"9",421
"SRR10120009",371548,372425,"6",877
"SRR10120009",670132,670805,"3",673
"SRR10120009",753252,753607,"4",355
"SRR10120009",753608,754358,"1",750
"SRR10120009",934014,935190,"6",1176
"SRR10120009",987283,988423,"6",1140
"SRR10120009",1008309,1009417,"1",1108
"SRR10120009",1145709,1146286,"1",577
"SRR10120009",1203007,1204021,"8",1014
"SRR10120009",1239630,1240540,"9",910
"SRR10120009",1335158,1336383,"1",1225
"SRR10120009",2369144,2370518,"6",1374
"SRR10120009",2373695,2374774,"1",1079
"SRR10120009",2408997,2409427,"1",430
"SRR10120009",2421230,2422476,"7",1246
"SRR10120009",2422551,2423571,"9",1020
"SRR10120009",2558072,2562065,"2",3993
"SRR10120009",2646330,2647196,"1",866
"SRR10120009",2777656,2779309,"2",1653
"SRR10120009",2794110,2795273,"5",1163
"SRR10120009",2876723,2877742,"1",1019
"SRR10120009",3330426,3332992,"6",2566
"SRR10120009",3396748,3399603,"9",2855
"SRR10120009",3605026,3607019,"2",1993
"SRR10120009",3623265,3624508,"5",1243
"SRR10120009",3628927,3629528,"8",601
"SRR10120009",3750782,3751374,"8",592
"SRR10120009",3793235,3794468,"1",1233
"SRR10120009",3899103,3900724,"1",1621
"SRR7800523",948,4754,"10",3806
"SRR7800523",6867,8742,"10",1875
"SRR7800523",18765,20291,"10",1526
"SRR7800523",44850,50015,"5",5165
"SRR7800523",52400,54359,"5",1959
"SRR7800523",69833,70566,"5",733
"SRR7800523",90405,91845,"10",1440
"SRR7800523",91846,93087,"4",1241
"SRR7800523",93088,94853,"3",1765
"SRR7800523",134301,134361,"6",60
"SRR7800523",134362,136618,"5",2256
"SRR7800523",137302,137964,"5",662
"SRR7800523",174438,175163,"6",725
"SRR7800523",183069,184698,"5",1629
"SRR7800523",184699,185376,"3",677
"SRR7800523",218800,219545,"6",745
"SRR7800523",234705,235901,"6",1196
"SRR7800523",253182,254193,"10",1011
"SRR7800523",261439,262152,"5",713
"SRR7800523",262389,265636,"10",3247
"SRR7800523",293466,294773,"3",1307
"SRR7800523",294774,298181,"6",3407
"SRR7800523",299776,301097,"6",1321
"SRR7800523",317023,317736,"5",713
"SRR7800523",321063,321289,"7",226
"SRR7800523",338678,339449,"10",771
"SRR7800523",341413,343134,"4",1721
"SRR7800523",343135,344832,"2",1697
"SRR7800523",344833,345926,"5",1093
"SRR7800523",350961,353429,"6",2468
"SRR7800523",354378,357572,"5",3194
"SRR7800523",357573,359030,"6",1457
"SRR7800523",366220,367819,"5",1599
"SRR7800523",369325,370242,"6",917
"SRR7800523",380477,381334,"3",857
"SRR7800523",382208,382590,"2",382
"SRR7800523",382591,383505,"8",914
"SRR7800523",385989,388525,"5",2536
"SRR7800523",388526,391097,"10",2571
"SRR7800523",401485,402799,"3",1314
"SRR7800523",402800,403728,"10",928
"SRR7800523",403729,404738,"3",1009
"SRR7800523",412351,414759,"6",2408
"SRR7800523",420861,421624,"5",763
"SRR7800523",421625,423997,"6",2372
"SRR7800523",423998,424866,"2",868
"SRR7800523",433910,435136,"10",1226
"SRR7800523",463601,465241,"10",1640
"SRR7800523",480601,481613,"6",1012
"SRR7800523",490942,491151,"6",209
"SRR7800523",512845,513836,"8",991
"SRR7800523",527172,528288,"10",1116
"SRR7800523",535352,536775,"2",1423
"SRR7800523",536776,538099,"6",1323
"SRR7800523",548701,549097,"6",396
"SRR7800523",553368,554431,"5",1063
"SRR7800523",562018,563204,"5",1186
"SRR7800523",573989,574568,"5",579
"SRR7800523",588780,590521,"5",1741
"SRR7800523",600112,602639,"5",2527
"SRR7800523",621737,623077,"10",1340
"SRR7800523",631474,631935,"5",461
"SRR7800523",633870,635485,"3",1615
"SRR7800523",659690,660876,"5",1186
"SRR7800523",664094,664552,"5",458
"SRR7800523",669395,671260,"5",1865
"SRR7800523",672627,675311,"5",2684
"SRR7800523",675312,676572,"3",1260
"SRR7800523",676573,677029,"7",456
"SRR7800523",686118,687370,"6",1252
"SRR7800523",709563,711100,"5",1537
"SRR7800523",729494,729715,"10",221
"SRR7800523",729716,730741,"6",1025
"SRR7800523",738684,739467,"5",783
"SRR7800523",739468,740487,"8",1019
"SRR7800523",742353,743648,"4",1295
"SRR7800523",753200,754508,"5",1308
"SRR7800523",758127,759610,"6",1483
"SRR7800523",759611,761143,"5",1532
"SRR7800523",764752,765282,"5",530
"SRR7800523",781400,782264,"6",864
"SRR7800523",792099,793509,"6",1410
"SRR7800523",817132,818295,"10",1163
"SRR7800523",822122,823722,"10",1600
"SRR7800523",823926,825034,"10",1108
"SRR7800523",829740,832141,"5",2401
"SRR7800523",836327,837318,"2",991
"SRR7800523",847587,848228,"2",641
"SRR7800523",897535,898654,"10",1119
"SRR7800523",904303,905151,"6",848
"SRR7800523",908140,910746,"3",2606
"SRR7800523",910747,912199,"5",1452
"SRR7800523",918696,919462,"6",766
"SRR7800523",927855,929521,"6",1666
"SRR7800523",942482,943082,"6",600
"SRR7800523",947816,948100,"10",284
"SRR7800523",956708,958568,"5",1860
"SRR7800523",967801,969017,"3",1216
"SRR7800523",971702,972348,"4",646
"SRR7800523",974099,976002,"4",1903
"SRR7800523",977916,979633,"1",1717
"SRR7800523",1000464,1001637,"6",1173
"SRR7800523",1013263,1013897,"6",634
"SRR7800523",1016693,1017862,"6",1169
"SRR7800523",1024727,1026080,"6",1353
"SRR7800523",1028574,1030438,"10",1864
"SRR7800523",1031324,1032059,"1",735
"SRR7800523",1052385,1053355,"6",970
"SRR7800523",1053356,1054826,"5",1470
"SRR7800523",1068466,1071992,"5",3526
"SRR7800523",1087703,1089435,"4",1732
"SRR7800523",1089436,1092136,"3",2700
"SRR7800523",1093687,1094827,"4",1140
"SRR7800523",1106483,1107152,"10",669
"SRR7800523",1115584,1117714,"6",2130
"SRR7800523",1118256,1119760,"4",1504
"SRR7800523",1146287,1147620,"10",1333
"SRR7800523",1147621,1148097,"3",476
"SRR7800523",1148098,1148331,"1",233
"SRR7800523",1148332,1149385,"4",1053
"SRR7800523",1153936,1158201,"6",4265
"SRR7800523",1170108,1170923,"3",815
"SRR7800523",1176550,1177245,"6",695
"SRR7800523",1180566,1181600,"10",1034
"SRR7800523",1186714,1188144,"7",1430
"SRR7800523",1188145,1189553,"4",1408
"SRR7800523",1189554,1190742,"6",1188
"SRR7800523",1217519,1220431,"10",2912
"SRR7800523",1224359,1224493,"6",134
"SRR7800523",1251606,1252466,"5",860
"SRR7800523",1252467,1252876,"3",409
"SRR7800523",1257883,1258993,"3",1110
"SRR7800523",1265253,1266250,"6",997
"SRR7800523",1268930,1271665,"8",2735
"SRR7800523",1271666,1272159,"2",493
"SRR7800523",1281735,1282713,"6",978
"SRR7800523",1282714,1284125,"3",1411
"SRR7800523",1285894,1288875,"3",2981
"SRR7800523",1301469,1306019,"10",4550
"SRR7800523",1308617,1312180,"10",3563
"SRR7800523",1318561,1319961,"5",1400
"SRR7800523",1329252,1335157,"5",5905
"SRR7800523",1336965,1337717,"6",752
"SRR7800523",1339102,1340520,"8",1418
"SRR7800523",1340521,1345671,"6",5150
"SRR7800523",1358135,1358984,"10",849
"SRR7800523",1361679,1362960,"10",1281
"SRR7800523",1362961,1364587,"1",1626
"SRR7800523",1367467,1368081,"10",614
"SRR7800523",1376040,1377637,"3",1597
"SRR7800523",1382635,1383478,"10",843
"SRR7800523",1390483,1391942,"10",1459
"SRR7800523",1391943,1392583,"6",640
"SRR7800523",1400832,1402493,"3",1661
"SRR7800523",1402606,1403054,"6",448
"SRR7800523",1418854,1420542,"3",1688
"SRR7800523",1420543,1421589,"5",1046
"SRR7800523",1477876,1478089,"6",213
"SRR7800523",1486393,1488071,"5",1678
"SRR7800523",1500158,1501434,"5",1276
"SRR7800523",1522770,1523379,"5",609
"SRR7800523",1552958,1553665,"7",707
"SRR7800523",1560062,1560369,"6",307
"SRR7800523",1566479,1569266,"6",2787
"SRR7800523",1569267,1569997,"1",730
"SRR7800523",1569998,1573582,"10",3584
"SRR7800523",1590185,1590963,"5",778
"SRR7800523",1592784,1594031,"7",1247
"SRR7800523",1614009,1616807,"6",2798
"SRR7800523",1617613,1621330,"10",3717
"SRR7800523",1622457,1624795,"10",2338
"SRR7800523",1635664,1638226,"5",2562
"SRR7800523",1638227,1639666,"10",1439
"SRR7800523",1645012,1648654,"4",3642
"SRR7800523",1651160,1652770,"10",1610
"SRR7800523",1652771,1654685,"3",1914
"SRR7800523",1671599,1672255,"5",656
"SRR7800523",1717940,1719025,"6",1085
"SRR7800523",1729137,1733193,"3",4056
"SRR7800523",1736314,1737652,"1",1338
"SRR7800523",1756377,1757046,"5",669
"SRR7800523",1761847,1763121,"5",1274
"SRR7800523",1791597,1794150,"10",2553
"SRR7800523",1794151,1795972,"6",1821
"SRR7800523",1802436,1803240,"10",804
"SRR7800523",1803241,1804007,"3",766
"SRR7800523",1817047,1817717,"3",670
"SRR7800523",1822312,1823799,"7",1487
"SRR7800523",1824741,1826902,"6",2161
"SRR7800523",1827749,1829016,"5",1267
"SRR7800523",1829017,1832860,"6",3843
"SRR7800523",1836290,1837767,"6",1477
"SRR7800523",1839679,1840922,"5",1243
"SRR7800523",1841630,1842699,"6",1069
"SRR7800523",1853774,1854922,"6",1148
"SRR7800523",1856460,1857116,"7",656
"SRR7800523",1858352,1859904,"10",1552
"SRR7800523",1865116,1867420,"5",2304
"SRR7800523",1870103,1873072,"4",2969
"SRR7800523",1882022,1883460,"6",1438
"SRR7800523",1883461,1884279,"2",818
"SRR7800523",1884497,1885579,"4",1082
"SRR7800523",1893872,1894513,"6",641
"SRR7800523",1902118,1903078,"6",960
"SRR7800523",1903079,1905893,"5",2814
"SRR7800523",1910990,1912513,"2",1523
"SRR7800523",1912514,1914992,"5",2478
"SRR7800523",1915972,1918206,"5",2234
"SRR7800523",1940860,1941894,"6",1034
"SRR7800523",1941895,1942965,"10",1070
"SRR7800523",1942966,1943927,"3",961
"SRR7800523",1947924,1952308,"10",4384
"SRR7800523",1952309,1952893,"6",584
"SRR7800523",1962423,1962622,"5",199
"SRR7800523",1963356,1964048,"6",692
"SRR7800523",1980670,1982168,"7",1498
"SRR7800523",1985598,1986847,"6",1249
"SRR7800523",1988092,1989163,"2",1071
"SRR7800523",1992294,1993507,"10",1213
"SRR7800523",2001537,2002262,"6",725
"SRR7800523",2008567,2009075,"3",508
"SRR7800523",2011456,2012313,"10",857
"SRR7800523",2012664,2013528,"8",864
"SRR7800523",2019004,2020051,"10",1047
"SRR7800523",2020052,2022659,"3",2607
"SRR7800523",2022660,2023773,"5",1113
"SRR7800523",2049722,2050954,"5",1232
"SRR7800523",2064437,2067422,"10",2985
"SRR7800523",2074872,2075829,"5",957
"SRR7800523",2075830,2077310,"4",1480
"SRR7800523",2089485,2089773,"5",288
"SRR7800523",2094161,2095179,"4",1018
"SRR7800523",2095180,2097219,"6",2039
"SRR7800523",2097220,2097777,"5",557
"SRR7800523",2104682,2108094,"4",3412
"SRR7800523",2108095,2110159,"5",2064
"SRR7800523",2119982,2122846,"5",2864
"SRR7800523",2127570,2144319,"10",16749
"SRR7800523",2154328,2157933,"6",3605
"SRR7800523",2164352,2166529,"3",2177
"SRR7800523",2173983,2174699,"3",716
"SRR7800523",2206161,2208221,"10",2060
"SRR7800523",2208222,2209922,"3",1700
"SRR7800523",2232351,2236394,"10",4043
"SRR7800523",2262798,2266576,"10",3778
"SRR7800523",2321063,2324117,"4",3054
"SRR7800523",2325245,2326131,"5",886
"SRR7800523",2340585,2342676,"6",2091
"SRR7800523",2343830,2344737,"4",907
"SRR7800523",2346525,2347655,"4",1130
"SRR7800523",2350040,2351133,"4",1093
"SRR7800523",2357280,2358889,"10",1609
"SRR7800523",2358890,2361028,"4",2138
"SRR7800523",2370691,2373694,"6",3003
"SRR7800523",2375186,2376899,"5",1713
"SRR7800523",2377517,2379738,"10",2221
"SRR7800523",2381186,2383010,"6",1824
"SRR7800523",2383011,2384728,"8",1717
"SRR7800523",2388836,2389602,"10",766
"SRR7800523",2395292,2396313,"5",1021
"SRR7800523",2411187,2411923,"5",736
"SRR7800523",2411924,2413224,"3",1300
"SRR7800523",2417637,2420857,"10",3220
"SRR7800523",2420858,2422550,"5",1692
"SRR7800523",2423620,2425472,"10",1852
"SRR7800523",2427519,2428457,"5",938
"SRR7800523",2434707,2438586,"10",3879
"SRR7800523",2445424,2448710,"5",3286
"SRR7800523",2457410,2458520,"5",1110
"SRR7800523",2468107,2470312,"5",2205
"SRR7800523",2477280,2477823,"6",543
"SRR7800523",2479573,2480683,"4",1110
"SRR7800523",2484411,2486968,"6",2557
"SRR7800523",2511035,2515272,"10",4237
"SRR7800523",2538780,2539236,"6",456
"SRR7800523",2542846,2544591,"10",1745
"SRR7800523",2544592,2546418,"3",1826
"SRR7800523",2546419,2547544,"4",1125
"SRR7800523",2547545,2550275,"5",2730
"SRR7800523",2550276,2553103,"3",2827
"SRR7800523",2576118,2576723,"6",605
"SRR7800523",2614000,2614917,"3",917
"SRR7800523",2615631,2618232,"2",2601
"SRR7800523",2621787,2623903,"2",2116
"SRR7800523",2624994,2625596,"6",602
"SRR7800523",2633643,2634476,"6",833
"SRR7800523",2637621,2639549,"5",1928
"SRR7800523",2640278,2641536,"10",1258
"SRR7800523",2641537,2641742,"5",205
"SRR7800523",2661848,2662558,"5",710
"SRR7800523",2665100,2665699,"6",599
"SRR7800523",2676261,2678336,"10",2075
"SRR7800523",2678337,2679351,"5",1014
"SRR7800523",2703315,2704872,"10",1557
"SRR7800523",2706108,2707436,"5",1328
"SRR7800523",2711789,2712992,"4",1203
"SRR7800523",2762345,2766953,"6",4608
"SRR7800523",2777882,2780057,"2",2175
"SRR7800523",2800316,2801566,"10",1250
"SRR7800523",2843131,2847752,"6",4621
"SRR7800523",2854591,2856050,"8",1459
"SRR7800523",2884130,2884692,"8",562
"SRR7800523",2894265,2896383,"10",2118
"SRR7800523",2903136,2904301,"10",1165
"SRR7800523",2923461,2924107,"6",646
"SRR7800523",2925101,2927857,"5",2756
"SRR7800523",2928113,2930232,"5",2119
"SRR7800523",2935732,2937119,"3",1387
"SRR7800523",2937120,2943625,"5",6505
"SRR7800523",2943626,2947461,"3",3835
"SRR7800523",2968693,2971269,"5",2576
"SRR7800523",2979272,2982471,"6",3199
"SRR7800523",2982472,2985111,"10",2639
"SRR7800523",3007341,3009014,"10",1673
"SRR7800523",3014893,3017931,"10",3038
"SRR7800523",3020470,3021093,"5",623
"SRR7800523",3027021,3027963,"3",942
"SRR7800523",3037822,3039660,"1",1838
"SRR7800523",3039661,3041277,"2",1616
"SRR7800523",3044538,3045434,"6",896
"SRR7800523",3059445,3066291,"10",6846
"SRR7800523",3066292,3068295,"2",2003
"SRR7800523",3075763,3076289,"6",526
"SRR7800523",3103287,3103928,"5",641
"SRR7800523",3104970,3107792,"5",2822
"SRR7800523",3114164,3121473,"5",7309
"SRR7800523",3154747,3155016,"5",269
"SRR7800523",3155017,3157281,"8",2264
"SRR7800523",3168444,3170460,"3",2016
"SRR7800523",3174491,3178715,"6",4224
"SRR7800523",3178716,3180683,"7",1967
"SRR7800523",3184644,3185652,"1",1008
"SRR7800523",3195687,3197088,"7",1401
"SRR7800523",3200776,3202196,"6",1420
"SRR7800523",3212540,3213271,"5",731
"SRR7800523",3222972,3227067,"5",4095
"SRR7800523",3233216,3234047,"4",831
"SRR7800523",3236022,3241306,"1",5284
"SRR7800523",3242107,3243932,"2",1825
"SRR7800523",3243933,3246365,"4",2432
"SRR7800523",3249128,3250436,"5",1308
"SRR7800523",3271404,3272651,"6",1247
"SRR7800523",3272652,3276168,"5",3516
"SRR7800523",3279246,3290176,"10",10930
"SRR7800523",3293277,3294365,"8",1088
"SRR7800523",3297467,3302726,"10",5259
"SRR7800523",3317109,3318709,"6",1600
"SRR7800523",3320495,3321723,"5",1228
"SRR7800523",3330637,3335053,"2",4416
"SRR7800523",3368048,3369898,"5",1850
"SRR7800523",3375251,3383988,"6",8737
"SRR7800523",3395943,3398284,"5",2341
"SRR7800523",3432710,3437800,"6",5090
"SRR7800523",3437801,3439598,"5",1797
"SRR7800523",3442740,3446983,"5",4243
"SRR7800523",3451536,3453225,"6",1689
"SRR7800523",3468028,3468577,"7",549
"SRR7800523",3468578,3471136,"4",2558
"SRR7800523",3484651,3486761,"5",2110
"SRR7800523",3513100,3514337,"10",1237
"SRR7800523",3520455,3523624,"10",3169
"SRR7800523",3541719,3542894,"6",1175
"SRR7800523",3542895,3547433,"10",4538
"SRR7800523",3562561,3563929,"2",1368
"SRR7800523",3567519,3570408,"10",2889
"SRR7800523",3571173,3572108,"3",935
"SRR7800523",3577291,3578231,"10",940
"SRR7800523",3580535,3581675,"5",1140
"SRR7800523",3591873,3602638,"8",10765
"SRR7800523",3604729,3608008,"5",3279
"SRR7800523",3619728,3620283,"10",555
"SRR7800523",3625256,3627223,"3",1967
"SRR7800523",3632293,3634850,"6",2557
"SRR7800523",3637766,3640730,"5",2964
"SRR7800523",3657198,3657435,"6",237
"SRR7800523",3657436,3658379,"4",943
"SRR7800523",3665310,3666253,"4",943
"SRR7800523",3672615,3673586,"5",971
"SRR7800523",3673587,3675317,"3",1730
"SRR7800523",3675318,3677465,"6",2147
"SRR7800523",3692529,3695588,"10",3059
"SRR7800523",3695589,3697134,"7",1545
"SRR7800523",3727748,3729145,"6",1397
"SRR7800523",3741421,3742417,"6",996
"SRR7800523",3746413,3747243,"8",830
"SRR7800523",3747244,3748955,"10",1711
"SRR7800523",3759245,3760744,"4",1499
"SRR7800523",3773889,3774731,"4",842
"SRR7800523",3795729,3796886,"3",1157
"SRR7800523",3800153,3805969,"8",5816
"SRR7800523",3809560,3809918,"5",358
"SRR7800523",3821452,3822507,"6",1055
"SRR7800523",3824515,3830025,"5",5510
"SRR7800523",3834684,3837274,"6",2590
"SRR7800523",3845950,3846434,"2",484
"SRR7800523",3848207,3849130,"6",923
"SRR7800523",3849131,3850748,"2",1617
"SRR7800523",3857241,3857726,"5",485
"SRR7800523",3867750,3868581,"10",831
"SRR7800523",3886022,3886978,"3",956
"SRR7800523",3910062,3914590,"10",4528
"SRR7800523",3914591,3916822,"2",2231
"SRR7800523",3927327,3928096,"6",769
"SRR7800523",3928097,3932493,"10",4396
"SRR7800523",3939808,3943481,"10",3673
"SRR7800523",3945092,3947395,"3",2303
"SRR7800523",3947396,3949444,"10",2048
"SRR7800523",3960040,3961666,"6",1626
"SRR7800523",3977993,3978224,"5",231
"SRR7800523",3987679,3990938,"10",3259
"SRR7800523",3993461,3995700,"3",2239
"SRR7800523",3995701,3996480,"7",779
"SRR7800523",4003231,4004370,"6",1139
"SRR7800523",4006824,4007602,"6",778
"SRR7800523",4027777,4028590,"6",813
"SRR7800523",4030488,4033626,"6",3138
"SRR7800523",4034374,4036180,"8",1806
"SRR7800523",4038983,4040874,"6",1891
"SRR7800523",4042401,4043023,"6",622
"SRR7800523",4044291,4046230,"7",1939
"SRR7800523",4088105,4088340,"8",235
"SRR7800523",4089865,4092637,"6",2772
"SRR7800523",4117290,4118391,"5",1101
"SRR7800523",4145284,4149829,"3",4545
"SRR7800523",4211995,4227259,"1",15264
"SRR7800523",4240082,4250894,"6",10812
"SRR7800523",4258042,4266871,"6",8829
"SRR7800523",4276287,4297722,"6",21435
"SRR7800523",4325101,4339386,"6",14285
"ERR12861682",40643,41117,"10",474
"ERR12861682",105169,109430,"1",4261
"ERR12861682",208969,209337,"10",368
"ERR12861682",216647,217270,"6",623
"ERR12861682",246709,247444,"1",735
"ERR12861682",250172,251704,"10",1532
"ERR12861682",274225,277951,"7",3726
"ERR12861682",305587,306289,"10",702
"ERR12861682",339218,340557,"5",1339
"ERR12861682",456079,456489,"5",410
"ERR12861682",484816,486580,"10",1764
"ERR12861682",564563,566200,"1",1637
"ERR12861682",633870,634462,"6",592
"ERR12861682",710391,711100,"1",709
"ERR12861682",718405,719326,"8",921
"ERR12861682",731784,736925,"6",5141
"ERR12861682",736926,737868,"5",942
"ERR12861682",763581,765192,"6",1611
"ERR12861682",796524,797358,"9",834
"ERR12861682",810057,811286,"10",1229
"ERR12861682",944917,945462,"1",545
"ERR12861682",946702,950863,"7",4161
"ERR12861682",971702,975909,"1",4207
"ERR12861682",984267,986253,"10",1986
"ERR12861682",1003196,1003859,"8",663
"ERR12861682",1026828,1028443,"5",1615
"ERR12861682",1032817,1034531,"6",1714
"ERR12861682",1040501,1041725,"10",1224
"ERR12861682",1098691,1099955,"10",1264
"ERR12861682",1104509,1104914,"9",405
"ERR12861682",1106575,1107791,"10",1216
"ERR12861682",1145709,1146224,"1",515
"ERR12861682",1215007,1215548,"8",541
"ERR12861682",1218492,1219207,"10",715
"ERR12861682",1233182,1235165,"6",1983
"ERR12861682",1258098,1258757,"10",659
"ERR12861682",1269280,1271056,"8",1776
"ERR12861682",1330753,1331287,"6",534
"ERR12861682",1381747,1384596,"1",2849
"ERR12861682",1388091,1388792,"10",701
"ERR12861682",1502618,1503573,"1",955
"ERR12861682",1513144,1513892,"7",748
"ERR12861682",1547142,1547829,"7",687
"ERR12861682",1554323,1555837,"10",1514
"ERR12861682",1568410,1572681,"6",4271
"ERR12861682",1623700,1624189,"1",489
"ERR12861682",1632647,1633098,"10",451
"ERR12861682",1700989,1702097,"10",1108
"ERR12861682",1762009,1763121,"1",1112
"ERR12861682",1817808,1819113,"7",1305
"ERR12861682",1819114,1822168,"6",3054
"ERR12861682",1826422,1827375,"6",953
"ERR12861682",1848255,1850603,"1",2348
"ERR12861682",1864255,1864988,"6",733
"ERR12861682",1875968,1877081,"10",1113
"ERR12861682",1884685,1886680,"6",1995
"ERR12861682",1905450,1905654,"8",204
"ERR12861682",1905655,1905788,"6",133
"ERR12861682",1922108,1923527,"1",1419
"ERR12861682",1952387,1952941,"5",554
"ERR12861682",1963356,1963898,"1",542
"ERR12861682",2012777,2013688,"10",911
"ERR12861682",2062516,2063290,"10",774
"ERR12861682",2076150,2077756,"1",1606
"ERR12861682",2120169,2121139,"6",970
"ERR12861682",2132838,2136077,"10",3239
"ERR12861682",2177431,2178464,"10",1033
"ERR12861682",2240441,2242644,"10",2203
"ERR12861682",2250778,2251940,"10",1162
"ERR12861682",2316959,2317856,"10",897
"ERR12861682",2326290,2327096,"10",806
"ERR12861682",2373695,2374790,"1",1095
"ERR12861682",2400516,2401009,"10",493
"ERR12861682",2401010,2401645,"8",635
"ERR12861682",2415947,2416997,"6",1050
"ERR12861682",2458987,2460548,"10",1561
"ERR12861682",2518081,2519610,"9",1529
"ERR12861682",2522547,2525159,"2",2612
"ERR12861682",2536300,2537087,"10",787
"ERR12861682",2539342,2540559,"10",1217
"ERR12861682",2540560,2547258,"6",6698
"ERR12861682",2618201,2619975,"1",1774
"ERR12861682",2643514,2644595,"10",1081
"ERR12861682",2699409,2699755,"10",346
"ERR12861682",2745822,2747128,"10",1306
"ERR12861682",2779625,2781242,"10",1617
"ERR12861682",2833657,2834322,"9",665
"ERR12861682",2835812,2837287,"7",1475
"ERR12861682",2837288,2838069,"10",781
"ERR12861682",2857503,2860281,"10",2778
"ERR12861682",2902836,2902911,"6",75
"ERR12861682",2928485,2929821,"6",1336
"ERR12861682",2982551,2982875,"1",324
"ERR12861682",2982876,2985111,"9",2235
"ERR12861682",2995888,2997543,"7",1655
"ERR12861682",3015104,3015896,"3",792
"ERR12861682",3015897,3017231,"1",1334
"ERR12861682",3055171,3056532,"6",1361
"ERR12861682",3088735,3093562,"6",4827
"ERR12861682",3093563,3094696,"5",1133
"ERR12861682",3155751,3158657,"10",2906
"ERR12861682",3169419,3169997,"1",578
"ERR12861682",3212523,3213271,"1",748
"ERR12861682",3247114,3252074,"10",4960
"ERR12861682",3359688,3361889,"10",2201
"ERR12861682",3368132,3369898,"6",1766
"ERR12861682",3457872,3459746,"10",1874
"ERR12861682",3465574,3466329,"6",755
"ERR12861682",3519255,3521364,"6",2109
"ERR12861682",3542895,3547426,"6",4531
"ERR12861682",3570330,3571069,"6",739
"ERR12861682",3613200,3613785,"7",585
"ERR12861682",3629794,3630975,"10",1181
"ERR12861682",3639026,3639990,"10",964
"ERR12861682",3653311,3653768,"9",457
"ERR12861682",3653769,3653904,"10",135
"ERR12861682",3678556,3679543,"10",987
"ERR12861682",3688293,3688842,"6",549
"ERR12861682",3779347,3786270,"1",6923
"ERR12861682",3793149,3794202,"1",1053
"ERR12861682",3857074,3857651,"1",577
"ERR12861682",3861858,3862262,"6",404
"ERR12861682",3880065,3881226,"10",1161
"ERR12861682",3922968,3924055,"7",1087
"ERR12861682",3928097,3930177,"6",2080
"ERR12861682",3948587,3950542,"1",1955
"ERR12861682",3968198,3969753,"10",1555
"ERR12861682",3987548,3988855,"6",1307
"ERR12861682",4004771,4006055,"6",1284
"ERR12861682",4006737,4007276,"7",539
"ERR12861682",4060908,4061422,"10",514
"ERR12861682",4182645,4194131,"2",11486
"ERR12861682",4194132,4197664,"3",3532
"ERR12861517",13940,19830,"7",5890
"ERR12861517",50192,54191,"6",3999
"ERR12861517",54192,55920,"2",1728
"ERR12861517",81107,84061,"2",2954
"ERR12861517",89478,89950,"1",472
"ERR12861517",109577,113356,"6",3779
"ERR12861517",113357,114864,"7",1507
"ERR12861517",114865,116282,"10",1417
"ERR12861517",122319,126978,"7",4659
"ERR12861517",135015,136342,"8",1327
"ERR12861517",162240,164149,"6",1909
"ERR12861517",164150,164721,"8",571
"ERR12861517",167070,168780,"7",1710
"ERR12861517",173263,175244,"6",1981
"ERR12861517",179553,180057,"6",504
"ERR12861517",184050,186638,"7",2588
"ERR12861517",186639,188675,"10",2036
"ERR12861517",188676,188849,"2",173
"ERR12861517",201318,203049,"10",1731
"ERR12861517",203050,204267,"6",1217
"ERR12861517",204268,204996,"1",728
"ERR12861517",209243,210871,"7",1628
"ERR12861517",214114,214753,"6",639
"ERR12861517",223450,224893,"3",1443
"ERR12861517",229790,230862,"4",1072
"ERR12861517",230863,232441,"10",1578
"ERR12861517",235966,237196,"10",1230
"ERR12861517",237197,237570,"7",373
"ERR12861517",237571,241401,"9",3830
"ERR12861517",246813,249210,"8",2397
"ERR12861517",256741,257289,"10",548
"ERR12861517",275693,276563,"3",870
"ERR12861517",286774,289508,"7",2734
"ERR12861517",289509,290070,"10",561
"ERR12861517",304658,305149,"2",491
"ERR12861517",305150,306242,"3",1092
"ERR12861517",314980,317022,"7",2042
"ERR12861517",317023,318525,"10",1502
"ERR12861517",333513,338249,"6",4736
"ERR12861517",339293,341491,"10",2198
"ERR12861517",356869,357534,"6",665
"ERR12861517",357535,358187,"10",652
"ERR12861517",369651,370356,"9",705
"ERR12861517",370357,372400,"6",2043
"ERR12861517",372401,374229,"8",1828
"ERR12861517",383889,391134,"6",7245
"ERR12861517",406756,407644,"4",888
"ERR12861517",409962,410930,"10",968
"ERR12861517",439709,441071,"10",1362
"ERR12861517",442239,444503,"2",2264
"ERR12861517",454981,455851,"2",870
"ERR12861517",470098,471321,"10",1223
"ERR12861517",471390,473353,"6",1963
"ERR12861517",480601,481201,"8",600
"ERR12861517",488391,489095,"4",704
"ERR12861517",492241,496018,"7",3777
"ERR12861517",496019,497270,"10",1251
"ERR12861517",507310,508001,"2",691
"ERR12861517",522207,523646,"6",1439
"ERR12861517",526518,527171,"7",653
"ERR12861517",527172,528206,"3",1034
"ERR12861517",535352,536775,"2",1423
"ERR12861517",542618,543480,"7",862
"ERR12861517",545395,546090,"10",695
"ERR12861517",546091,547978,"4",1887
"ERR12861517",547979,550312,"6",2333
"ERR12861517",552782,555410,"10",2628
"ERR12861517",555411,556453,"1",1042
"ERR12861517",558743,560493,"10",1750
"ERR12861517",591454,592177,"6",723
"ERR12861517",609608,609793,"9",185
"ERR12861517",670334,670787,"3",453
"ERR12861517",675972,679237,"6",3265
"ERR12861517",679238,680377,"8",1139
"ERR12861517",680378,681096,"7",718
"ERR12861517",686118,687370,"10",1252
"ERR12861517",688144,688735,"2",591
"ERR12861517",692086,692507,"10",421
"ERR12861517",692508,694044,"7",1536
"ERR12861517",695398,698766,"10",3368
"ERR12861517",711619,714115,"9",2496
"ERR12861517",716495,718562,"2",2067
"ERR12861517",735245,736281,"4",1036
"ERR12861517",745355,747135,"4",1780
"ERR12861517",753728,754647,"7",919
"ERR12861517",756010,757185,"7",1175
"ERR12861517",764752,765039,"9",287
"ERR12861517",765040,765240,"3",200
"ERR12861517",794410,794647,"10",237
"ERR12861517",800875,801198,"2",323
"ERR12861517",803219,807773,"4",4554
"ERR12861517",809271,809628,"4",357
"ERR12861517",816711,818176,"7",1465
"ERR12861517",825456,825854,"9",398
"ERR12861517",829414,834172,"4",4758
"ERR12861517",834173,834870,"2",697
"ERR12861517",834871,840231,"10",5360
"ERR12861517",854142,856327,"1",2185
"ERR12861517",873732,877525,"10",3793
"ERR12861517",877526,878138,"7",612
"ERR12861517",880826,883891,"2",3065
"ERR12861517",888600,889266,"6",666
"ERR12861517",898655,903904,"7",5249
"ERR12861517",903905,907573,"2",3668
"ERR12861517",943216,944604,"1",1388
"ERR12861517",946702,947693,"10",991
"ERR12861517",947694,954355,"7",6661
"ERR12861517",958907,959491,"6",584
"ERR12861517",959492,960514,"8",1022
"ERR12861517",960515,961138,"1",623
"ERR12861517",967496,969220,"4",1724
"ERR12861517",969783,970953,"10",1170
"ERR12861517",993775,998249,"10",4474
"ERR12861517",1005097,1005727,"9",630
"ERR12861517",1007888,1009417,"10",1529
"ERR12861517",1021684,1023378,"7",1694
"ERR12861517",1032817,1033653,"8",836
"ERR12861517",1033654,1034752,"2",1098
"ERR12861517",1034753,1037309,"8",2556
"ERR12861517",1058469,1058862,"10",393
"ERR12861517",1084061,1087059,"8",2998
"ERR12861517",1094846,1095670,"9",824
"ERR12861517",1103626,1103837,"10",211
"ERR12861517",1108852,1109144,"10",292
"ERR12861517",1110515,1111211,"9",696
"ERR12861517",1114700,1115293,"4",593
"ERR12861517",1116568,1119828,"2",3260
"ERR12861517",1119829,1121501,"6",1672
"ERR12861517",1121895,1123567,"2",1672
"ERR12861517",1126515,1127647,"2",1132
"ERR12861517",1136113,1138095,"8",1982
"ERR12861517",1144687,1146224,"7",1537
"ERR12861517",1149386,1150485,"10",1099
"ERR12861517",1164153,1165582,"8",1429
"ERR12861517",1189666,1190636,"1",970
"ERR12861517",1203095,1203934,"10",839
"ERR12861517",1214879,1215429,"6",550
"ERR12861517",1224848,1226570,"10",1722
"ERR12861517",1231172,1234129,"7",2957
"ERR12861517",1234542,1235165,"7",623
"ERR12861517",1239930,1245079,"4",5149
"ERR12861517",1251606,1252090,"3",484
"ERR12861517",1252877,1254827,"2",1950
"ERR12861517",1257508,1260434,"7",2926
"ERR12861517",1263606,1264848,"7",1242
"ERR12861517",1264849,1267101,"6",2252
"ERR12861517",1267102,1269279,"7",2177
"ERR12861517",1277519,1280844,"2",3325
"ERR12861517",1280845,1285633,"4",4788
"ERR12861517",1285634,1287199,"9",1565
"ERR12861517",1287200,1288700,"10",1500
"ERR12861517",1291818,1295980,"10",4162
"ERR12861517",1295981,1296400,"2",419
"ERR12861517",1300215,1301374,"3",1159
"ERR12861517",1306020,1306176,"3",156
"ERR12861517",1323544,1326797,"6",3253
"ERR12861517",1331583,1332022,"10",439
"ERR12861517",1333081,1334228,"9",1147
"ERR12861517",1334229,1334987,"7",758
"ERR12861517",1334988,1336460,"4",1472
"ERR12861517",1336461,1339168,"2",2707
"ERR12861517",1339758,1343782,"4",4024
"ERR12861517",1346592,1346916,"2",324
"ERR12861517",1346917,1348416,"10",1499
"ERR12861517",1354728,1355966,"9",1238
"ERR12861517",1369877,1371329,"2",1452
"ERR12861517",1375909,1377025,"10",1116
"ERR12861517",1388302,1389113,"10",811
"ERR12861517",1394220,1395817,"2",1597
"ERR12861517",1399440,1400173,"8",733
"ERR12861517",1403598,1406534,"4",2936
"ERR12861517",1406535,1406934,"1",399
"ERR12861517",1409366,1411483,"2",2117
"ERR12861517",1415978,1417901,"8",1923
"ERR12861517",1417902,1421829,"4",3927
"ERR12861517",1456338,1457228,"7",890
"ERR12861517",1473465,1475549,"8",2084
"ERR12861517",1486979,1490600,"10",3621
"ERR12861517",1495365,1496906,"7",1541
"ERR12861517",1496907,1498493,"1",1586
"ERR12861517",1538454,1540649,"10",2195
"ERR12861517",1540650,1541959,"7",1309
"ERR12861517",1541960,1542966,"10",1006
"ERR12861517",1545893,1547659,"4",1766
"ERR12861517",1549560,1552015,"2",2455
"ERR12861517",1552016,1553576,"9",1560
"ERR12861517",1557695,1558599,"6",904
"ERR12861517",1564910,1569338,"7",4428
"ERR12861517",1571025,1571587,"7",562
"ERR12861517",1571588,1572852,"10",1264
"ERR12861517",1572853,1573763,"7",910
"ERR12861517",1583781,1586174,"10",2393
"ERR12861517",1590830,1591561,"1",731
"ERR12861517",1599018,1601398,"2",2380
"ERR12861517",1604657,1606026,"1",1369
"ERR12861517",1606027,1608232,"10",2205
"ERR12861517",1614247,1615734,"9",1487
"ERR12861517",1617613,1621330,"1",3717
"ERR12861517",1634274,1635277,"7",1003
"ERR12861517",1641550,1642374,"8",824
"ERR12861517",1645563,1648626,"3",3063
"ERR12861517",1648627,1650340,"9",1713
"ERR12861517",1651504,1651723,"8",219
"ERR12861517",1651724,1652941,"1",1217
"ERR12861517",1656118,1657157,"7",1039
"ERR12861517",1657158,1658731,"8",1573
"ERR12861517",1665412,1666416,"10",1004
"ERR12861517",1673133,1673462,"9",329
"ERR12861517",1683427,1685175,"9",1748
"ERR12861517",1687219,1687638,"10",419
"ERR12861517",1689868,1690690,"7",822
"ERR12861517",1692141,1694055,"9",1914
"ERR12861517",1697655,1698520,"8",865
"ERR12861517",1698521,1699478,"2",957
"ERR12861517",1699479,1701134,"4",1655
"ERR12861517",1702243,1702327,"6",84
"ERR12861517",1702353,1702454,"6",101
"ERR12861517",1702455,1702634,"10",179
"ERR12861517",1714053,1715154,"10",1101
"ERR12861517",1731457,1732344,"6",887
"ERR12861517",1732345,1733979,"4",1634
"ERR12861517",1742686,1743939,"7",1253
"ERR12861517",1748728,1749768,"2",1040
"ERR12861517",1760525,1761797,"4",1272
"ERR12861517",1761798,1763271,"2",1473
"ERR12861517",1766156,1766872,"2",716
"ERR12861517",1773249,1774621,"10",1372
"ERR12861517",1783154,1784182,"3",1028
"ERR12861517",1795028,1795972,"7",944
"ERR12861517",1806583,1808867,"2",2284
"ERR12861517",1814594,1815830,"2",1236
"ERR12861517",1818172,1818560,"10",388
"ERR12861517",1818561,1826838,"6",8277
"ERR12861517",1826839,1834661,"9",7822
"ERR12861517",1851266,1853393,"10",2127
"ERR12861517",1859341,1866627,"1",7286
"ERR12861517",1868864,1871086,"6",2222
"ERR12861517",1879546,1881734,"4",2188
"ERR12861517",1881735,1884117,"9",2382
"ERR12861517",1884118,1886470,"2",2352
"ERR12861517",1906417,1907409,"10",992
"ERR12861517",1937073,1938808,"10",1735
"ERR12861517",1944732,1945799,"7",1067
"ERR12861517",1959318,1961061,"4",1743
"ERR12861517",1983786,1984525,"2",739
"ERR12861517",1984526,1984924,"10",398
"ERR12861517",1986848,1987931,"8",1083
"ERR12861517",1988364,1990167,"10",1803
"ERR12861517",1996192,1997209,"4",1017
"ERR12861517",1999368,2001023,"8",1655
"ERR12861517",2003595,2004222,"3",627
"ERR12861517",2004223,2004815,"4",592
"ERR12861517",2009050,2011560,"7",2510
"ERR12861517",2011561,2013498,"6",1937
"ERR12861517",2013499,2015051,"4",1552
"ERR12861517",2016825,2020412,"4",3587
"ERR12861517",2020413,2021227,"2",814
"ERR12861517",2024791,2026208,"6",1417
"ERR12861517",2032832,2035165,"6",2333
"ERR12861517",2035166,2036129,"1",963
"ERR12861517",2046477,2048869,"8",2392
"ERR12861517",2051569,2053274,"10",1705
"ERR12861517",2089485,2091254,"2",1769
"ERR12861517",2105921,2108094,"7",2173
"ERR12861517",2170280,2171651,"10",1371
"ERR12861517",2171652,2173541,"7",1889
"ERR12861517",2173542,2174741,"2",1199
"ERR12861517",2196903,2200942,"6",4039
"ERR12861517",2229343,2230263,"8",920
"ERR12861517",2241081,2244606,"10",3525
"ERR12861517",2249363,2250346,"3",983
"ERR12861517",2268046,2270009,"10",1963
"ERR12861517",2270010,2270717,"2",707
"ERR12861517",2274732,2276009,"2",1277
"ERR12861517",2286330,2289470,"2",3140
"ERR12861517",2293409,2294558,"7",1149
"ERR12861517",2301860,2303106,"10",1246
"ERR12861517",2322467,2322794,"7",327
"ERR12861517",2322795,2323376,"6",581
"ERR12861517",2323476,2326050,"9",2574
"ERR12861517",2326051,2328355,"10",2304
"ERR12861517",2328356,2331850,"6",3494
"ERR12861517",2334324,2335310,"8",986
"ERR12861517",2357589,2360194,"9",2605
"ERR12861517",2369443,2372017,"10",2574
"ERR12861517",2372018,2375185,"4",3167
"ERR12861517",2375186,2376342,"3",1156
"ERR12861517",2390402,2394523,"8",4121
"ERR12861517",2400399,2401390,"7",991
"ERR12861517",2404730,2405314,"10",584
"ERR12861517",2414464,2416816,"10",2352
"ERR12861517",2422477,2424550,"4",2073
"ERR12861517",2427213,2428173,"2",960
"ERR12861517",2430546,2431409,"10",863
"ERR12861517",2431410,2431646,"2",236
"ERR12861517",2446830,2448225,"10",1395
"ERR12861517",2467140,2467932,"7",792
"ERR12861517",2471388,2472127,"8",739
"ERR12861517",2472128,2472372,"7",244
"ERR12861517",2481035,2482384,"7",1349
"ERR12861517",2490492,2492262,"4",1770
"ERR12861517",2562984,2563948,"10",964
"ERR12861517",2570730,2571890,"10",1160
"ERR12861517",2573667,2574872,"1",1205
"ERR12861517",2599030,2599549,"2",519
"ERR12861517",2599550,2601597,"6",2047
"ERR12861517",2611866,2613804,"2",1938
"ERR12861517",2621877,2625596,"9",3719
"ERR12861517",2632777,2634146,"4",1369
"ERR12861517",2636258,2637620,"4",1362
"ERR12861517",2645968,2647072,"1",1104
"ERR12861517",2654018,2655707,"1",1689
"ERR12861517",2666488,2667375,"4",887
"ERR12861517",2667376,2669330,"8",1954
"ERR12861517",2674206,2674979,"1",773
"ERR12861517",2678426,2679950,"7",1524
"ERR12861517",2679951,2681950,"8",1999
"ERR12861517",2684256,2688164,"7",3908
"ERR12861517",2694078,2695069,"6",991
"ERR12861517",2698979,2700113,"10",1134
"ERR12861517",2702380,2703066,"6",686
"ERR12861517",2709252,2711531,"9",2279
"ERR12861517",2728910,2735289,"6",6379
"ERR12861517",2738821,2740735,"9",1914
"ERR12861517",2747353,2749708,"10",2355
"ERR12861517",2765066,2767229,"7",2163
"ERR12861517",2767230,2769829,"8",2599
"ERR12861517",2778340,2780143,"2",1803
"ERR12861517",2780757,2782970,"4",2213
"ERR12861517",2794034,2795273,"10",1239
"ERR12861517",2798719,2800195,"6",1476
"ERR12861517",2812935,2820109,"7",7174
"ERR12861517",2823582,2824049,"6",467
"ERR12861517",2827045,2828107,"3",1062
"ERR12861517",2828108,2830320,"2",2212
"ERR12861517",2849256,2854107,"7",4851
"ERR12861517",2859331,2861375,"7",2044
"ERR12861517",2874359,2874893,"2",534
"ERR12861517",2912129,2913978,"7",1849
"ERR12861517",2940000,2943463,"1",3463
"ERR12861517",2943464,2948008,"10",4544
"ERR12861517",2962510,2963717,"1",1207
"ERR12861517",2971477,2973920,"9",2443
"ERR12861517",2979272,2981385,"10",2113
"ERR12861517",3007341,3009014,"2",1673
"ERR12861517",3034482,3037412,"7",2930
"ERR12861517",3045156,3045539,"2",383
"ERR12861517",3049524,3050448,"2",924
"ERR12861517",3053531,3054876,"8",1345
"ERR12861517",3057134,3058919,"2",1785
"ERR12861517",3073654,3075491,"1",1837
"ERR12861517",3075492,3076457,"7",965
"ERR12861517",3108156,3109386,"2",1230
"ERR12861517",3116435,3117564,"7",1129
"ERR12861517",3119639,3122894,"2",3255
"ERR12861517",3123156,3124119,"2",963
"ERR12861517",3155092,3155471,"10",379
"ERR12861517",3160023,3164303,"10",4280
"ERR12861517",3171332,3171752,"2",420
"ERR12861517",3178700,3180683,"7",1983
"ERR12861517",3181881,3185762,"7",3881
"ERR12861517",3185987,3186362,"4",375
"ERR12861517",3197751,3199091,"9",1340
"ERR12861517",3212606,3213271,"4",665
"ERR12861517",3224893,3227452,"6",2559
"ERR12861517",3235523,3237479,"4",1956
"ERR12861517",3242107,3243986,"2",1879
"ERR12861517",3247134,3247895,"7",761
"ERR12861517",3247896,3248512,"6",616
"ERR12861517",3251056,3251502,"8",446
"ERR12861517",3258488,3260994,"7",2506
"ERR12861517",3260995,3264755,"6",3760
"ERR12861517",3264756,3266479,"9",1723
"ERR12861517",3321919,3323006,"2",1087
"ERR12861517",3336455,3336830,"7",375
"ERR12861517",3337013,3338581,"10",1568
"ERR12861517",3348574,3349095,"10",521
"ERR12861517",3352488,3355527,"10",3039
"ERR12861517",3367024,3367876,"4",852
"ERR12861517",3381229,3384098,"2",2869
"ERR12861517",3388989,3392401,"7",3412
"ERR12861517",3397177,3399155,"2",1978
"ERR12861517",3399156,3399650,"6",494
"ERR12861517",3401164,3404050,"1",2886
"ERR12861517",3404429,3405575,"1",1146
"ERR12861517",3441306,3443720,"10",2414
"ERR12861517",3443721,3443791,"7",70
"ERR12861517",3447772,3448419,"10",647
"ERR12861517",3448420,3449098,"7",678
"ERR12861517",3462623,3464146,"4",1523
"ERR12861517",3464147,3464348,"2",201
"ERR12861517",3476449,3479189,"9",2740
"ERR12861517",3480580,3481460,"7",880
"ERR12861517",3483899,3484859,"10",960
"ERR12861517",3489257,3491790,"10",2533
"ERR12861517",3504837,3505648,"10",811
"ERR12861517",3510603,3512978,"1",2375
"ERR12861517",3516266,3517689,"2",1423
"ERR12861517",3534691,3535841,"7",1150
"ERR12861517",3537142,3539256,"10",2114
"ERR12861517",3539257,3541505,"2",2248
"ERR12861517",3547717,3549149,"6",1432
"ERR12861517",3556397,3557111,"10",714
"ERR12861517",3562459,3563640,"2",1181
"ERR12861517",3564197,3566167,"6",1970
"ERR12861517",3572109,3572968,"9",859
"ERR12861517",3572969,3575061,"2",2092
"ERR12861517",3579325,3579673,"7",348
"ERR12861517",3581709,3582624,"6",915
"ERR12861517",3585895,3587353,"4",1458
"ERR12861517",3587354,3588845,"3",1491
"ERR12861517",3610839,3612284,"8",1445
"ERR12861517",3612285,3612363,"10",78
"ERR12861517",3614701,3615645,"10",944
"ERR12861517",3623555,3624508,"10",953
"ERR12861517",3627695,3628593,"1",898
"ERR12861517",3633807,3634850,"10",1043
"ERR12861517",3638860,3639734,"10",874
"ERR12861517",3651859,3657644,"10",5785
"ERR12861517",3657645,3658080,"8",435
"ERR12861517",3663039,3664964,"2",1925
"ERR12861517",3666583,3666824,"6",241
"ERR12861517",3675318,3678157,"7",2839
"ERR12861517",3679989,3680566,"10",577
"ERR12861517",3689074,3689911,"2",837
"ERR12861517",3700800,3702149,"6",1349
"ERR12861517",3715093,3719849,"4",4756
"ERR12861517",3730063,3730942,"1",879
"ERR12861517",3751484,3752406,"10",922
"ERR12861517",3756311,3758515,"9",2204
"ERR12861517",3760834,3761528,"4",694
"ERR12861517",3761722,3764658,"1",2936
"ERR12861517",3764659,3765541,"3",882
"ERR12861517",3765542,3766307,"1",765
"ERR12861517",3767815,3768696,"9",881
"ERR12861517",3792780,3794468,"4",1688
"ERR12861517",3813912,3817713,"9",3801
"ERR12861517",3834533,3836108,"10",1575
"ERR12861517",3843162,3844314,"1",1152
"ERR12861517",3844315,3846025,"8",1710
"ERR12861517",3848081,3848837,"10",756
"ERR12861517",3857150,3857651,"3",501
"ERR12861517",3860856,3861703,"3",847
"ERR12861517",3867691,3868422,"2",731
"ERR12861517",3881838,3886061,"10",4223
"ERR12861517",3886062,3890625,"1",4563
"ERR12861517",3898983,3901087,"4",2104
"ERR12861517",3901088,3901722,"10",634
"ERR12861517",3914340,3916014,"7",1674
"ERR12861517",3916015,3916567,"2",552
"ERR12861517",3927312,3928096,"4",784
"ERR12861517",3930730,3931492,"10",762
"ERR12861517",3957989,3959571,"6",1582
"ERR12861517",3970087,3970701,"7",614
"ERR12861517",3972391,3975085,"10",2694
"ERR12861517",3978087,3978849,"1",762
"ERR12861517",3983999,3987198,"7",3199
"ERR12861517",3991778,3992598,"8",820
"ERR12861517",3992599,3992855,"6",256
"ERR12861517",3992856,3993166,"8",310
"ERR12861517",4009445,4010398,"2",953
"ERR12861517",4010399,4013587,"7",3188
"ERR12861517",4013588,4014123,"6",535
"ERR12861517",4014124,4015889,"2",1765
"ERR12861517",4020118,4020252,"10",134
"ERR12861517",4024493,4025340,"4",847
"ERR12861517",4025341,4026386,"2",1045
"ERR12861517",4026387,4028757,"4",2370
"ERR12861517",4034041,4034404,"3",363
"ERR12861517",4038151,4038463,"9",312
"ERR12861517",4038464,4039672,"6",1208
"ERR12861517",4039673,4040874,"4",1201
"ERR12861517",4042048,4043216,"7",1168
"ERR12861517",4046313,4047062,"1",749
"ERR12861517",4056295,4057049,"6",754
"ERR12861517",4066541,4069999,"4",3458
"ERR12861517",4090298,4091315,"10",1017
"ERR12861517",4113115,4114131,"7",1016
"ERR12861517",4114132,4117085,"6",2953
"ERR12861517",4119562,4123036,"10",3474
"ERR12861517",4123037,4123842,"6",805
"ERR12861517",4226351,4227460,"10",1109
"ERR12861447",21623,22126,"4",503
"ERR12861447",55357,56016,"4",659
"ERR12861447",69593,72300,"6",2707
"ERR12861447",85906,87182,"6",1276
"ERR12861447",110833,112285,"4",1452
"ERR12861447",120024,121144,"4",1120
"ERR12861447",164341,165677,"6",1336
"ERR12861447",166431,167816,"4",1385
"ERR12861447",187007,187977,"9",970
"ERR12861447",187978,188849,"6",871
"ERR12861447",218657,229463,"4",10806
"ERR12861447",232046,232173,"6",127
"ERR12861447",235460,237513,"4",2053
"ERR12861447",255884,256516,"5",632
"ERR12861447",269426,275474,"4",6048
"ERR12861447",305661,306991,"3",1330
"ERR12861447",313188,313920,"5",732
"ERR12861447",340624,341461,"6",837
"ERR12861447",371488,371777,"4",289
"ERR12861447",371778,375102,"6",3324
"ERR12861447",375103,375413,"4",310
"ERR12861447",379474,382034,"10",2560
"ERR12861447",406726,408854,"4",2128
"ERR12861447",484519,485067,"4",548
"ERR12861447",495484,497837,"4",2353
"ERR12861447",517605,518106,"4",501
"ERR12861447",537004,538303,"6",1299
"ERR12861447",548570,549299,"10",729
"ERR12861447",563205,564356,"4",1151
"ERR12861447",567650,569985,"4",2335
"ERR12861447",608182,608986,"4",804
"ERR12861447",652324,652902,"6",578
"ERR12861447",652903,653150,"4",247
"ERR12861447",665645,667668,"4",2023
"ERR12861447",683777,690052,"4",6275
"ERR12861447",716314,719460,"4",3146
"ERR12861447",733412,736652,"4",3240
"ERR12861447",748603,749028,"2",425
"ERR12861447",749029,750426,"5",1397
"ERR12861447",772718,773654,"4",936
"ERR12861447",773655,775257,"6",1602
"ERR12861447",775258,783186,"4",7928
"ERR12861447",783187,784590,"5",1403
"ERR12861447",784591,785303,"3",712
"ERR12861447",785304,786126,"4",822
"ERR12861447",820785,823440,"6",2655
"ERR12861447",837678,838686,"4",1008
"ERR12861447",856706,858981,"4",2275
"ERR12861447",890077,891301,"4",1224
"ERR12861447",895340,896666,"6",1326
"ERR12861447",919498,920919,"4",1421
"ERR12861447",943991,945231,"4",1240
"ERR12861447",969850,970448,"10",598
"ERR12861447",983258,986096,"4",2838
"ERR12861447",1018621,1019533,"5",912
"ERR12861447",1019534,1022175,"4",2641
"ERR12861447",1042077,1042850,"4",773
"ERR12861447",1054131,1055071,"4",940
"ERR12861447",1055072,1057569,"1",2497
"ERR12861447",1068276,1073588,"4",5312
"ERR12861447",1095095,1097115,"4",2020
"ERR12861447",1097116,1101799,"6",4683
"ERR12861447",1101800,1107672,"4",5872
"ERR12861447",1119897,1120972,"4",1075
"ERR12861447",1178716,1179738,"5",1022
"ERR12861447",1186859,1187912,"6",1053
"ERR12861447",1195280,1196577,"6",1297
"ERR12861447",1196578,1198516,"4",1938
"ERR12861447",1198517,1200233,"6",1716
"ERR12861447",1209346,1209882,"10",536
"ERR12861447",1209883,1210115,"9",232
"ERR12861447",1216582,1216623,"9",41
"ERR12861447",1220356,1222465,"9",2109
"ERR12861447",1222466,1223585,"10",1119
"ERR12861447",1262179,1262974,"4",795
"ERR12861447",1265202,1266205,"10",1003
"ERR12861447",1266206,1267101,"4",895
"ERR12861447",1290630,1292337,"1",1707
"ERR12861447",1300313,1301490,"4",1177
"ERR12861447",1306616,1307623,"5",1007
"ERR12861447",1332567,1332949,"9",382
"ERR12861447",1332971,1333002,"9",31
"ERR12861447",1333081,1333295,"4",214
"ERR12861447",1340347,1341770,"4",1423
"ERR12861447",1351339,1352247,"4",908
"ERR12861447",1366276,1366950,"6",674
"ERR12861447",1380164,1381091,"4",927
"ERR12861447",1386911,1389045,"6",2134
"ERR12861447",1389046,1389564,"4",518
"ERR12861447",1399535,1400254,"4",719
"ERR12861447",1400255,1400581,"6",326
"ERR12861447",1434229,1435856,"4",1627
"ERR12861447",1439926,1444626,"5",4700
"ERR12861447",1528340,1529782,"5",1442
"ERR12861447",1553813,1554246,"3",433
"ERR12861447",1554247,1557630,"4",3383
"ERR12861447",1570917,1573550,"6",2633
"ERR12861447",1614142,1615369,"10",1227
"ERR12861447",1621573,1622564,"3",991
"ERR12861447",1622565,1626429,"1",3864
"ERR12861447",1627582,1629597,"6",2015
"ERR12861447",1629598,1632864,"4",3266
"ERR12861447",1639884,1644234,"4",4350
"ERR12861447",1652942,1653524,"6",582
"ERR12861447",1695016,1696165,"4",1149
"ERR12861447",1697376,1700168,"6",2792
"ERR12861447",1703508,1704651,"9",1143
"ERR12861447",1715035,1721331,"4",6296
"ERR12861447",1728343,1728981,"4",638
"ERR12861447",1752051,1758603,"4",6552
"ERR12861447",1760703,1761234,"8",531
"ERR12861447",1761470,1764866,"6",3396
"ERR12861447",1765803,1766872,"3",1069
"ERR12861447",1777166,1779041,"6",1875
"ERR12861447",1780551,1782485,"4",1934
"ERR12861447",1821133,1822189,"6",1056
"ERR12861447",1832029,1839851,"4",7822
"ERR12861447",1849745,1850603,"4",858
"ERR12861447",1882639,1883356,"4",717
"ERR12861447",1893905,1897670,"6",3765
"ERR12861447",1900057,1904494,"4",4437
"ERR12861447",1904495,1905618,"2",1123
"ERR12861447",1905619,1907530,"4",1911
"ERR12861447",1924995,1929338,"10",4343
"ERR12861447",1939506,1942680,"4",3174
"ERR12861447",1952309,1957879,"4",5570
"ERR12861447",1966743,1979747,"4",13004
"ERR12861447",2011393,2012313,"10",920
"ERR12861447",2022541,2024509,"4",1968
"ERR12861447",2042736,2046166,"6",3430
"ERR12861447",2046167,2048673,"4",2506
"ERR12861447",2073595,2074813,"4",1218
"ERR12861447",2093718,2098080,"4",4362
"ERR12861447",2100008,2101236,"10",1228
"ERR12861447",2113193,2113742,"1",549
"ERR12861447",2113743,2113948,"10",205
"ERR12861447",2127978,2132472,"4",4494
"ERR12861447",2136590,2138885,"6",2295
"ERR12861447",2154546,2163669,"4",9123
"ERR12861447",2171278,2171492,"9",214
"ERR12861447",2172604,2177311,"4",4707
"ERR12861447",2186205,2188982,"4",2777
"ERR12861447",2199272,2201584,"6",2312
"ERR12861447",2210155,2211628,"6",1473
"ERR12861447",2221739,2226349,"4",4610
"ERR12861447",2236278,2238065,"4",1787
"ERR12861447",2250615,2251857,"4",1242
"ERR12861447",2254130,2255607,"1",1477
"ERR12861447",2261064,2262633,"10",1569
"ERR12861447",2268046,2274155,"4",6109
"ERR12861447",2293409,2294558,"6",1149
"ERR12861447",2303393,2306912,"6",3519
"ERR12861447",2306913,2307859,"4",946
"ERR12861447",2365039,2366377,"4",1338
"ERR12861447",2379033,2379398,"4",365
"ERR12861447",2388954,2390340,"6",1386
"ERR12861447",2433483,2434487,"6",1004
"ERR12861447",2460100,2462682,"4",2582
"ERR12861447",2467140,2468256,"4",1116
"ERR12861447",2496027,2496962,"4",935
"ERR12861447",2510836,2518579,"4",7743
"ERR12861447",2529290,2531929,"6",2639
"ERR12861447",2559870,2562262,"4",2392
"ERR12861447",2562263,2565555,"1",3292
"ERR12861447",2565556,2567665,"4",2109
"ERR12861447",2570654,2572010,"6",1356
"ERR12861447",2578904,2581522,"6",2618
"ERR12861447",2624994,2625848,"6",854
"ERR12861447",2632777,2636911,"4",4134
"ERR12861447",2642278,2651901,"4",9623
"ERR12861447",2659051,2665699,"4",6648
"ERR12861447",2695131,2696053,"5",922
"ERR12861447",2708836,2711396,"10",2560
"ERR12861447",2715746,2717039,"6",1293
"ERR12861447",2738714,2748220,"4",9506
"ERR12861447",2756677,2759055,"9",2378
"ERR12861447",2761119,2763642,"6",2523
"ERR12861447",2817121,2819262,"4",2141
"ERR12861447",2843505,2854327,"6",10822
"ERR12861447",2908255,2910584,"4",2329
"ERR12861447",2910585,2913255,"6",2670
"ERR12861447",2925461,2927679,"6",2218
"ERR12861447",2931673,2932775,"5",1102
"ERR12861447",2968693,2970450,"6",1757
"ERR12861447",3030286,3031537,"8",1251
"ERR12861447",3063237,3065541,"10",2304
"ERR12861447",3104705,3107861,"6",3156
"ERR12861447",3116374,3118562,"4",2188
"ERR12861447",3169557,3170512,"10",955
"ERR12861447",3192538,3193287,"6",749
"ERR12861447",3194235,3195608,"6",1373
"ERR12861447",3203313,3205581,"6",2268
"ERR12861447",3216540,3222971,"10",6431
"ERR12861447",3247498,3248033,"1",535
"ERR12861447",3250687,3253612,"6",2925
"ERR12861447",3286700,3294047,"6",7347
"ERR12861447",3345104,3346830,"4",1726
"ERR12861447",3357628,3367438,"4",9810
"ERR12861447",3367439,3370150,"10",2711
"ERR12861447",3390695,3392914,"4",2219
"ERR12861447",3400984,3402205,"10",1221
"ERR12861447",3402206,3402388,"4",182
"ERR12861447",3407464,3408169,"8",705
"ERR12861447",3435297,3436162,"4",865
"ERR12861447",3442619,3443955,"6",1336
"ERR12861447",3476449,3477140,"6",691
"ERR12861447",3477141,3478938,"5",1797
"ERR12861447",3490728,3491004,"10",276
"ERR12861447",3496236,3497321,"6",1085
"ERR12861447",3497322,3498422,"10",1100
"ERR12861447",3509063,3512969,"4",3906
"ERR12861447",3519612,3520382,"6",770
"ERR12861447",3522086,3523922,"4",1836
"ERR12861447",3558972,3562388,"4",3416
"ERR12861447",3562389,3566790,"6",4401
"ERR12861447",3610809,3612775,"6",1966
"ERR12861447",3612776,3613691,"4",915
"ERR12861447",3643073,3643520,"9",447
"ERR12861447",3672525,3673586,"10",1061
"ERR12861447",3686346,3687013,"6",667
"ERR12861447",3707605,3709072,"6",1467
"ERR12861447",3783624,3786270,"1",2646
"ERR12861447",3798586,3800471,"6",1885
"ERR12861447",3802499,3806513,"4",4014
"ERR12861447",3831370,3832866,"9",1496
"ERR12861447",3839750,3840896,"10",1146
"ERR12861447",3847017,3848245,"4",1228
"ERR12861447",3869977,3872416,"8",2439
"ERR12861447",3880116,3883049,"5",2933
"ERR12861447",3888765,3890625,"1",1860
"ERR12861447",3919070,3922682,"4",3612
"ERR12861447",3955250,3956636,"6",1386
"ERR12861447",3975283,3977985,"4",2702
"ERR12861447",4085296,4087811,"1",2515
"ERR12861447",4117229,4118391,"4",1162
"ERR12861447",4226278,4234560,"4",8282
"ERR12861519",87499,89644,"6",2145
"ERR12861519",89645,97337,"4",7692
"ERR12861519",97338,99221,"5",1883
"ERR12861519",99222,100052,"4",830
"ERR12861519",100053,100382,"5",329
"ERR12861519",100383,104390,"4",4007
"ERR12861519",104391,105676,"10",1285
"ERR12861519",282783,286112,"10",3329
"ERR12861519",286113,290242,"6",4129
"ERR12861519",290243,292127,"10",1884
"ERR12861519",292128,293994,"6",1866
"ERR12861519",296286,302987,"6",6701
"ERR12861519",302988,303651,"3",663
"ERR12861519",303652,304302,"5",650
"ERR12861519",304303,306358,"4",2055
"ERR12861519",396792,400532,"6",3740
"ERR12861519",400533,408945,"4",8412
"ERR12861519",688998,690491,"4",1493
"ERR12861519",690492,693906,"6",3414
"ERR12861519",834816,836093,"6",1277
"ERR12861519",836094,837123,"9",1029
"ERR12861519",837124,839807,"5",2683
"ERR12861519",895436,897256,"10",1820
"ERR12861519",897257,899685,"5",2428
"ERR12861519",899686,900761,"6",1075
"ERR12861519",960413,966733,"5",6320
"ERR12861519",966734,968637,"7",1903
"ERR12861519",968638,969220,"4",582
"ERR12861519",969746,970901,"6",1155
"ERR12861519",970902,971912,"5",1010
"ERR12861519",987050,990621,"4",3571
"ERR12861519",990622,991036,"5",414
"ERR12861519",991037,992883,"6",1846
"ERR12861519",992884,993991,"5",1107
"ERR12861519",993992,994830,"3",838
"ERR12861519",1046575,1048826,"6",2251
"ERR12861519",1048827,1053628,"4",4801
"ERR12861519",1053629,1058077,"5",4448
"ERR12861519",1058078,1060092,"10",2014
"ERR12861519",1060093,1060877,"5",784
"ERR12861519",1102023,1102482,"10",459
"ERR12861519",1160519,1162331,"10",1812
"ERR12861519",1162332,1164115,"5",1783
"ERR12861519",1164116,1165877,"6",1761
"ERR12861519",1228264,1229256,"9",992
"ERR12861519",1229257,1231997,"5",2740
"ERR12861519",1248708,1252939,"6",4231
"ERR12861519",1252940,1256528,"10",3588
"ERR12861519",1256529,1258387,"4",1858
"ERR12861519",1291818,1292401,"10",583
"ERR12861519",1292402,1294949,"5",2547
"ERR12861519",1294950,1296592,"7",1642
"ERR12861519",1297838,1300214,"5",2376
"ERR12861519",1351768,1352247,"10",479
"ERR12861519",1353674,1358891,"6",5217
"ERR12861519",1411732,1415029,"6",3297
"ERR12861519",1415030,1417901,"5",2871
"ERR12861519",1417902,1418853,"3",951
"ERR12861519",1418854,1420234,"10",1380
"ERR12861519",1420349,1421904,"4",1555
"ERR12861519",1421905,1427711,"6",5806
"ERR12861519",1587776,1590829,"5",3053
"ERR12861519",1590830,1595233,"4",4403
"ERR12861519",1595234,1596203,"6",969
"ERR12861519",1596204,1599254,"4",3050
"ERR12861519",1599255,1600827,"1",1572
"ERR12861519",1600828,1604433,"6",3605
"ERR12861519",1651240,1666548,"6",15308
"ERR12861519",1704063,1707342,"4",3279
"ERR12861519",1707343,1711047,"10",3704
"ERR12861519",1728690,1731415,"6",2725
"ERR12861519",1817649,1827375,"6",9726
"ERR12861519",1877947,1878429,"6",482
"ERR12861519",1878430,1880856,"10",2426
"ERR12861519",1880857,1883356,"6",2499
"ERR12861519",1883357,1886874,"5",3517
"ERR12861519",1909506,1911560,"3",2054
"ERR12861519",1911561,1919899,"5",8338
"ERR12861519",2065841,2066835,"4",994
"ERR12861519",2066836,2072317,"5",5481
"ERR12861519",2072318,2076003,"4",3685
"ERR12861519",2160642,2164351,"5",3709
"ERR12861519",2268179,2271353,"5",3174
"ERR12861519",2271354,2278430,"10",7076
"ERR12861519",2325667,2328798,"4",3131
"ERR12861519",2362019,2364955,"6",2936
"ERR12861519",2364956,2366232,"4",1276
"ERR12861519",2366233,2366619,"1",386
"ERR12861519",2366620,2369143,"6",2523
"ERR12861519",2369144,2370781,"4",1637
"ERR12861519",2370782,2372324,"6",1542
"ERR12861519",2372325,2373583,"4",1258
"ERR12861519",2499015,2499342,"6",327
"ERR12861519",2499343,2500091,"1",748
"ERR12861519",2511344,2512083,"3",739
"ERR12861519",2512084,2514453,"6",2369
"ERR12861519",2514454,2517007,"4",2553
"ERR12861519",2526317,2532411,"6",6094
"ERR12861519",2549137,2562847,"6",13710
"ERR12861519",2562848,2566091,"5",3243
"ERR12861519",2566092,2567895,"1",1803
"ERR12861519",2567896,2569663,"4",1767
"ERR12861519",2569664,2571890,"6",2226
"ERR12861519",2584094,2587050,"5",2956
"ERR12861519",2587051,2588581,"10",1530
"ERR12861519",2588582,2590297,"6",1715
"ERR12861519",2594759,2595491,"10",732
"ERR12861519",2599383,2602093,"6",2710
"ERR12861519",2614000,2616232,"6",2232
"ERR12861519",2616233,2617027,"3",794
"ERR12861519",2617028,2621048,"5",4020
"ERR12861519",2647126,2648501,"4",1375
"ERR12861519",2648502,2649913,"10",1411
"ERR12861519",2752143,2755081,"6",2938
"ERR12861519",2756677,2759629,"4",2952
"ERR12861519",2759630,2766180,"6",6550
"ERR12861519",2798291,2801206,"6",2915
"ERR12861519",2801207,2801392,"10",185
"ERR12861519",2801989,2803960,"4",1971
"ERR12861519",2809204,2811304,"1",2100
"ERR12861519",2924346,2925054,"4",708
"ERR12861519",2925055,2928311,"6",3256
"ERR12861519",2928312,2929957,"5",1645
"ERR12861519",2938941,2946867,"10",7926
"ERR12861519",2946868,2947621,"7",753
"ERR12861519",2947622,2949408,"4",1786
"ERR12861519",2968069,2981998,"6",13929
"ERR12861519",2991154,2996064,"6",4910
"ERR12861519",2996237,2998395,"6",2158
"ERR12861519",3032170,3037304,"6",5134
"ERR12861519",3037305,3040448,"1",3143
"ERR12861519",3040449,3045327,"6",4878
"ERR12861519",3046855,3049300,"5",2445
"ERR12861519",3049301,3051033,"4",1732
"ERR12861519",3062515,3064337,"5",1822
"ERR12861519",3064338,3069064,"6",4726
"ERR12861519",3072486,3072934,"1",448
"ERR12861519",3128803,3134515,"9",5712
"ERR12861519",3134516,3136193,"10",1677
"ERR12861519",3136194,3139441,"4",3247
"ERR12861519",3146978,3147457,"1",479
"ERR12861519",3147458,3147805,"4",347
"ERR12861519",3147806,3149695,"1",1889
"ERR12861519",3149696,3151156,"4",1460
"ERR12861519",3153219,3155564,"4",2345
"ERR12861519",3178447,3180475,"1",2028
"ERR12861519",3180476,3184369,"5",3893
"ERR12861519",3231766,3238480,"5",6714
"ERR12861519",3238481,3241681,"10",3200
"ERR12861519",3244772,3245966,"3",1194
"ERR12861519",3245967,3247586,"6",1619
"ERR12861519",3272153,3280239,"5",8086
"ERR12861519",3326103,3337561,"5",11458
"ERR12861519",3337562,3342196,"6",4634
"ERR12861519",3345349,3349461,"6",4112
"ERR12861519",3350549,3352252,"4",1703
"ERR12861519",3352253,3355643,"5",3390
"ERR12861519",3355644,3358079,"6",2435
"ERR12861519",3358080,3359632,"10",1552
"ERR12861519",3359633,3366925,"4",7292
"ERR12861519",3374717,3386521,"6",11804
"ERR12861519",3386522,3396300,"4",9778
"ERR12861519",3396301,3396800,"5",499
"ERR12861519",3402691,3406814,"7",4123
"ERR12861519",3428616,3433032,"5",4416
"ERR12861519",3433033,3436781,"4",3748
"ERR12861519",3436782,3439598,"7",2816
"ERR12861519",3439599,3441963,"5",2364
"ERR12861519",3461834,3462802,"5",968
"ERR12861519",3462803,3464691,"6",1888
"ERR12861519",3464692,3465059,"5",367
"ERR12861519",3465060,3466329,"7",1269
"ERR12861519",3466330,3473282,"10",6952
"ERR12861519",3499389,3500541,"5",1152
"ERR12861519",3534316,3535506,"4",1190
"ERR12861519",3535507,3538257,"1",2750
"ERR12861519",3538258,3542504,"5",4246
"ERR12861519",3564450,3565965,"1",1515
"ERR12861519",3565966,3566963,"4",997
"ERR12861519",3568218,3568506,"5",288
"ERR12861519",3568507,3569608,"4",1101
"ERR12861519",3569609,3570380,"1",771
"ERR12861519",3570381,3571313,"10",932
"ERR12861519",3571314,3573835,"6",2521
"ERR12861519",3573836,3574901,"9",1065
"ERR12861519",3574962,3579755,"4",4793
"ERR12861519",3579756,3581743,"6",1987
"ERR12861519",3581744,3583256,"4",1512
"ERR12861519",3589993,3591416,"6",1423
"ERR12861519",3591417,3597929,"4",6512
"ERR12861519",3600484,3607019,"4",6535
"ERR12861519",3607020,3607841,"5",821
"ERR12861519",3644186,3645201,"5",1015
"ERR12861519",3645202,3648155,"4",2953
"ERR12861519",3668919,3672200,"6",3281
"ERR12861519",3672334,3674105,"4",1771
"ERR12861519",3674106,3677680,"6",3574
"ERR12861519",3677681,3678516,"10",835
"ERR12861519",3678517,3679611,"6",1094
"ERR12861519",3679612,3683745,"5",4133
"ERR12861519",3730024,3730855,"10",831
"ERR12861519",3730856,3731785,"6",929
"ERR12861519",3750988,3754929,"6",3941
"ERR12861519",3754930,3758140,"7",3210
"ERR12861519",3758141,3758240,"6",99
"ERR12861519",3758241,3760833,"5",2592
"ERR12861519",3763676,3766414,"7",2738
"ERR12861519",3766415,3767098,"5",683
"ERR12861519",3767099,3774212,"6",7113
"ERR12861519",3800055,3803047,"5",2992
"ERR12861519",3803048,3804502,"6",1454
"ERR12861519",3804503,3806589,"4",2086
"ERR12861519",3806590,3807127,"6",537
"ERR12861519",3807128,3808859,"10",1731
"ERR12861519",3808860,3810659,"6",1799
"ERR12861519",3818928,3823390,"6",4462
"ERR12861519",3823391,3825066,"10",1675
"ERR12861519",3825067,3829659,"4",4592
"ERR12861519",3896631,3898294,"7",1663
"ERR12861519",3898295,3900946,"6",2651
"ERR12861519",3911169,3912560,"5",1391
"ERR12861519",3912561,3912832,"4",271
"ERR12861519",3921441,3922928,"5",1487
"ERR12861519",3922929,3924326,"6",1397
"ERR12861519",3924327,3925675,"10",1348
"ERR12861519",3925676,3927084,"6",1408
"ERR12861519",3927085,3930446,"10",3361
"ERR12861519",3931312,3931845,"10",533
"ERR12861519",3931846,3934636,"5",2790
"ERR12861519",3934637,3936232,"10",1595
"ERR12861519",3979990,3983057,"10",3067
"ERR12861519",3983058,3986577,"4",3519
"ERR12861519",3986578,3987893,"5",1315
"ERR12861519",3987894,3989239,"4",1345
"ERR12861519",3989240,3989865,"6",625
"ERR12861519",3991871,3995946,"4",4075
"ERR12861519",4000222,4001249,"6",1027
"ERR12861519",4001250,4002145,"4",895
"ERR12861519",4002146,4003230,"5",1084
"ERR12861519",4003231,4004267,"10",1036
"ERR12861519",4004268,4006202,"6",1934
"ERR12861519",4006203,4006736,"10",533
"ERR12861519",4133554,4135521,"5",1967
"ERR12861519",4144854,4149296,"5",4442
"ERR12861519",4240384,4243707,"7",3323
"ERR12861519",4243708,4244370,"3",662
"DRR286166",3542,3837,"1",295
"DRR286166",24058,24698,"1",640
"DRR286166",48138,49403,"7",1265
"DRR286166",51350,52457,"10",1107
"DRR286166",54134,66272,"9",12138
"DRR286166",66273,67649,"10",1376
"DRR286166",69455,72300,"3",2845
"DRR286166",72301,75325,"9",3024
"DRR286166",75326,78677,"3",3351
"DRR286166",80095,85678,"3",5583
"DRR286166",97728,98109,"6",381
"DRR286166",99222,107485,"9",8263
"DRR286166",107486,110520,"10",3034
"DRR286166",116695,122318,"9",5623
"DRR286166",122319,124394,"10",2075
"DRR286166",155799,156219,"3",420
"DRR286166",160777,164149,"9",3372
"DRR286166",164150,168997,"7",4847
"DRR286166",168998,171242,"9",2244
"DRR286166",174723,175105,"9",382
"DRR286166",175106,176507,"1",1401
"DRR286166",176508,179552,"9",3044
"DRR286166",180618,183731,"10",3113
"DRR286166",183732,191615,"9",7883
"DRR286166",198007,202854,"10",4847
"DRR286166",202855,203387,"3",532
"DRR286166",203388,203585,"9",197
"DRR286166",203586,204417,"10",831
"DRR286166",226117,226605,"10",488
"DRR286166",229015,229890,"3",875
"DRR286166",236053,238347,"9",2294
"DRR286166",255198,256151,"5",953
"DRR286166",256152,261592,"9",5440
"DRR286166",267153,271571,"9",4418
"DRR286166",273499,275692,"10",2193
"DRR286166",282894,283631,"3",737
"DRR286166",286683,287753,"7",1070
"DRR286166",300436,301916,"1",1480
"DRR286166",301917,304495,"9",2578
"DRR286166",311389,314610,"9",3221
"DRR286166",325541,325733,"1",192
"DRR286166",325734,331957,"9",6223
"DRR286166",363680,364280,"5",600
"DRR286166",364281,365190,"7",909
"DRR286166",365191,366823,"9",1632
"DRR286166",369822,370242,"3",420
"DRR286166",379423,381976,"10",2553
"DRR286166",381977,384311,"3",2334
"DRR286166",387346,387830,"10",484
"DRR286166",388384,392096,"9",3712
"DRR286166",398005,400444,"6",2439
"DRR286166",402061,404880,"9",2819
"DRR286166",415030,427942,"9",12912
"DRR286166",433846,434843,"9",997
"DRR286166",441814,442433,"7",619
"DRR286166",442434,443135,"10",701
"DRR286166",445469,446906,"4",1437
"DRR286166",446907,456738,"9",9831
"DRR286166",456739,458696,"10",1957
"DRR286166",467374,471606,"9",4232
"DRR286166",474941,482402,"9",7461
"DRR286166",482403,484056,"4",1653
"DRR286166",484255,484997,"9",742
"DRR286166",498249,501072,"3",2823
"DRR286166",506111,517333,"9",11222
"DRR286166",522724,526031,"7",3307
"DRR286166",526126,531383,"1",5257
"DRR286166",531384,532545,"6",1161
"DRR286166",532546,534835,"7",2289
"DRR286166",534836,535159,"3",323
"DRR286166",538100,540665,"9",2565
"DRR286166",543794,554277,"9",10483
"DRR286166",558206,558636,"10",430
"DRR286166",559313,559867,"7",554
"DRR286166",568433,578039,"9",9606
"DRR286166",595752,597896,"9",2144
"DRR286166",599574,602051,"10",2477
"DRR286166",602052,602900,"3",848
"DRR286166",614687,615954,"6",1267
"DRR286166",616949,621323,"9",4374
"DRR286166",649653,651582,"9",1929
"DRR286166",651583,653006,"3",1423
"DRR286166",663348,665528,"1",2180
"DRR286166",668492,669065,"10",573
"DRR286166",677721,681128,"3",3407
"DRR286166",703543,704810,"3",1267
"DRR286166",708172,710262,"1",2090
"DRR286166",710263,713302,"6",3039
"DRR286166",713303,714538,"3",1235
"DRR286166",717170,723597,"9",6427
"DRR286166",746561,747904,"1",1343
"DRR286166",747905,749028,"7",1123
"DRR286166",758925,761520,"7",2595
"DRR286166",762614,764666,"7",2052
"DRR286166",764667,765416,"10",749
"DRR286166",777711,779567,"3",1856
"DRR286166",779568,787160,"9",7592
"DRR286166",787161,790047,"10",2886
"DRR286166",797554,800745,"6",3191
"DRR286166",801661,803912,"9",2251
"DRR286166",834761,841121,"9",6360
"DRR286166",843834,844157,"3",323
"DRR286166",848678,851814,"9",3136
"DRR286166",851815,853248,"2",1433
"DRR286166",860362,861561,"10",1199
"DRR286166",861562,862912,"9",1350
"DRR286166",871020,874700,"9",3680
"DRR286166",874701,875956,"2",1255
"DRR286166",876033,876884,"3",851
"DRR286166",876885,878531,"9",1646
"DRR286166",890763,891026,"6",263
"DRR286166",906936,908016,"10",1080
"DRR286166",915701,916450,"10",749
"DRR286166",925419,925591,"6",172
"DRR286166",926026,928255,"9",2229
"DRR286166",943166,945654,"5",2488
"DRR286166",945655,947620,"7",1965
"DRR286166",951137,955336,"1",4199
"DRR286166",968783,971580,"1",2797
"DRR286166",972482,974844,"7",2362
"DRR286166",978685,979633,"10",948
"DRR286166",979634,983257,"9",3623
"DRR286166",988924,990720,"9",1796
"DRR286166",996818,998249,"9",1431
"DRR286166",1003330,1005884,"9",2554
"DRR286166",1005885,1008630,"3",2745
"DRR286166",1015324,1016429,"10",1105
"DRR286166",1016430,1017299,"3",869
"DRR286166",1017300,1019533,"7",2233
"DRR286166",1019534,1020604,"9",1070
"DRR286166",1020605,1022781,"10",2176
"DRR286166",1022782,1027748,"3",4966
"DRR286166",1048584,1049998,"4",1414
"DRR286166",1052493,1053540,"7",1047
"DRR286166",1053541,1057926,"10",4385
"DRR286166",1057927,1071788,"9",13861
"DRR286166",1076117,1077517,"3",1400
"DRR286166",1077518,1081272,"9",3754
"DRR286166",1085853,1086184,"7",331
"DRR286166",1087338,1090094,"3",2756
"DRR286166",1090095,1092136,"7",2041
"DRR286166",1094846,1095639,"3",793
"DRR286166",1116853,1118207,"10",1354
"DRR286166",1118208,1123567,"9",5359
"DRR286166",1134687,1134779,"9",92
"DRR286166",1136029,1138134,"3",2105
"DRR286166",1157612,1159709,"9",2097
"DRR286166",1159710,1162344,"2",2634
"DRR286166",1170427,1174705,"9",4278
"DRR286166",1177246,1183197,"9",5951
"DRR286166",1184518,1186834,"4",2316
"DRR286166",1196578,1203906,"3",7328
"DRR286166",1203907,1204318,"4",411
"DRR286166",1204319,1205259,"6",940
"DRR286166",1216541,1217265,"9",724
"DRR286166",1222728,1223652,"4",924
"DRR286166",1223653,1224755,"10",1102
"DRR286166",1227919,1231045,"9",3126
"DRR286166",1231046,1232918,"7",1872
"DRR286166",1244449,1245079,"10",630
"DRR286166",1247811,1249288,"7",1477
"DRR286166",1249289,1252090,"10",2801
"DRR286166",1252091,1252466,"6",375
"DRR286166",1259740,1260999,"7",1259
"DRR286166",1262642,1269055,"9",6413
"DRR286166",1271499,1277383,"9",5884
"DRR286166",1288927,1291235,"3",2308
"DRR286166",1296866,1299514,"3",2648
"DRR286166",1300215,1302734,"4",2519
"DRR286166",1306067,1307777,"7",1710
"DRR286166",1307778,1309547,"3",1769
"DRR286166",1319669,1326071,"9",6402
"DRR286166",1329252,1332387,"1",3135
"DRR286166",1332388,1334480,"7",2092
"DRR286166",1334481,1335126,"10",645
"DRR286166",1338117,1341550,"10",3433
"DRR286166",1341551,1341826,"1",275
"DRR286166",1348497,1350232,"9",1735
"DRR286166",1362884,1365516,"9",2632
"DRR286166",1372891,1374244,"7",1353
"DRR286166",1375909,1381203,"10",5294
"DRR286166",1381204,1388301,"9",7097
"DRR286166",1388302,1389950,"3",1648
"DRR286166",1398556,1401474,"9",2918
"DRR286166",1405842,1408495,"3",2653
"DRR286166",1408496,1414149,"9",5653
"DRR286166",1414150,1415673,"3",1523
"DRR286166",1424123,1433827,"9",9704
"DRR286166",1464159,1466595,"10",2436
"DRR286166",1476516,1477814,"9",1298
"DRR286166",1477815,1479182,"1",1367
"DRR286166",1480780,1481347,"6",567
"DRR286166",1488390,1489923,"4",1533
"DRR286166",1495365,1496906,"6",1541
"DRR286166",1498735,1499638,"9",903
"DRR286166",1513019,1517724,"9",4705
"DRR286166",1524799,1527421,"9",2622
"DRR286166",1527422,1528908,"6",1486
"DRR286166",1538665,1545296,"10",6631
"DRR286166",1546774,1547659,"9",885
"DRR286166",1552909,1555893,"3",2984
"DRR286166",1555894,1559764,"9",3870
"DRR286166",1559765,1560679,"10",914
"DRR286166",1565241,1566478,"10",1237
"DRR286166",1566479,1569338,"3",2859
"DRR286166",1592961,1595566,"3",2605
"DRR286166",1614187,1617612,"9",3425
"DRR286166",1621331,1623575,"9",2244
"DRR286166",1632689,1632995,"3",306
"DRR286166",1639794,1642374,"3",2580
"DRR286166",1642375,1647289,"9",4914
"DRR286166",1677779,1681021,"9",3242
"DRR286166",1689966,1695249,"1",5283
"DRR286166",1698641,1699778,"3",1137
"DRR286166",1712980,1714929,"9",1949
"DRR286166",1714930,1715912,"4",982
"DRR286166",1715913,1716361,"2",448
"DRR286166",1716362,1718906,"10",2544
"DRR286166",1721472,1723767,"9",2295
"DRR286166",1735116,1735723,"6",607
"DRR286166",1736027,1740865,"10",4838
"DRR286166",1753590,1754122,"7",532
"DRR286166",1761556,1763121,"1",1565
"DRR286166",1765625,1769066,"1",3441
"DRR286166",1777276,1778892,"9",1616
"DRR286166",1781500,1783468,"1",1968
"DRR286166",1793825,1799175,"9",5350
"DRR286166",1804099,1809105,"9",5006
"DRR286166",1831233,1835804,"9",4571
"DRR286166",1841786,1844346,"9",2560
"DRR286166",1851266,1852793,"9",1527
"DRR286166",1856642,1857335,"3",693
"DRR286166",1862453,1863862,"10",1409
"DRR286166",1864989,1866556,"7",1567
"DRR286166",1866557,1872802,"9",6245
"DRR286166",1873424,1883356,"9",9932
"DRR286166",1886681,1888391,"9",1710
"DRR286166",1893133,1893932,"9",799
"DRR286166",1893933,1895121,"7",1188
"DRR286166",1896236,1897538,"3",1302
"DRR286166",1899091,1915971,"9",16880
"DRR286166",1919099,1921457,"9",2358
"DRR286166",1921458,1925071,"3",3613
"DRR286166",1925072,1926025,"1",953
"DRR286166",1935077,1938698,"10",3621
"DRR286166",1945968,1947421,"3",1453
"DRR286166",1963498,1964094,"3",596
"DRR286166",1964095,1968134,"10",4039
"DRR286166",1968135,1980428,"9",12293
"DRR286166",1994796,1996072,"3",1276
"DRR286166",1996073,1998519,"9",2446
"DRR286166",2003958,2004222,"9",264
"DRR286166",2004223,2004815,"3",592
"DRR286166",2011260,2016053,"9",4793
"DRR286166",2016054,2017231,"3",1177
"DRR286166",2017232,2019975,"9",2743
"DRR286166",2019976,2021326,"7",1350
"DRR286166",2021327,2022189,"6",862
"DRR286166",2023966,2027537,"9",3571
"DRR286166",2027538,2028466,"6",928
"DRR286166",2028467,2031404,"9",2937
"DRR286166",2044252,2046166,"9",1914
"DRR286166",2089899,2091218,"3",1319
"DRR286166",2093596,2096268,"7",2672
"DRR286166",2096269,2101134,"9",4865
"DRR286166",2102321,2106697,"9",4376
"DRR286166",2110893,2113129,"9",2236
"DRR286166",2113130,2114050,"6",920
"DRR286166",2126722,2127314,"3",592
"DRR286166",2151437,2153414,"6",1977
"DRR286166",2153415,2155343,"10",1928
"DRR286166",2170542,2172691,"7",2149
"DRR286166",2172692,2175314,"9",2622
"DRR286166",2175315,2176661,"3",1346
"DRR286166",2178818,2180792,"3",1974
"DRR286166",2180793,2183187,"9",2394
"DRR286166",2197083,2200645,"3",3562
"DRR286166",2216888,2223981,"9",7093
"DRR286166",2223982,2226280,"10",2298
"DRR286166",2226303,2227324,"3",1021
"DRR286166",2230774,2232784,"9",2010
"DRR286166",2233190,2237928,"10",4738
"DRR286166",2276543,2293844,"9",17301
"DRR286166",2297026,2305426,"9",8400
"DRR286166",2306913,2308134,"7",1221
"DRR286166",2308135,2308988,"3",853
"DRR286166",2338419,2342454,"3",4035
"DRR286166",2358825,2360194,"3",1369
"DRR286166",2365282,2367747,"3",2465
"DRR286166",2367748,2368029,"10",281
"DRR286166",2379853,2380247,"10",394
"DRR286166",2381342,2383594,"6",2252
"DRR286166",2400053,2401645,"3",1592
"DRR286166",2410393,2411669,"3",1276
"DRR286166",2413225,2417084,"9",3859
"DRR286166",2419029,2422550,"6",3521
"DRR286166",2424551,2428108,"9",3557
"DRR286166",2429749,2434882,"9",5133
"DRR286166",2444131,2446757,"1",2626
"DRR286166",2446758,2448152,"10",1394
"DRR286166",2451788,2454329,"9",2541
"DRR286166",2454330,2455289,"7",959
"DRR286166",2460759,2461712,"3",953
"DRR286166",2461713,2463890,"10",2177
"DRR286166",2463891,2466738,"3",2847
"DRR286166",2466739,2468106,"7",1367
"DRR286166",2482502,2483597,"3",1095
"DRR286166",2484411,2486473,"3",2062
"DRR286166",2492497,2495129,"3",2632
"DRR286166",2495130,2497129,"9",1999
"DRR286166",2497130,2500363,"10",3233
"DRR286166",2538098,2539341,"7",1243
"DRR286166",2539342,2542845,"9",3503
"DRR286166",2542846,2546483,"3",3637
"DRR286166",2555397,2562983,"9",7586
"DRR286166",2562984,2565555,"10",2571
"DRR286166",2566670,2573360,"9",6690
"DRR286166",2593774,2594195,"3",421
"DRR286166",2594269,2595684,"10",1415
"DRR286166",2595685,2598214,"2",2529
"DRR286166",2598215,2600540,"9",2325
"DRR286166",2600541,2601390,"3",849
"DRR286166",2605650,2606871,"7",1221
"DRR286166",2613115,2614084,"9",969
"DRR286166",2614828,2617803,"7",2975
"DRR286166",2620893,2622699,"3",1806
"DRR286166",2622700,2623666,"4",966
"DRR286166",2639094,2643243,"3",4149
"DRR286166",2652437,2654017,"10",1580
"DRR286166",2659926,2661489,"9",1563
"DRR286166",2661490,2663221,"5",1731
"DRR286166",2663222,2663661,"3",439
"DRR286166",2667227,2671294,"9",4067
"DRR286166",2676309,2677796,"10",1487
"DRR286166",2677797,2682563,"9",4766
"DRR286166",2682799,2687587,"9",4788
"DRR286166",2706569,2713090,"9",6521
"DRR286166",2713091,2714294,"3",1203
"DRR286166",2716780,2721512,"5",4732
"DRR286166",2745193,2748174,"3",2981
"DRR286166",2751330,2758798,"9",7468
"DRR286166",2771354,2772558,"3",1204
"DRR286166",2794110,2797991,"3",3881
"DRR286166",2803086,2808634,"3",5548
"DRR286166",2819916,2823285,"9",3369
"DRR286166",2823286,2824196,"3",910
"DRR286166",2824786,2830835,"1",6049
"DRR286166",2830836,2831676,"2",840
"DRR286166",2831677,2833232,"9",1555
"DRR286166",2833233,2834126,"3",893
"DRR286166",2869016,2869885,"3",869
"DRR286166",2900195,2905734,"9",5539
"DRR286166",2905735,2906310,"10",575
"DRR286166",2908283,2915176,"9",6893
"DRR286166",2915177,2920909,"6",5732
"DRR286166",2924548,2930035,"3",5487
"DRR286166",2930036,2934526,"9",4490
"DRR286166",2943626,2946038,"3",2412
"DRR286166",2946039,2946867,"7",828
"DRR286166",2949409,2950552,"1",1143
"DRR286166",2958086,2959259,"10",1173
"DRR286166",2965298,2968589,"9",3291
"DRR286166",2968590,2971269,"5",2679
"DRR286166",2972869,2973823,"3",954
"DRR286166",2982551,2989213,"9",6662
"DRR286166",3007371,3009322,"3",1951
"DRR286166",3009323,3011278,"9",1955
"DRR286166",3011279,3016353,"3",5074
"DRR286166",3016354,3017721,"6",1367
"DRR286166",3019814,3020172,"10",358
"DRR286166",3023530,3025714,"10",2184
"DRR286166",3033092,3035554,"5",2462
"DRR286166",3045435,3047356,"7",1921
"DRR286166",3047357,3049083,"9",1726
"DRR286166",3049084,3051852,"3",2768
"DRR286166",3057925,3063155,"3",5230
"DRR286166",3065542,3069064,"1",3522
"DRR286166",3098266,3100630,"10",2364
"DRR286166",3109511,3121154,"9",11643
"DRR286166",3135209,3151156,"9",15947
"DRR286166",3153153,3153653,"10",500
"DRR286166",3153654,3154802,"7",1148
"DRR286166",3157987,3160662,"1",2675
"DRR286166",3177579,3178628,"5",1049
"DRR286166",3184009,3190017,"9",6008
"DRR286166",3204849,3205581,"3",732
"DRR286166",3205582,3206522,"9",940
"DRR286166",3214857,3215475,"9",618
"DRR286166",3219513,3233477,"9",13964
"DRR286166",3235093,3237419,"3",2326
"DRR286166",3237420,3239643,"10",2223
"DRR286166",3249540,3252204,"3",2664
"DRR286166",3252205,3254282,"10",2077
"DRR286166",3255856,3256643,"3",787
"DRR286166",3256644,3261104,"10",4460
"DRR286166",3261631,3268716,"1",7085
"DRR286166",3307287,3310093,"3",2806
"DRR286166",3332839,3335053,"3",2214
"DRR286166",3341790,3343958,"4",2168
"DRR286166",3343959,3344915,"7",956
"DRR286166",3344916,3349030,"10",4114
"DRR286166",3349031,3356068,"9",7037
"DRR286166",3370151,3370978,"2",827
"DRR286166",3373521,3375198,"3",1677
"DRR286166",3375199,3384355,"10",9156
"DRR286166",3387225,3387966,"4",741
"DRR286166",3397065,3399924,"9",2859
"DRR286166",3399925,3400983,"10",1058
"DRR286166",3400984,3402438,"5",1454
"DRR286166",3406872,3407753,"5",881
"DRR286166",3407754,3413287,"7",5533
"DRR286166",3413288,3416724,"10",3436
"DRR286166",3416725,3417933,"4",1208
"DRR286166",3417934,3422778,"9",4844
"DRR286166",3428404,3437038,"9",8634
"DRR286166",3444095,3445967,"9",1872
"DRR286166",3445968,3449071,"10",3103
"DRR286166",3455927,3457727,"3",1800
"DRR286166",3460458,3461652,"3",1194
"DRR286166",3461653,3461943,"6",290
"DRR286166",3471338,3471621,"3",283
"DRR286166",3471622,3475458,"9",3836
"DRR286166",3475459,3476496,"1",1037
"DRR286166",3476497,3478683,"7",2186
"DRR286166",3490728,3492065,"7",1337
"DRR286166",3492066,3493569,"2",1503
"DRR286166",3495917,3501914,"9",5997
"DRR286166",3523988,3527160,"3",3172
"DRR286166",3536606,3539571,"9",2965
"DRR286166",3548830,3548998,"2",168
"DRR286166",3548999,3554978,"9",5979
"DRR286166",3554979,3556071,"3",1092
"DRR286166",3556072,3558140,"1",2068
"DRR286166",3562688,3564376,"10",1688
"DRR286166",3564377,3567518,"6",3141
"DRR286166",3567519,3570329,"3",2810
"DRR286166",3570330,3571069,"9",739
"DRR286166",3576444,3577858,"3",1414
"DRR286166",3577859,3580912,"9",3053
"DRR286166",3580913,3581795,"10",882
"DRR286166",3581796,3583132,"7",1336
"DRR286166",3584314,3587084,"9",2770
"DRR286166",3587354,3589636,"3",2282
"DRR286166",3589637,3591230,"9",1593
"DRR286166",3643810,3645261,"9",1451
"DRR286166",3648318,3649337,"9",1019
"DRR286166",3652808,3656225,"9",3417
"DRR286166",3664965,3667217,"1",2252
"DRR286166",3675318,3677610,"10",2292
"DRR286166",3683620,3689073,"3",5453
"DRR286166",3696378,3712787,"9",16409
"DRR286166",3712788,3719375,"6",6587
"DRR286166",3719376,3727296,"9",7920
"DRR286166",3748956,3751458,"3",2502
"DRR286166",3751459,3753502,"9",2043
"DRR286166",3753503,3758140,"3",4637
"DRR286166",3758141,3759335,"9",1194
"DRR286166",3759336,3760425,"3",1089
"DRR286166",3760426,3762023,"10",1597
"DRR286166",3763676,3769735,"9",6059
"DRR286166",3772795,3773888,"3",1093
"DRR286166",3801766,3807007,"9",5241
"DRR286166",3807806,3811151,"9",3345
"DRR286166",3813067,3822048,"9",8981
"DRR286166",3823391,3824580,"1",1189
"DRR286166",3837138,3839260,"9",2122
"DRR286166",3839261,3841257,"3",1996
"DRR286166",3842680,3845754,"9",3074
"DRR286166",3849589,3854036,"9",4447
"DRR286166",3858357,3859240,"9",883
"DRR286166",3863227,3866276,"3",3049
"DRR286166",3866277,3869175,"9",2898
"DRR286166",3869176,3873962,"6",4786
"DRR286166",3881351,3882383,"1",1032
"DRR286166",3882384,3884904,"9",2520
"DRR286166",3884905,3887019,"7",2114
"DRR286166",3912691,3916908,"9",4217
"DRR286166",3916909,3919137,"10",2228
"DRR286166",3921933,3928096,"10",6163
"DRR286166",3930580,3932837,"9",2257
"DRR286166",3936233,3942419,"3",6186
"DRR286166",3952797,3956422,"9",3625
"DRR286166",3969369,3970701,"3",1332
"DRR286166",3970702,3973630,"9",2928
"DRR286166",3978429,3980214,"9",1785
"DRR286166",3980215,3981276,"7",1061
"DRR286166",4003300,4004410,"1",1110
"DRR286166",4027921,4035083,"9",7162
"DRR286166",4043135,4063001,"9",19866
"DRR286166",4065764,4069999,"1",4235
"DRR286166",4076700,4083790,"9",7090
"DRR286166",4083791,4087879,"3",4088
"DRR286166",4109408,4117104,"9",7696
"DRR286166",4117105,4118949,"3",1844
"DRR286166",4129166,4133262,"9",4096
"DRR286166",4133263,4135144,"10",1881
"DRR286166",4164715,4182644,"9",17929
"DRR286166",4216759,4227244,"1",10485
"DRR286166",4227245,4232666,"4",5421
"DRR286166",4232667,4238720,"1",6053
"DRR286135",3542,3596,"10",54
"DRR286135",18969,20968,"2",1999
"DRR286135",121301,122953,"8",1652
"DRR286135",123164,126978,"10",3814
"DRR286135",148640,149389,"8",749
"DRR286135",152426,153901,"8",1475
"DRR286135",155686,157159,"8",1473
"DRR286135",201724,203645,"8",1921
"DRR286135",203646,204380,"4",734
"DRR286135",204381,206586,"8",2205
"DRR286135",229084,229233,"8",149
"DRR286135",267153,267910,"10",757
"DRR286135",274151,275692,"7",1541
"DRR286135",275693,276353,"10",660
"DRR286135",353498,354377,"10",879
"DRR286135",359583,360249,"2",666
"DRR286135",363454,364483,"4",1029
"DRR286135",388660,390185,"8",1525
"DRR286135",408855,409170,"9",315
"DRR286135",425720,426236,"2",516
"DRR286135",441857,442758,"2",901
"DRR286135",455911,456738,"9",827
"DRR286135",470217,470948,"2",731
"DRR286135",498249,499849,"1",1600
"DRR286135",524717,525694,"1",977
"DRR286135",535224,536949,"9",1725
"DRR286135",548570,549043,"9",473
"DRR286135",602240,602779,"1",539
"DRR286135",609911,612127,"9",2216
"DRR286135",622634,623992,"9",1358
"DRR286135",642479,644980,"8",2501
"DRR286135",644981,645966,"10",985
"DRR286135",691233,691958,"5",725
"DRR286135",691959,693700,"10",1741
"DRR286135",695802,696182,"10",380
"DRR286135",712349,713302,"6",953
"DRR286135",819908,820738,"9",830
"DRR286135",839070,840021,"2",951
"DRR286135",840022,841757,"1",1735
"DRR286135",881433,883435,"9",2002
"DRR286135",897937,898654,"8",717
"DRR286135",911129,914791,"8",3662
"DRR286135",937618,938178,"9",560
"DRR286135",944133,944835,"1",702
"DRR286135",951137,955552,"8",4415
"DRR286135",977401,978555,"10",1154
"DRR286135",1004149,1004823,"10",674
"DRR286135",1015655,1016614,"8",959
"DRR286135",1019902,1020574,"8",672
"DRR286135",1027062,1030238,"2",3176
"DRR286135",1035404,1037309,"8",1905
"DRR286135",1043494,1044708,"9",1214
"DRR286135",1063995,1064299,"9",304
"DRR286135",1071789,1072809,"10",1020
"DRR286135",1074954,1076087,"9",1133
"DRR286135",1081477,1084763,"8",3286
"DRR286135",1106575,1107057,"8",482
"DRR286135",1109353,1110127,"4",774
"DRR286135",1115764,1119791,"8",4027
"DRR286135",1127848,1129582,"9",1734
"DRR286135",1149603,1150350,"9",747
"DRR286135",1183339,1183653,"10",314
"DRR286135",1189792,1190742,"9",950
"DRR286135",1211392,1211892,"8",500
"DRR286135",1229343,1229786,"4",443
"DRR286135",1229787,1231997,"1",2210
"DRR286135",1241009,1241957,"10",948
"DRR286135",1241958,1245127,"9",3169
"DRR286135",1262230,1263129,"1",899
"DRR286135",1265253,1265906,"9",653
"DRR286135",1271812,1272347,"9",535
"DRR286135",1315490,1316505,"10",1015
"DRR286135",1353850,1354598,"5",748
"DRR286135",1367922,1371329,"8",3407
"DRR286135",1429255,1429794,"2",539
"DRR286135",1432779,1433678,"1",899
"DRR286135",1467109,1467716,"8",607
"DRR286135",1485049,1489865,"9",4816
"DRR286135",1489866,1490809,"6",943
"DRR286135",1496907,1498493,"8",1586
"DRR286135",1500396,1501626,"1",1230
"DRR286135",1555983,1557469,"9",1486
"DRR286135",1580464,1581602,"8",1138
"DRR286135",1594175,1595183,"2",1008
"DRR286135",1622704,1623133,"4",429
"DRR286135",1644553,1645197,"5",644
"DRR286135",1698702,1699610,"8",908
"DRR286135",1706227,1708979,"1",2752
"DRR286135",1728804,1729136,"1",332
"DRR286135",1759891,1760185,"7",294
"DRR286135",1800785,1801359,"9",574
"DRR286135",1804519,1807949,"9",3430
"DRR286135",1807950,1809105,"2",1155
"DRR286135",1821775,1821855,"2",80
"DRR286135",1821856,1822092,"8",236
"DRR286135",1862732,1863741,"2",1009
"DRR286135",1872002,1872402,"10",400
"DRR286135",1887796,1888199,"4",403
"DRR286135",1888200,1888693,"9",493
"DRR286135",1893133,1893771,"2",638
"DRR286135",1900254,1901236,"7",982
"DRR286135",1938265,1940108,"10",1843
"DRR286135",1966554,1967792,"10",1238
"DRR286135",1983200,1984405,"9",1205
"DRR286135",1999999,2000876,"2",877
"DRR286135",2009050,2011560,"10",2510
"DRR286135",2011628,2012209,"2",581
"DRR286135",2027502,2028466,"2",964
"DRR286135",2034143,2036001,"9",1858
"DRR286135",2038683,2039584,"8",901
"DRR286135",2045625,2046228,"1",603
"DRR286135",2062679,2063473,"10",794
"DRR286135",2066728,2067593,"8",865
"DRR286135",2077757,2078942,"9",1185
"DRR286135",2089905,2091101,"8",1196
"DRR286135",2101350,2102219,"10",869
"DRR286135",2113193,2115429,"8",2236
"DRR286135",2128398,2130112,"7",1714
"DRR286135",2154420,2157779,"8",3359
"DRR286135",2161189,2163332,"2",2143
"DRR286135",2172786,2173541,"7",755
"DRR286135",2178891,2182556,"8",3665
"DRR286135",2185225,2186769,"8",1544
"DRR286135",2222910,2224917,"10",2007
"DRR286135",2229203,2230037,"8",834
"DRR286135",2239341,2242708,"10",3367
"DRR286135",2244954,2246349,"10",1395
"DRR286135",2248641,2253525,"8",4884
"DRR286135",2256903,2257970,"10",1067
"DRR286135",2276873,2277791,"6",918
"DRR286135",2335536,2336622,"8",1086
"DRR286135",2345660,2349846,"9",4186
"DRR286135",2349847,2350951,"10",1104
"DRR286135",2353591,2353886,"7",295
"DRR286135",2358875,2360194,"9",1319
"DRR286135",2363487,2366139,"10",2652
"DRR286135",2370806,2372153,"8",1347
"DRR286135",2397841,2398999,"8",1158
"DRR286135",2425693,2426658,"10",965
"DRR286135",2431022,2431572,"4",550
"DRR286135",2436791,2437269,"10",478
"DRR286135",2457757,2458520,"8",763
"DRR286135",2494276,2494914,"2",638
"DRR286135",2495983,2496697,"2",714
"DRR286135",2496698,2498379,"10",1681
"DRR286135",2498380,2499727,"7",1347
"DRR286135",2499728,2500363,"2",635
"DRR286135",2513459,2515479,"1",2020
"DRR286135",2519791,2522546,"8",2755
"DRR286135",2531489,2532169,"2",680
"DRR286135",2539525,2539754,"1",229
"DRR286135",2540826,2542845,"9",2019
"DRR286135",2548849,2551126,"9",2277
"DRR286135",2555397,2556731,"8",1334
"DRR286135",2585643,2587155,"8",1512
"DRR286135",2598995,2599291,"9",296
"DRR286135",2611738,2615630,"9",3892
"DRR286135",2633496,2634201,"8",705
"DRR286135",2647358,2650012,"8",2654
"DRR286135",2676309,2677673,"10",1364
"DRR286135",2711841,2712947,"10",1106
"DRR286135",2744176,2744848,"8",672
"DRR286135",2748970,2749110,"9",140
"DRR286135",2782436,2783243,"7",807
"DRR286135",2823398,2824785,"8",1387
"DRR286135",2835860,2837138,"10",1278
"DRR286135",2867876,2874474,"8",6598
"DRR286135",2877939,2878416,"8",477
"DRR286135",2906456,2907287,"5",831
"DRR286135",2909933,2911484,"10",1551
"DRR286135",2995082,2997775,"9",2693
"DRR286135",3002572,3004581,"9",2009
"DRR286135",3004582,3006192,"7",1610
"DRR286135",3006193,3007340,"10",1147
"DRR286135",3017429,3018452,"1",1023
"DRR286135",3035442,3036102,"10",660
"DRR286135",3046680,3048625,"6",1945
"DRR286135",3063842,3065541,"10",1699
"DRR286135",3076948,3079393,"8",2445
"DRR286135",3119557,3120851,"9",1294
"DRR286135",3128137,3132406,"10",4269
"DRR286135",3145213,3149075,"9",3862
"DRR286135",3184107,3185986,"9",1879
"DRR286135",3195687,3200775,"8",5088
"DRR286135",3205821,3206763,"8",942
"DRR286135",3223618,3224435,"10",817
"DRR286135",3230597,3231342,"9",745
"DRR286135",3242214,3243947,"10",1733
"DRR286135",3252241,3254230,"8",1989
"DRR286135",3286956,3288530,"8",1574
"DRR286135",3303137,3306751,"2",3614
"DRR286135",3317180,3318941,"9",1761
"DRR286135",3326054,3326406,"8",352
"DRR286135",3333122,3334583,"4",1461
"DRR286135",3339057,3340389,"2",1332
"DRR286135",3345787,3346941,"2",1154
"DRR286135",3346942,3348573,"10",1631
"DRR286135",3358287,3359448,"6",1161
"DRR286135",3391070,3392401,"2",1331
"DRR286135",3411722,3413060,"2",1338
"DRR286135",3414630,3416497,"10",1867
"DRR286135",3416498,3418406,"1",1908
"DRR286135",3418407,3419703,"9",1296
"DRR286135",3468151,3469308,"9",1157
"DRR286135",3500732,3501637,"2",905
"DRR286135",3504769,3505770,"10",1001
"DRR286135",3509243,3510121,"10",878
"DRR286135",3520455,3521611,"6",1156
"DRR286135",3537115,3537843,"1",728
"DRR286135",3542895,3545438,"9",2543
"DRR286135",3559967,3560429,"8",462
"DRR286135",3581886,3583105,"7",1219
"DRR286135",3591873,3601761,"8",9888
"DRR286135",3615904,3617203,"10",1299
"DRR286135",3631716,3632118,"6",402
"DRR286135",3638735,3640255,"8",1520
"DRR286135",3642090,3642615,"9",525
"DRR286135",3645598,3646331,"6",733
"DRR286135",3652698,3656225,"8",3527
"DRR286135",3688118,3688981,"7",863
"DRR286135",3738591,3741007,"6",2416
"DRR286135",3781146,3781868,"8",722
"DRR286135",3781869,3783295,"10",1426
"DRR286135",3799533,3802002,"1",2469
"DRR286135",3819302,3820700,"2",1398
"DRR286135",3820701,3821451,"8",750
"DRR286135",3824548,3827500,"8",2952
"DRR286135",3882435,3883442,"1",1007
"DRR286135",3900947,3901409,"8",462
"DRR286135",3915487,3916064,"1",577
"DRR286135",3938173,3938592,"9",419
"DRR286135",3938593,3941121,"8",2528
"DRR286135",3949092,3949578,"1",486
"DRR286135",3972061,3973110,"7",1049
"DRR286135",3986138,3987502,"1",1364
"DRR286135",4004454,4005712,"5",1258
"DRR286135",4013337,4014670,"2",1333
"DRR286135",4017919,4020313,"6",2394
"DRR286135",4025739,4026443,"2",704
"DRR286135",4043655,4044154,"5",499
"DRR286135",4047117,4048669,"2",1552
"DRR286135",4049917,4051023,"2",1106
"DRR286135",4115896,4116758,"5",862
"DRR286135",4241010,4248056,"10",7046
"ERR12861802",88004,92384,"10",4380
"ERR12861802",93088,94853,"10",1765
"ERR12861802",94854,96376,"6",1522
"ERR12861802",96377,98872,"10",2495
"ERR12861802",98873,102153,"5",3280
"ERR12861802",102154,102843,"10",689
"ERR12861802",102844,108518,"5",5674
"ERR12861802",282624,284368,"10",1744
"ERR12861802",284369,286682,"8",2313
"ERR12861802",286683,288115,"7",1432
"ERR12861802",288116,288582,"9",466
"ERR12861802",288583,291207,"5",2624
"ERR12861802",291208,293465,"9",2257
"ERR12861802",298688,299775,"8",1087
"ERR12861802",299776,301784,"1",2008
"ERR12861802",301785,303065,"6",1280
"ERR12861802",303066,304227,"10",1161
"ERR12861802",304228,304352,"5",124
"ERR12861802",304353,304457,"7",104
"ERR12861802",304458,309094,"8",4636
"ERR12861802",398005,398670,"7",665
"ERR12861802",398671,399123,"6",452
"ERR12861802",399124,399404,"1",280
"ERR12861802",399405,401484,"10",2079
"ERR12861802",401485,402060,"1",575
"ERR12861802",402061,404127,"10",2066
"ERR12861802",404128,405050,"5",922
"ERR12861802",408580,409037,"9",457
"ERR12861802",409038,410239,"10",1201
"ERR12861802",410240,414960,"8",4720
"ERR12861802",688317,690607,"7",2290
"ERR12861802",690608,690947,"1",339
"ERR12861802",690948,692579,"10",1631
"ERR12861802",692580,693450,"7",870
"ERR12861802",835619,838977,"5",3358
"ERR12861802",839127,840021,"7",894
"ERR12861802",892245,896166,"5",3921
"ERR12861802",896167,898381,"9",2214
"ERR12861802",898382,900949,"6",2567
"ERR12861802",962656,964734,"8",2078
"ERR12861802",964735,966478,"9",1743
"ERR12861802",966479,969541,"6",3062
"ERR12861802",969542,971415,"4",1873
"ERR12861802",971416,976072,"7",4656
"ERR12861802",987283,990467,"4",3184
"ERR12861802",990468,991575,"5",1107
"ERR12861802",993775,996250,"6",2475
"ERR12861802",996251,997235,"4",984
"ERR12861802",1047465,1048046,"10",581
"ERR12861802",1048047,1048967,"5",920
"ERR12861802",1049999,1051746,"4",1747
"ERR12861802",1051747,1057047,"5",5300
"ERR12861802",1057048,1057190,"1",142
"ERR12861802",1057191,1060092,"10",2901
"ERR12861802",1060093,1060877,"5",784
"ERR12861802",1060878,1063089,"4",2211
"ERR12861802",1160406,1162670,"9",2264
"ERR12861802",1162671,1164043,"7",1372
"ERR12861802",1164044,1164720,"5",676
"ERR12861802",1164721,1166834,"8",2113
"ERR12861802",1230110,1231879,"6",1769
"ERR12861802",1247939,1251272,"10",3333
"ERR12861802",1251273,1256528,"1",5255
"ERR12861802",1256529,1258136,"4",1607
"ERR12861802",1291847,1292401,"10",554
"ERR12861802",1296866,1297407,"5",541
"ERR12861802",1297838,1297961,"5",123
"ERR12861802",1297962,1299199,"8",1237
"ERR12861802",1350947,1353403,"9",2456
"ERR12861802",1353404,1353849,"3",445
"ERR12861802",1353850,1356858,"5",3008
"ERR12861802",1356859,1357226,"1",367
"ERR12861802",1408690,1414249,"10",5559
"ERR12861802",1414250,1416314,"6",2064
"ERR12861802",1418579,1419978,"9",1399
"ERR12861802",1420097,1420621,"1",524
"ERR12861802",1423874,1424531,"5",657
"ERR12861802",1425009,1426939,"5",1930
"ERR12861802",1584760,1599922,"5",15162
"ERR12861802",1599923,1604278,"1",4355
"ERR12861802",1604279,1606026,"5",1747
"ERR12861802",1606027,1608232,"9",2205
"ERR12861802",1654604,1658731,"6",4127
"ERR12861802",1658732,1665251,"5",6519
"ERR12861802",1704730,1706226,"7",1496
"ERR12861802",1706227,1708979,"1",2752
"ERR12861802",1708980,1711748,"9",2768
"ERR12861802",1728690,1729261,"6",571
"ERR12861802",1729262,1730874,"7",1612
"ERR12861802",1822342,1822476,"10",134
"ERR12861802",1824049,1824446,"6",397
"ERR12861802",1875059,1879395,"10",4336
"ERR12861802",1879396,1881833,"1",2437
"ERR12861802",1881834,1882177,"5",343
"ERR12861802",1882483,1883232,"9",749
"ERR12861802",1908119,1911223,"3",3104
"ERR12861802",1911224,1911560,"1",336
"ERR12861802",1911561,1914204,"6",2643
"ERR12861802",1914205,1916632,"7",2427
"ERR12861802",2064437,2066858,"6",2421
"ERR12861802",2067483,2068757,"5",1274
"ERR12861802",2068758,2068854,"3",96
"ERR12861802",2068855,2072414,"8",3559
"ERR12861802",2072415,2074928,"6",2513
"ERR12861802",2140215,2141613,"6",1398
"ERR12861802",2163811,2164622,"6",811
"ERR12861802",2269670,2270917,"5",1247
"ERR12861802",2275166,2276734,"10",1568
"ERR12861802",2326132,2328309,"10",2177
"ERR12861802",2328310,2329453,"1",1143
"ERR12861802",2361858,2363652,"5",1794
"ERR12861802",2363653,2364955,"7",1302
"ERR12861802",2364956,2366756,"9",1800
"ERR12861802",2366757,2369143,"6",2386
"ERR12861802",2369144,2370061,"5",917
"ERR12861802",2370062,2371418,"4",1356
"ERR12861802",2508076,2512083,"5",4007
"ERR12861802",2512996,2515479,"9",2483
"ERR12861802",2515480,2516616,"1",1136
"ERR12861802",2522547,2525446,"8",2899
"ERR12861802",2526479,2527736,"5",1257
"ERR12861802",2527737,2530221,"6",2484
"ERR12861802",2530222,2530909,"4",687
"ERR12861802",2530910,2532169,"3",1259
"ERR12861802",2532292,2533169,"5",877
"ERR12861802",2556949,2557918,"8",969
"ERR12861802",2558072,2562847,"6",4775
"ERR12861802",2562848,2564046,"10",1198
"ERR12861802",2566092,2569709,"8",3617
"ERR12861802",2569710,2570336,"9",626
"ERR12861802",2583492,2585247,"8",1755
"ERR12861802",2592969,2595030,"5",2061
"ERR12861802",2595031,2603994,"6",8963
"ERR12861802",2615488,2616175,"6",687
"ERR12861802",2616176,2617261,"3",1085
"ERR12861802",2617262,2617608,"4",346
"ERR12861802",2644748,2648910,"9",4162
"ERR12861802",2648911,2649029,"6",118
"ERR12861802",2649030,2650149,"5",1119
"ERR12861802",2749498,2756676,"6",7178
"ERR12861802",2756677,2758058,"8",1381
"ERR12861802",2758059,2759090,"4",1031
"ERR12861802",2759091,2759891,"9",800
"ERR12861802",2800010,2801493,"8",1483
"ERR12861802",2801494,2803721,"10",2227
"ERR12861802",2810225,2811666,"10",1441
"ERR12861802",2922012,2923917,"10",1905
"ERR12861802",2923918,2924799,"5",881
"ERR12861802",2924800,2925100,"4",300
"ERR12861802",2925101,2929251,"6",4150
"ERR12861802",2939563,2942485,"10",2922
"ERR12861802",2942486,2947348,"1",4862
"ERR12861802",2947349,2952346,"5",4997
"ERR12861802",2952347,2954738,"1",2391
"ERR12861802",2965614,2966060,"9",446
"ERR12861802",2971989,2977277,"8",5288
"ERR12861802",2991154,2994275,"7",3121
"ERR12861802",2994276,2996524,"9",2248
"ERR12861802",2996525,2998653,"1",2128
"ERR12861802",3027021,3032042,"10",5021
"ERR12861802",3032043,3032964,"1",921
"ERR12861802",3032965,3035227,"3",2262
"ERR12861802",3037305,3039575,"10",2270
"ERR12861802",3041209,3044312,"9",3103
"ERR12861802",3048626,3051852,"4",3226
"ERR12861802",3051853,3053530,"9",1677
"ERR12861802",3063214,3065541,"10",2327
"ERR12861802",3065542,3068836,"1",3294
"ERR12861802",3126462,3127912,"6",1450
"ERR12861802",3127913,3136805,"10",8892
"ERR12861802",3136806,3136863,"7",57
"ERR12861802",3136864,3137794,"8",930
"ERR12861802",3137795,3138113,"4",318
"ERR12861802",3138158,3139441,"5",1283
"ERR12861802",3143273,3148511,"8",5238
"ERR12861802",3148512,3149486,"10",974
"ERR12861802",3149487,3151156,"1",1669
"ERR12861802",3151896,3152499,"3",603
"ERR12861802",3152500,3154247,"5",1747
"ERR12861802",3175603,3180683,"6",5080
"ERR12861802",3234979,3236182,"5",1203
"ERR12861802",3236183,3239519,"9",3336
"ERR12861802",3239520,3241306,"6",1786
"ERR12861802",3243961,3246504,"8",2543
"ERR12861802",3246505,3248137,"6",1632
"ERR12861802",3270055,3272979,"5",2924
"ERR12861802",3272980,3277916,"10",4936
"ERR12861802",3326299,3330360,"6",4061
"ERR12861802",3331297,3332109,"5",812
"ERR12861802",3332110,3332317,"9",207
"ERR12861802",3332318,3334043,"6",1725
"ERR12861802",3334044,3337394,"5",3350
"ERR12861802",3337395,3338470,"10",1075
"ERR12861802",3338471,3342196,"6",3725
"ERR12861802",3344895,3352252,"10",7357
"ERR12861802",3352253,3354801,"5",2548
"ERR12861802",3356336,3358477,"7",2141
"ERR12861802",3358478,3359170,"9",692
"ERR12861802",3359171,3361191,"5",2020
"ERR12861802",3361192,3363292,"6",2100
"ERR12861802",3363614,3364901,"9",1287
"ERR12861802",3375038,3384355,"10",9317
"ERR12861802",3384356,3386478,"5",2122
"ERR12861802",3386762,3387224,"5",462
"ERR12861802",3387225,3389447,"8",2222
"ERR12861802",3389448,3392401,"7",2953
"ERR12861802",3392402,3399687,"5",7285
"ERR12861802",3430584,3431252,"7",668
"ERR12861802",3431253,3432740,"5",1487
"ERR12861802",3432741,3436087,"9",3346
"ERR12861802",3436088,3442645,"5",6557
"ERR12861802",3468028,3469595,"1",1567
"ERR12861802",3469596,3471337,"6",1741
"ERR12861802",3471338,3473201,"10",1863
"ERR12861802",3532185,3532619,"10",434
"ERR12861802",3533639,3535506,"6",1867
"ERR12861802",3535507,3536848,"1",1341
"ERR12861802",3536849,3537931,"10",1082
"ERR12861802",3537932,3539491,"8",1559
"ERR12861802",3539492,3541819,"5",2327
"ERR12861802",3564350,3567518,"10",3168
"ERR12861802",3567519,3568708,"5",1189
"ERR12861802",3568709,3572108,"6",3399
"ERR12861802",3572109,3573783,"5",1674
"ERR12861802",3573784,3574961,"6",1177
"ERR12861802",3574962,3576068,"3",1106
"ERR12861802",3576069,3581417,"5",5348
"ERR12861802",3581418,3583122,"6",1704
"ERR12861802",3591655,3596372,"10",4717
"ERR12861802",3605955,3608167,"10",2212
"ERR12861802",3643687,3645201,"6",1514
"ERR12861802",3645202,3649747,"5",4545
"ERR12861802",3668054,3671959,"9",3905
"ERR12861802",3671960,3673586,"5",1626
"ERR12861802",3675318,3676588,"1",1270
"ERR12861802",3676589,3677680,"6",1091
"ERR12861802",3677681,3680674,"10",2993
"ERR12861802",3729913,3731070,"5",1157
"ERR12861802",3731071,3731819,"10",748
"ERR12861802",3751375,3752272,"10",897
"ERR12861802",3752273,3753117,"1",844
"ERR12861802",3753118,3757250,"7",4132
"ERR12861802",3757251,3762392,"5",5141
"ERR12861802",3764186,3766633,"10",2447
"ERR12861802",3766634,3767814,"9",1180
"ERR12861802",3767815,3770461,"5",2646
"ERR12861802",3798301,3802374,"1",4073
"ERR12861802",3802375,3803086,"5",711
"ERR12861802",3803087,3803965,"7",878
"ERR12861802",3803966,3805198,"10",1232
"ERR12861802",3805199,3807007,"9",1808
"ERR12861802",3807008,3807794,"1",786
"ERR12861802",3807795,3816647,"6",8852
"ERR12861802",3819354,3823390,"6",4036
"ERR12861802",3823391,3831465,"10",8074
"ERR12861802",3868423,3869551,"10",1128
"ERR12861802",3899250,3900406,"4",1156
"ERR12861802",3924799,3926526,"10",1727
"ERR12861802",3926527,3931230,"9",4703
"ERR12861802",3931375,3932659,"5",1284
"ERR12861802",3934217,3936542,"10",2325
"ERR12861802",3978284,3983578,"5",5294
"ERR12861802",3990982,3992692,"6",1710
"ERR12861802",3992693,3993516,"1",823
"ERR12861802",3999720,4002116,"6",2396
"ERR12861802",4002117,4003676,"5",1559
"ERR12861802",4003991,4004097,"9",106
"ERR12861802",4004098,4005636,"5",1538
"ERR12861802",4005637,4005856,"10",219
"ERR12861802",4005857,4007651,"1",1794
"ERR12861802",4133471,4135144,"5",1673
"ERR12861802",4135145,4141291,"1",6146
"ERR12861802",4141292,4149447,"10",8155
"ERR12861802",4238836,4245530,"10",6694
"ERR12861839",82375,86798,"4",4423
"ERR12861839",86799,89477,"10",2678
"ERR12861839",89478,91960,"4",2482
"ERR12861839",93088,99849,"4",6761
"ERR12861839",119810,122553,"8",2743
"ERR12861839",125945,129437,"5",3492
"ERR12861839",129438,131641,"10",2203
"ERR12861839",164393,167835,"4",3442
"ERR12861839",183683,184698,"4",1015
"ERR12861839",185377,185956,"5",579
"ERR12861839",220136,225121,"4",4985
"ERR12861839",227109,229675,"4",2566
"ERR12861839",255855,257769,"3",1914
"ERR12861839",257770,261264,"9",3494
"ERR12861839",297947,301097,"4",3150
"ERR12861839",313134,313816,"4",682
"ERR12861839",339354,341538,"10",2184
"ERR12861839",341539,342188,"4",649
"ERR12861839",357484,360962,"10",3478
"ERR12861839",362130,364280,"8",2150
"ERR12861839",364281,366508,"10",2227
"ERR12861839",444599,446840,"10",2241
"ERR12861839",446841,447216,"4",375
"ERR12861839",462346,463937,"10",1591
"ERR12861839",463938,464860,"4",922
"ERR12861839",517398,518591,"5",1193
"ERR12861839",522724,524207,"4",1483
"ERR12861839",547743,548862,"9",1119
"ERR12861839",563205,564867,"5",1662
"ERR12861839",567837,568432,"5",595
"ERR12861839",600112,601204,"10",1092
"ERR12861839",607070,609336,"6",2266
"ERR12861839",609337,613480,"9",4143
"ERR12861839",613481,615429,"10",1948
"ERR12861839",615430,617643,"7",2213
"ERR12861839",640803,643923,"10",3120
"ERR12861839",647479,651659,"10",4180
"ERR12861839",651660,653150,"6",1490
"ERR12861839",686118,687370,"8",1252
"ERR12861839",712349,714538,"7",2189
"ERR12861839",715553,718377,"4",2824
"ERR12861839",718378,719460,"8",1082
"ERR12861839",719461,723102,"4",3641
"ERR12861839",735245,738909,"5",3664
"ERR12861839",738910,739179,"6",269
"ERR12861839",755300,756311,"6",1011
"ERR12861839",759526,764524,"6",4998
"ERR12861839",828966,835070,"4",6104
"ERR12861839",862047,863691,"4",1644
"ERR12861839",888600,891952,"9",3352
"ERR12861839",891953,893293,"5",1340
"ERR12861839",893294,895480,"4",2186
"ERR12861839",896441,897025,"5",584
"ERR12861839",927855,934290,"4",6435
"ERR12861839",934291,937246,"7",2955
"ERR12861839",947738,948248,"4",510
"ERR12861839",951137,953599,"9",2462
"ERR12861839",955923,958765,"4",2842
"ERR12861839",989748,991036,"4",1288
"ERR12861839",1013345,1015038,"6",1693
"ERR12861839",1030582,1032415,"5",1833
"ERR12861839",1032416,1035018,"8",2602
"ERR12861839",1035019,1043112,"4",8093
"ERR12861839",1044776,1047365,"7",2589
"ERR12861839",1051687,1053628,"5",1941
"ERR12861839",1053629,1056553,"4",2924
"ERR12861839",1056554,1058077,"10",1523
"ERR12861839",1058078,1059765,"4",1687
"ERR12861839",1073098,1074382,"6",1284
"ERR12861839",1074954,1075961,"9",1007
"ERR12861839",1075962,1077209,"8",1247
"ERR12861839",1077210,1077959,"6",749
"ERR12861839",1120415,1122071,"10",1656
"ERR12861839",1128774,1128858,"8",84
"ERR12861839",1128859,1129745,"5",886
"ERR12861839",1134964,1136920,"7",1956
"ERR12861839",1136921,1139281,"5",2360
"ERR12861839",1157417,1157951,"4",534
"ERR12861839",1157952,1160518,"6",2566
"ERR12861839",1161882,1163974,"4",2092
"ERR12861839",1166002,1167794,"6",1792
"ERR12861839",1167795,1170671,"4",2876
"ERR12861839",1225679,1226501,"4",822
"ERR12861839",1246142,1252378,"4",6236
"ERR12861839",1264315,1264972,"4",657
"ERR12861839",1274588,1275985,"9",1397
"ERR12861839",1282091,1287047,"6",4956
"ERR12861839",1287048,1288748,"7",1700
"ERR12861839",1333590,1334480,"7",890
"ERR12861839",1368263,1375334,"6",7071
"ERR12861839",1388354,1389950,"10",1596
"ERR12861839",1402533,1403195,"7",662
"ERR12861839",1403196,1404402,"4",1206
"ERR12861839",1411694,1413503,"7",1809
"ERR12861839",1460802,1462110,"10",1308
"ERR12861839",1532780,1533046,"4",266
"ERR12861839",1580464,1581602,"6",1138
"ERR12861839",1591866,1595132,"4",3266
"ERR12861839",1596890,1598021,"5",1131
"ERR12861839",1609868,1613849,"7",3981
"ERR12861839",1613850,1615876,"9",2026
"ERR12861839",1615877,1616870,"4",993
"ERR12861839",1642591,1648654,"4",6063
"ERR12861839",1695103,1698366,"8",3263
"ERR12861839",1698367,1699610,"4",1243
"ERR12861839",1718099,1719094,"10",995
"ERR12861839",1729137,1731415,"5",2278
"ERR12861839",1748513,1749882,"7",1369
"ERR12861839",1783397,1784825,"6",1428
"ERR12861839",1803125,1805188,"5",2063
"ERR12861839",1805533,1806632,"7",1099
"ERR12861839",1806633,1809409,"10",2776
"ERR12861839",1809410,1809758,"6",348
"ERR12861839",1817718,1820647,"10",2929
"ERR12861839",1820648,1823069,"6",2421
"ERR12861839",1823875,1824562,"4",687
"ERR12861839",1841818,1842444,"4",626
"ERR12861839",1855311,1858988,"6",3677
"ERR12861839",1864188,1867420,"6",3232
"ERR12861839",1881154,1884496,"9",3342
"ERR12861839",1884685,1886410,"7",1725
"ERR12861839",1905450,1907576,"4",2126
"ERR12861839",1910746,1914204,"6",3458
"ERR12861839",1984601,1986340,"4",1739
"ERR12861839",1988187,1991989,"10",3802
"ERR12861839",1997533,1998250,"6",717
"ERR12861839",2016005,2017131,"4",1126
"ERR12861839",2030285,2032066,"10",1781
"ERR12861839",2060143,2061797,"4",1654
"ERR12861839",2061798,2064948,"6",3150
"ERR12861839",2065369,2066649,"4",1280
"ERR12861839",2066650,2067637,"8",987
"ERR12861839",2073315,2074843,"4",1528
"ERR12861839",2175500,2177365,"4",1865
"ERR12861839",2178655,2180792,"4",2137
"ERR12861839",2180793,2182556,"10",1763
"ERR12861839",2211666,2212179,"9",513
"ERR12861839",2212180,2215822,"4",3642
"ERR12861839",2215823,2217815,"10",1992
"ERR12861839",2217816,2220459,"4",2643
"ERR12861839",2220460,2221572,"9",1112
"ERR12861839",2230038,2232276,"4",2238
"ERR12861839",2297746,2302059,"10",4313
"ERR12861839",2303563,2304507,"3",944
"ERR12861839",2304508,2306743,"4",2235
"ERR12861839",2306744,2308341,"6",1597
"ERR12861839",2311119,2312530,"10",1411
"ERR12861839",2341166,2342454,"10",1288
"ERR12861839",2388954,2389712,"4",758
"ERR12861839",2405511,2408711,"10",3200
"ERR12861839",2417685,2418381,"4",696
"ERR12861839",2421425,2423851,"9",2426
"ERR12861839",2423852,2425896,"7",2044
"ERR12861839",2425897,2428790,"4",2893
"ERR12861839",2432061,2434487,"10",2426
"ERR12861839",2440120,2442035,"6",1915
"ERR12861839",2586060,2587902,"8",1842
"ERR12861839",2631321,2632596,"4",1275
"ERR12861839",2654191,2655234,"4",1043
"ERR12861839",2668135,2669643,"7",1508
"ERR12861839",2674206,2677522,"4",3316
"ERR12861839",2677523,2680869,"10",3346
"ERR12861839",2693892,2695211,"7",1319
"ERR12861839",2701368,2704717,"4",3349
"ERR12861839",2710132,2711531,"10",1399
"ERR12861839",2731161,2735518,"4",4357
"ERR12861839",2770737,2772558,"8",1821
"ERR12861839",2795777,2798078,"4",2301
"ERR12861839",2841561,2843130,"7",1569
"ERR12861839",2845556,2849875,"10",4319
"ERR12861839",2896845,2898567,"9",1722
"ERR12861839",2908255,2910584,"4",2329
"ERR12861839",2910585,2913182,"6",2597
"ERR12861839",2928543,2932305,"4",3762
"ERR12861839",2932306,2932701,"3",395
"ERR12861839",2934920,2937085,"5",2165
"ERR12861839",2949352,2952048,"4",2696
"ERR12861839",2973824,2976361,"4",2537
"ERR12861839",3039002,3041482,"6",2480
"ERR12861839",3050173,3054381,"4",4208
"ERR12861839",3056759,3059238,"4",2479
"ERR12861839",3066142,3079570,"4",13428
"ERR12861839",3079571,3084915,"10",5344
"ERR12861839",3153041,3157071,"6",4030
"ERR12861839",3174491,3175602,"4",1111
"ERR12861839",3182657,3184702,"4",2045
"ERR12861839",3204668,3205581,"6",913
"ERR12861839",3205582,3206717,"10",1135
"ERR12861839",3206718,3208154,"6",1436
"ERR12861839",3216016,3222971,"10",6955
"ERR12861839",3222972,3227310,"6",4338
"ERR12861839",3312389,3313217,"7",828
"ERR12861839",3338351,3338470,"10",119
"ERR12861839",3432710,3435121,"4",2411
"ERR12861839",3436039,3437543,"5",1504
"ERR12861839",3461406,3462144,"7",738
"ERR12861839",3473380,3476771,"10",3391
"ERR12861839",3476772,3479828,"4",3056
"ERR12861839",3483986,3486850,"4",2864
"ERR12861839",3492441,3493380,"6",939
"ERR12861839",3578914,3580456,"4",1542
"ERR12861839",3590378,3597929,"4",7551
"ERR12861839",3597930,3601683,"7",3753
"ERR12861839",3623028,3626521,"5",3493
"ERR12861839",3626522,3628212,"6",1690
"ERR12861839",3637718,3639990,"10",2272
"ERR12861839",3639991,3642842,"9",2851
"ERR12861839",3642843,3643419,"4",576
"ERR12861839",3663719,3664964,"3",1245
"ERR12861839",3686481,3689474,"6",2993
"ERR12861839",3689475,3692005,"4",2530
"ERR12861839",3733290,3734649,"5",1359
"ERR12861839",3767058,3767814,"4",756
"ERR12861839",3784191,3786270,"9",2079
"ERR12861839",3838932,3839221,"4",289
"ERR12861839",3844099,3844910,"10",811
"ERR12861839",3844911,3846892,"6",1981
"ERR12861839",3846893,3847927,"4",1034
"ERR12861839",3877167,3879797,"4",2630
"ERR12861839",3902264,3904302,"6",2038
"ERR12861839",3921619,3923226,"10",1607
"ERR12861839",3942870,3944265,"6",1395
"ERR12861839",3963583,3969695,"7",6112
"ERR12861839",3976862,3978537,"10",1675
"ERR12861839",3978538,3981566,"4",3028
"ERR12861839",3993758,4000791,"4",7033
"ERR12861839",4071638,4072630,"5",992
"ERR12861839",4076884,4078706,"4",1822
"ERR12861839",4134633,4137389,"6",2756
"DRR286206",1085,4052,"7",2967
"DRR286206",7788,11704,"3",3916
"DRR286206",11705,14079,"7",2374
"DRR286206",50192,52794,"10",2602
"DRR286206",52795,53900,"9",1105
"DRR286206",80288,87351,"3",7063
"DRR286206",92492,93824,"3",1332
"DRR286206",100415,101428,"4",1013
"DRR286206",115804,116791,"1",987
"DRR286206",116792,121300,"3",4508
"DRR286206",122319,124201,"10",1882
"DRR286206",135194,137226,"3",2032
"DRR286206",143982,146429,"10",2447
"DRR286206",162625,163784,"9",1159
"DRR286206",168336,170454,"9",2118
"DRR286206",171243,177490,"1",6247
"DRR286206",177491,178155,"3",664
"DRR286206",185377,186824,"6",1447
"DRR286206",186825,189044,"3",2219
"DRR286206",195968,199114,"3",3146
"DRR286206",199115,200510,"5",1395
"DRR286206",203357,204267,"6",910
"DRR286206",204639,204926,"3",287
"DRR286206",217795,220135,"10",2340
"DRR286206",221729,223620,"1",1891
"DRR286206",225627,227641,"9",2014
"DRR286206",229126,229282,"2",156
"DRR286206",229283,229846,"1",563
"DRR286206",233902,239269,"3",5367
"DRR286206",243268,244000,"1",732
"DRR286206",244001,245719,"6",1718
"DRR286206",248035,250276,"10",2241
"DRR286206",250277,251874,"3",1597
"DRR286206",258378,262108,"9",3730
"DRR286206",271572,276639,"3",5067
"DRR286206",276640,286740,"1",10100
"DRR286206",299776,301097,"10",1321
"DRR286206",301098,302912,"3",1814
"DRR286206",302913,307085,"10",4172
"DRR286206",307086,307971,"5",885
"DRR286206",320981,321685,"3",704
"DRR286206",321686,321845,"4",159
"DRR286206",321846,325401,"10",3555
"DRR286206",333251,333512,"2",261
"DRR286206",344156,345698,"10",1542
"DRR286206",352651,353429,"6",778
"DRR286206",366479,369134,"3",2655
"DRR286206",374295,376453,"9",2158
"DRR286206",376454,378368,"3",1914
"DRR286206",379423,380476,"3",1053
"DRR286206",380477,384030,"10",3553
"DRR286206",384031,385125,"1",1094
"DRR286206",385126,385928,"2",802
"DRR286206",386021,387790,"9",1769
"DRR286206",399523,401484,"10",1961
"DRR286206",402632,404880,"3",2248
"DRR286206",418273,418682,"3",409
"DRR286206",418683,420533,"10",1850
"DRR286206",425907,428771,"9",2864
"DRR286206",445469,447292,"9",1823
"DRR286206",447629,450415,"3",2786
"DRR286206",458110,460654,"10",2544
"DRR286206",462464,464786,"10",2322
"DRR286206",474941,479772,"9",4831
"DRR286206",479773,480378,"3",605
"DRR286206",480379,485145,"9",4766
"DRR286206",485146,487792,"3",2646
"DRR286206",495374,498125,"3",2751
"DRR286206",510699,510886,"1",187
"DRR286206",512793,515325,"10",2532
"DRR286206",517605,519741,"3",2136
"DRR286206",520996,522341,"3",1345
"DRR286206",522342,523570,"10",1228
"DRR286206",523571,527171,"1",3600
"DRR286206",532740,535159,"3",2419
"DRR286206",546751,548513,"1",1762
"DRR286206",548514,548997,"3",483
"DRR286206",548998,550426,"1",1428
"DRR286206",558855,560607,"5",1752
"DRR286206",563205,564245,"3",1040
"DRR286206",564246,569474,"9",5228
"DRR286206",573289,574536,"5",1247
"DRR286206",597602,598265,"9",663
"DRR286206",604744,605050,"6",306
"DRR286206",619885,622188,"9",2303
"DRR286206",622189,623283,"7",1094
"DRR286206",650912,653045,"3",2133
"DRR286206",666909,670912,"9",4003
"DRR286206",676573,677111,"3",538
"DRR286206",677112,679388,"7",2276
"DRR286206",679389,681862,"3",2473
"DRR286206",692086,692753,"6",667
"DRR286206",692754,693450,"1",696
"DRR286206",711766,716494,"9",4728
"DRR286206",716866,721837,"9",4971
"DRR286206",763144,766617,"10",3473
"DRR286206",778507,779888,"3",1381
"DRR286206",782639,787329,"9",4690
"DRR286206",787330,790047,"10",2717
"DRR286206",798632,803038,"3",4406
"DRR286206",803039,804355,"6",1316
"DRR286206",829793,832907,"1",3114
"DRR286206",842641,843723,"10",1082
"DRR286206",862873,867449,"3",4576
"DRR286206",908070,908895,"5",825
"DRR286206",908896,910050,"10",1154
"DRR286206",912321,914791,"2",2470
"DRR286206",914792,917931,"3",3139
"DRR286206",934123,935804,"6",1681
"DRR286206",948249,948864,"1",615
"DRR286206",948865,950023,"3",1158
"DRR286206",950024,955670,"1",5646
"DRR286206",956708,958568,"10",1860
"DRR286206",967405,968253,"10",848
"DRR286206",971034,972348,"1",1314
"DRR286206",974845,975909,"1",1064
"DRR286206",975910,980372,"3",4462
"DRR286206",980373,981395,"10",1022
"DRR286206",996924,997733,"4",809
"DRR286206",1008209,1008630,"10",421
"DRR286206",1021548,1022781,"10",1233
"DRR286206",1040343,1041956,"10",1613
"DRR286206",1041957,1043112,"4",1155
"DRR286206",1048968,1051357,"6",2389
"DRR286206",1052586,1053540,"7",954
"DRR286206",1053541,1054950,"10",1409
"DRR286206",1058340,1060822,"6",2482
"DRR286206",1060823,1061289,"3",466
"DRR286206",1061290,1063406,"10",2116
"DRR286206",1074082,1076087,"3",2005
"DRR286206",1079820,1081924,"5",2104
"DRR286206",1097257,1098594,"3",1337
"DRR286206",1120817,1121593,"5",776
"DRR286206",1130114,1131947,"3",1833
"DRR286206",1135741,1138134,"3",2393
"DRR286206",1142692,1144151,"4",1459
"DRR286206",1149603,1150485,"3",882
"DRR286206",1157417,1159278,"9",1861
"DRR286206",1179508,1182741,"1",3233
"DRR286206",1182742,1187834,"9",5092
"DRR286206",1203102,1203934,"9",832
"DRR286206",1216541,1216883,"9",342
"DRR286206",1216884,1218214,"3",1330
"DRR286206",1222466,1226736,"10",4270
"DRR286206",1226737,1227313,"3",576
"DRR286206",1245299,1247674,"3",2375
"DRR286206",1247675,1249495,"10",1820
"DRR286206",1257127,1258993,"3",1866
"DRR286206",1258994,1259648,"9",654
"DRR286206",1260557,1260799,"1",242
"DRR286206",1260800,1264105,"3",3305
"DRR286206",1264106,1265047,"4",941
"DRR286206",1278993,1280496,"3",1503
"DRR286206",1280497,1282713,"10",2216
"DRR286206",1284169,1285142,"10",973
"DRR286206",1287200,1289573,"3",2373
"DRR286206",1289574,1291846,"7",2272
"DRR286206",1296866,1299514,"3",2648
"DRR286206",1300493,1301288,"7",795
"DRR286206",1301289,1302780,"4",1491
"DRR286206",1306020,1307873,"3",1853
"DRR286206",1307874,1308306,"10",432
"DRR286206",1308307,1311112,"3",2805
"DRR286206",1321975,1323070,"1",1095
"DRR286206",1332567,1333453,"3",886
"DRR286206",1340137,1342056,"1",1919
"DRR286206",1346592,1347109,"7",517
"DRR286206",1347110,1348329,"3",1219
"DRR286206",1354008,1355814,"6",1806
"DRR286206",1355815,1356333,"4",518
"DRR286206",1356334,1357762,"9",1428
"DRR286206",1357763,1359043,"3",1280
"DRR286206",1359674,1361279,"2",1605
"DRR286206",1363033,1365728,"9",2695
"DRR286206",1365729,1366275,"6",546
"DRR286206",1366276,1368166,"9",1890
"DRR286206",1372891,1374154,"10",1263
"DRR286206",1375934,1381002,"10",5068
"DRR286206",1386258,1389303,"9",3045
"DRR286206",1392668,1395673,"10",3005
"DRR286206",1395674,1400831,"9",5157
"DRR286206",1400832,1403054,"3",2222
"DRR286206",1403055,1404113,"1",1058
"DRR286206",1419041,1420296,"3",1255
"DRR286206",1426828,1427986,"3",1158
"DRR286206",1463102,1465559,"9",2457
"DRR286206",1468425,1473071,"3",4646
"DRR286206",1473072,1478006,"9",4934
"DRR286206",1478007,1482240,"3",4233
"DRR286206",1490810,1491728,"1",918
"DRR286206",1491729,1493234,"5",1505
"DRR286206",1498494,1499903,"7",1409
"DRR286206",1511546,1512483,"10",937
"DRR286206",1515589,1517786,"9",2197
"DRR286206",1527007,1530904,"2",3897
"DRR286206",1542990,1545210,"3",2220
"DRR286206",1548380,1549841,"3",1461
"DRR286206",1552932,1553665,"7",733
"DRR286206",1559765,1560787,"9",1022
"DRR286206",1586846,1588625,"3",1779
"DRR286206",1590685,1595925,"9",5240
"DRR286206",1595926,1601398,"3",5472
"DRR286206",1604951,1606026,"3",1075
"DRR286206",1615735,1617612,"4",1877
"DRR286206",1621765,1623785,"9",2020
"DRR286206",1642686,1645342,"5",2656
"DRR286206",1651090,1652941,"3",1851
"DRR286206",1652942,1653655,"5",713
"DRR286206",1656118,1656833,"9",715
"DRR286206",1673540,1677017,"10",3477
"DRR286206",1680437,1682754,"9",2317
"DRR286206",1682755,1689484,"1",6729
"DRR286206",1695016,1695558,"3",542
"DRR286206",1710498,1711748,"3",1250
"DRR286206",1719364,1723427,"9",4063
"DRR286206",1723428,1723953,"3",525
"DRR286206",1725234,1726496,"3",1262
"DRR286206",1726497,1727781,"6",1284
"DRR286206",1727782,1734400,"3",6618
"DRR286206",1735312,1735723,"2",411
"DRR286206",1739517,1740578,"9",1061
"DRR286206",1740579,1743486,"3",2907
"DRR286206",1747032,1752980,"3",5948
"DRR286206",1754257,1758603,"3",4346
"DRR286206",1758604,1759864,"9",1260
"DRR286206",1759865,1760783,"3",918
"DRR286206",1760784,1766761,"1",5977
"DRR286206",1766762,1771589,"9",4827
"DRR286206",1771590,1772148,"10",558
"DRR286206",1781500,1786621,"1",5121
"DRR286206",1786622,1787704,"3",1082
"DRR286206",1789362,1794915,"3",5553
"DRR286206",1795028,1797240,"10",2212
"DRR286206",1803274,1804341,"10",1067
"DRR286206",1804342,1808679,"9",4337
"DRR286206",1827583,1835876,"9",8293
"DRR286206",1841786,1843848,"9",2062
"DRR286206",1846711,1849432,"3",2721
"DRR286206",1859905,1864046,"3",4141
"DRR286206",1864255,1864321,"7",66
"DRR286206",1864322,1867571,"9",3249
"DRR286206",1867572,1868863,"10",1291
"DRR286206",1877783,1878067,"7",284
"DRR286206",1878068,1881928,"9",3860
"DRR286206",1886925,1888434,"10",1509
"DRR286206",1892979,1895025,"9",2046
"DRR286206",1895026,1897538,"3",2512
"DRR286206",1905531,1910534,"9",5003
"DRR286206",1943928,1945472,"10",1544
"DRR286206",1945473,1950314,"3",4841
"DRR286206",1955924,1958426,"6",2502
"DRR286206",1966554,1968485,"10",1931
"DRR286206",1968486,1970462,"3",1976
"DRR286206",1972648,1973451,"3",803
"DRR286206",1973452,1977320,"10",3868
"DRR286206",1985598,1989304,"1",3706
"DRR286206",1994796,1998374,"3",3578
"DRR286206",2009552,2012830,"1",3278
"DRR286206",2018888,2020051,"3",1163
"DRR286206",2020052,2021326,"1",1274
"DRR286206",2023966,2027161,"9",3195
"DRR286206",2027162,2028564,"1",1402
"DRR286206",2028565,2032066,"10",3501
"DRR286206",2039739,2042680,"10",2941
"DRR286206",2044123,2045394,"2",1271
"DRR286206",2046001,2047848,"3",1847
"DRR286206",2065933,2066065,"3",132
"DRR286206",2066066,2066181,"6",115
"DRR286206",2073246,2076003,"2",2757
"DRR286206",2089899,2091512,"3",1613
"DRR286206",2091513,2093298,"2",1785
"DRR286206",2103203,2110253,"3",7050
"DRR286206",2110254,2111787,"1",1533
"DRR286206",2114267,2120132,"3",5865
"DRR286206",2121698,2123155,"3",1457
"DRR286206",2123156,2124662,"2",1506
"DRR286206",2124663,2125151,"3",488
"DRR286206",2128107,2131339,"3",3232
"DRR286206",2134320,2136308,"7",1988
"DRR286206",2136309,2138621,"6",2312
"DRR286206",2144383,2147543,"3",3160
"DRR286206",2147544,2157933,"9",10389
"DRR286206",2164352,2166430,"3",2078
"DRR286206",2170280,2173541,"4",3261
"DRR286206",2173542,2175499,"3",1957
"DRR286206",2175500,2177393,"10",1893
"DRR286206",2177394,2179021,"3",1627
"DRR286206",2179022,2179612,"7",590
"DRR286206",2197083,2199842,"3",2759
"DRR286206",2214148,2215999,"3",1851
"DRR286206",2218360,2218779,"6",419
"DRR286206",2229318,2230037,"6",719
"DRR286206",2230038,2232596,"1",2558
"DRR286206",2235481,2236320,"3",839
"DRR286206",2236321,2238867,"1",2546
"DRR286206",2240441,2242708,"10",2267
"DRR286206",2248856,2250415,"3",1559
"DRR286206",2256000,2257794,"4",1794
"DRR286206",2265462,2266053,"6",591
"DRR286206",2266054,2268045,"3",1991
"DRR286206",2276996,2278273,"6",1277
"DRR286206",2284136,2286329,"2",2193
"DRR286206",2286330,2287919,"3",1589
"DRR286206",2287920,2289470,"10",1550
"DRR286206",2326234,2327728,"3",1494
"DRR286206",2338291,2342517,"3",4226
"DRR286206",2346406,2350039,"1",3633
"DRR286206",2350040,2351454,"3",1414
"DRR286206",2375186,2377597,"10",2411
"DRR286206",2383011,2384293,"6",1282
"DRR286206",2388954,2390002,"4",1048
"DRR286206",2410945,2412433,"10",1488
"DRR286206",2412434,2413224,"3",790
"DRR286206",2425996,2428534,"9",2538
"DRR286206",2444131,2446052,"9",1921
"DRR286206",2446758,2448038,"3",1280
"DRR286206",2451458,2454426,"9",2968
"DRR286206",2458783,2463188,"10",4405
"DRR286206",2478541,2478917,"7",376
"DRR286206",2481560,2482384,"10",824
"DRR286206",2482385,2489604,"3",7219
"DRR286206",2489605,2494275,"9",4670
"DRR286206",2494276,2495129,"10",853
"DRR286206",2495130,2495905,"7",775
"DRR286206",2495906,2501848,"10",5942
"DRR286206",2504857,2508151,"3",3294
"DRR286206",2522547,2526868,"3",4321
"DRR286206",2526869,2527537,"6",668
"DRR286206",2538907,2542845,"9",3938
"DRR286206",2547376,2549136,"2",1760
"DRR286206",2549137,2551126,"3",1989
"DRR286206",2556453,2566412,"9",9959
"DRR286206",2580567,2581793,"3",1226
"DRR286206",2594425,2598584,"1",4159
"DRR286206",2613145,2613999,"9",854
"DRR286206",2614000,2615055,"3",1055
"DRR286206",2624906,2625848,"2",942
"DRR286206",2627890,2630285,"3",2395
"DRR286206",2632228,2634261,"3",2033
"DRR286206",2649688,2652436,"9",2748
"DRR286206",2652437,2655107,"10",2670
"DRR286206",2655108,2655813,"9",705
"DRR286206",2659926,2660652,"3",726
"DRR286206",2660653,2662675,"5",2022
"DRR286206",2667447,2675080,"9",7633
"DRR286206",2676137,2679276,"10",3139
"DRR286206",2679277,2680460,"3",1183
"DRR286206",2690381,2692422,"7",2041
"DRR286206",2692423,2693071,"1",648
"DRR286206",2698979,2701367,"3",2388
"DRR286206",2708875,2711907,"3",3032
"DRR286206",2715746,2717481,"5",1735
"DRR286206",2725588,2727827,"3",2239
"DRR286206",2727828,2730582,"10",2754
"DRR286206",2730940,2735337,"1",4397
"DRR286206",2738417,2740427,"3",2010
"DRR286206",2760227,2764450,"9",4223
"DRR286206",2764451,2766291,"10",1840
"DRR286206",2777704,2779435,"6",1731
"DRR286206",2787456,2791124,"3",3668
"DRR286206",2796644,2798401,"5",1757
"DRR286206",2798402,2800195,"3",1793
"DRR286206",2801928,2803402,"6",1474
"DRR286206",2803403,2809908,"3",6505
"DRR286206",2826949,2830559,"1",3610
"DRR286206",2831828,2833232,"9",1404
"DRR286206",2833233,2834126,"3",893
"DRR286206",2837214,2838538,"3",1324
"DRR286206",2841287,2843130,"10",1843
"DRR286206",2843131,2844354,"3",1223
"DRR286206",2844355,2845691,"4",1336
"DRR286206",2850218,2852258,"6",2040
"DRR286206",2866010,2867749,"7",1739
"DRR286206",2872430,2873410,"2",980
"DRR286206",2900287,2904460,"1",4173
"DRR286206",2905475,2906455,"2",980
"DRR286206",2906456,2909828,"10",3372
"DRR286206",2916080,2917473,"4",1393
"DRR286206",2934770,2935761,"10",991
"DRR286206",2935762,2937085,"3",1323
"DRR286206",2941176,2942248,"3",1072
"DRR286206",2948086,2955908,"1",7822
"DRR286206",2955909,2959521,"9",3612
"DRR286206",2959522,2962546,"3",3024
"DRR286206",2962547,2964367,"10",1820
"DRR286206",2965455,2968589,"9",3134
"DRR286206",2968590,2971227,"5",2637
"DRR286206",2971228,2972465,"1",1237
"DRR286206",2982551,2986223,"9",3672
"DRR286206",2987039,2989894,"3",2855
"DRR286206",2989895,2990142,"5",247
"DRR286206",2990143,2990616,"3",473
"DRR286206",2990617,2995755,"9",5138
"DRR286206",2995756,3000413,"10",4657
"DRR286206",3009907,3010890,"10",983
"DRR286206",3022214,3025624,"3",3410
"DRR286206",3035642,3037463,"10",1821
"DRR286206",3045268,3047817,"6",2549
"DRR286206",3047818,3051852,"3",4034
"DRR286206",3058679,3063625,"3",4946
"DRR286206",3063626,3064908,"7",1282
"DRR286206",3064909,3065541,"4",632
"DRR286206",3072408,3075310,"3",2902
"DRR286206",3075311,3076371,"10",1060
"DRR286206",3120929,3123925,"3",2996
"DRR286206",3152666,3156948,"6",4282
"DRR286206",3156949,3164505,"1",7556
"DRR286206",3168020,3169229,"4",1209
"DRR286206",3169230,3170512,"3",1282
"DRR286206",3172784,3174333,"1",1549
"DRR286206",3179295,3184607,"1",5312
"DRR286206",3184608,3188246,"3",3638
"DRR286206",3188247,3193891,"9",5644
"DRR286206",3202054,3206717,"3",4663
"DRR286206",3214694,3216015,"3",1321
"DRR286206",3222972,3224622,"3",1650
"DRR286206",3232855,3234894,"3",2039
"DRR286206",3240596,3246365,"3",5769
"DRR286206",3252157,3252703,"10",546
"DRR286206",3252704,3252865,"3",161
"DRR286206",3252866,3253758,"4",892
"DRR286206",3253759,3257633,"3",3874
"DRR286206",3257634,3260994,"10",3360
"DRR286206",3260995,3265206,"3",4211
"DRR286206",3286545,3288622,"3",2077
"DRR286206",3317180,3318158,"3",978
"DRR286206",3320058,3321433,"4",1375
"DRR286206",3323996,3330360,"3",6364
"DRR286206",3338582,3341953,"10",3371
"DRR286206",3342902,3345103,"3",2201
"DRR286206",3345104,3349534,"10",4430
"DRR286206",3356525,3361438,"3",4913
"DRR286206",3371241,3371260,"9",19
"DRR286206",3373703,3374469,"7",766
"DRR286206",3375000,3385629,"10",10629
"DRR286206",3385630,3386434,"5",804
"DRR286206",3386435,3388025,"6",1590
"DRR286206",3396748,3399748,"6",3000
"DRR286206",3399749,3400983,"10",1234
"DRR286206",3406636,3412894,"3",6258
"DRR286206",3429212,3429559,"9",347
"DRR286206",3429560,3431324,"3",1764
"DRR286206",3431325,3435182,"1",3857
"DRR286206",3437991,3441259,"10",3268
"DRR286206",3441260,3442645,"3",1385
"DRR286206",3445596,3451493,"10",5897
"DRR286206",3451494,3453170,"3",1676
"DRR286206",3453171,3454090,"4",919
"DRR286206",3454091,3456367,"10",2276
"DRR286206",3457847,3460024,"3",2177
"DRR286206",3462290,3463769,"3",1479
"DRR286206",3469596,3473282,"1",3686
"DRR286206",3473970,3475145,"10",1175
"DRR286206",3476330,3479913,"4",3583
"DRR286206",3479914,3481667,"7",1753
"DRR286206",3492277,3492936,"2",659
"DRR286206",3525803,3529033,"3",3230
"DRR286206",3535994,3537066,"3",1072
"DRR286206",3547282,3549271,"6",1989
"DRR286206",3556934,3558125,"5",1191
"DRR286206",3562697,3564449,"10",1752
"DRR286206",3564450,3565965,"6",1515
"DRR286206",3570409,3571313,"10",904
"DRR286206",3571314,3572108,"9",794
"DRR286206",3577291,3581743,"10",4452
"DRR286206",3581744,3581885,"9",141
"DRR286206",3581886,3582416,"6",530
"DRR286206",3582417,3583158,"9",741
"DRR286206",3583909,3586718,"9",2809
"DRR286206",3588718,3590474,"9",1756
"DRR286206",3609438,3610053,"10",615
"DRR286206",3614681,3615645,"10",964
"DRR286206",3615646,3623051,"3",7405
"DRR286206",3625152,3625579,"5",427
"DRR286206",3625580,3627152,"6",1572
"DRR286206",3632875,3634046,"5",1171
"DRR286206",3639652,3640283,"3",631
"DRR286206",3641899,3642644,"3",745
"DRR286206",3648979,3649747,"3",768
"DRR286206",3649748,3653904,"10",4156
"DRR286206",3656773,3657470,"10",697
"DRR286206",3657471,3658037,"3",566
"DRR286206",3663572,3663797,"3",225
"DRR286206",3670023,3670972,"10",949
"DRR286206",3670973,3672524,"7",1551
"DRR286206",3672525,3673586,"10",1061
"DRR286206",3675318,3677680,"10",2362
"DRR286206",3680818,3682321,"10",1503
"DRR286206",3682322,3682518,"1",196
"DRR286206",3685898,3687013,"3",1115
"DRR286206",3693047,3694430,"3",1383
"DRR286206",3698160,3702235,"10",4075
"DRR286206",3702236,3707604,"9",5368
"DRR286206",3709167,3720735,"3",11568
"DRR286206",3720736,3721735,"2",999
"DRR286206",3735194,3735664,"4",470
"DRR286206",3735665,3737461,"10",1796
"DRR286206",3738591,3741007,"6",2416
"DRR286206",3746341,3747427,"10",1086
"DRR286206",3751052,3751587,"10",535
"DRR286206",3751588,3752312,"1",724
"DRR286206",3752313,3752765,"3",452
"DRR286206",3753918,3756965,"3",3047
"DRR286206",3758613,3762023,"3",3410
"DRR286206",3772795,3774731,"3",1936
"DRR286206",3777577,3778405,"1",828
"DRR286206",3778406,3779346,"9",940
"DRR286206",3808460,3810871,"10",2411
"DRR286206",3813804,3817713,"6",3909
"DRR286206",3825184,3827582,"9",2398
"DRR286206",3839345,3841405,"3",2060
"DRR286206",3841406,3843161,"4",1755
"DRR286206",3844911,3846613,"3",1702
"DRR286206",3849641,3849897,"5",256
"DRR286206",3849898,3853580,"10",3682
"DRR286206",3860856,3861336,"2",480
"DRR286206",3861337,3862636,"10",1299
"DRR286206",3862637,3863639,"3",1002
"DRR286206",3867548,3868205,"3",657
"DRR286206",3868206,3869860,"10",1654
"DRR286206",3880065,3881350,"10",1285
"DRR286206",3881351,3882434,"1",1083
"DRR286206",3882435,3883867,"3",1432
"DRR286206",3883868,3887019,"1",3151
"DRR286206",3887020,3888240,"3",1220
"DRR286206",3915351,3918263,"4",2912
"DRR286206",3924259,3925726,"4",1467
"DRR286206",3925727,3927200,"10",1473
"DRR286206",3931724,3936653,"10",4929
"DRR286206",3936693,3938547,"3",1854
"DRR286206",3953462,3955725,"6",2263
"DRR286206",3956067,3956796,"3",729
"DRR286206",3957618,3959979,"10",2361
"DRR286206",3963871,3965332,"3",1461
"DRR286206",3968595,3970701,"3",2106
"DRR286206",4016351,4017294,"3",943
"DRR286206",4019970,4021053,"6",1083
"DRR286206",4034775,4038643,"9",3868
"DRR286206",4038644,4040874,"7",2230
"DRR286206",4047498,4052229,"5",4731
"DRR286206",4052230,4053777,"4",1547
"DRR286206",4053778,4059931,"5",6153
"DRR286206",4061143,4064261,"9",3118
"DRR286206",4070726,4072630,"5",1904
"DRR286206",4072631,4073474,"4",843
"DRR286206",4076499,4078564,"6",2065
"DRR286206",4085168,4088071,"3",2903
"DRR286206",4108355,4114448,"6",6093
"DRR286206",4114449,4118095,"10",3646
"DRR286206",4127830,4129165,"2",1335
"DRR286206",4129166,4133950,"10",4784
"DRR286206",4157544,4175162,"4",17618
"DRR286206",4175163,4188112,"1",12949
"DRR286206",4188113,4188294,"10",181
"DRR286206",4196844,4211528,"1",14684
"DRR286206",4211529,4226414,"3",14885
"DRR286206",4226415,4229519,"10",3104
"ERR12861874",18335,18764,"9",429
"ERR12861874",20969,22061,"9",1092
"ERR12861874",88495,89101,"6",606
"ERR12861874",89102,89321,"4",219
"ERR12861874",89322,89803,"6",481
"ERR12861874",93967,94517,"10",550
"ERR12861874",109621,111606,"6",1985
"ERR12861874",113997,114934,"10",937
"ERR12861874",130392,132506,"4",2114
"ERR12861874",138240,140278,"10",2038
"ERR12861874",173223,175032,"6",1809
"ERR12861874",183683,184588,"7",905
"ERR12861874",187007,189957,"7",2950
"ERR12861874",190176,191615,"1",1439
"ERR12861874",197940,199724,"6",1784
"ERR12861874",201829,202987,"10",1158
"ERR12861874",202988,204267,"6",1279
"ERR12861874",210083,210301,"9",218
"ERR12861874",236053,237044,"7",991
"ERR12861874",249419,251704,"10",2285
"ERR12861874",265808,266613,"6",805
"ERR12861874",266614,267957,"10",1343
"ERR12861874",276026,276639,"3",613
"ERR12861874",283083,285156,"1",2073
"ERR12861874",285157,286863,"10",1706
"ERR12861874",338678,339217,"10",539
"ERR12861874",345351,346387,"10",1036
"ERR12861874",369547,370496,"1",949
"ERR12861874",385989,387830,"10",1841
"ERR12861874",388384,391134,"6",2750
"ERR12861874",395529,396396,"10",867
"ERR12861874",406653,407508,"10",855
"ERR12861874",468857,469961,"10",1104
"ERR12861874",478700,481345,"4",2645
"ERR12861874",485922,486491,"8",569
"ERR12861874",498283,499080,"9",797
"ERR12861874",524434,526960,"10",2526
"ERR12861874",535352,536599,"2",1247
"ERR12861874",575045,576140,"9",1095
"ERR12861874",614432,617643,"6",3211
"ERR12861874",643033,643621,"8",588
"ERR12861874",652324,653150,"1",826
"ERR12861874",663012,664093,"10",1081
"ERR12861874",674620,676452,"6",1832
"ERR12861874",680685,681991,"10",1306
"ERR12861874",696765,698559,"10",1794
"ERR12861874",704764,706171,"10",1407
"ERR12861874",706172,706575,"7",403
"ERR12861874",712392,714031,"9",1639
"ERR12861874",727235,731279,"6",4044
"ERR12861874",731333,733157,"2",1824
"ERR12861874",783660,784406,"10",746
"ERR12861874",791139,791761,"6",622
"ERR12861874",791986,792911,"6",925
"ERR12861874",798632,799455,"4",823
"ERR12861874",810282,811409,"8",1127
"ERR12861874",823926,825854,"9",1928
"ERR12861874",832908,834608,"6",1700
"ERR12861874",843593,845528,"7",1935
"ERR12861874",848377,848819,"9",442
"ERR12861874",856451,857397,"10",946
"ERR12861874",860416,861561,"10",1145
"ERR12861874",871819,874055,"1",2236
"ERR12861874",877279,878074,"7",795
"ERR12861874",881726,883435,"2",1709
"ERR12861874",891123,891952,"3",829
"ERR12861874",896883,898654,"8",1771
"ERR12861874",913548,915351,"9",1803
"ERR12861874",915352,916603,"10",1251
"ERR12861874",925709,929188,"9",3479
"ERR12861874",939016,944328,"10",5312
"ERR12861874",944329,944445,"9",116
"ERR12861874",948249,950023,"10",1774
"ERR12861874",956708,957667,"6",959
"ERR12861874",962896,963717,"10",821
"ERR12861874",968288,968678,"10",390
"ERR12861874",969850,970984,"2",1134
"ERR12861874",986530,987282,"6",752
"ERR12861874",993003,994830,"10",1827
"ERR12861874",1035295,1036253,"8",958
"ERR12861874",1056250,1058862,"10",2612
"ERR12861874",1074817,1076116,"9",1299
"ERR12861874",1078317,1079199,"1",882
"ERR12861874",1080397,1081476,"9",1079
"ERR12861874",1081477,1084667,"10",3190
"ERR12861874",1096863,1097206,"8",343
"ERR12861874",1101664,1103225,"7",1561
"ERR12861874",1103226,1103837,"10",611
"ERR12861874",1115584,1117714,"9",2130
"ERR12861874",1117715,1119791,"2",2076
"ERR12861874",1131184,1131947,"9",763
"ERR12861874",1153936,1156233,"1",2297
"ERR12861874",1168438,1169110,"1",672
"ERR12861874",1169111,1169889,"3",778
"ERR12861874",1189666,1190636,"1",970
"ERR12861874",1213940,1217145,"6",3205
"ERR12861874",1245258,1245996,"10",738
"ERR12861874",1250139,1250635,"10",496
"ERR12861874",1258098,1259604,"10",1506
"ERR12861874",1259605,1260212,"7",607
"ERR12861874",1272957,1274372,"2",1415
"ERR12861874",1274991,1277161,"1",2170
"ERR12861874",1282091,1285271,"9",3180
"ERR12861874",1324791,1326170,"6",1379
"ERR12861874",1369877,1371216,"2",1339
"ERR12861874",1381813,1382124,"6",311
"ERR12861874",1394025,1395817,"9",1792
"ERR12861874",1415978,1417901,"8",1923
"ERR12861874",1418786,1420234,"6",1448
"ERR12861874",1434141,1435808,"10",1667
"ERR12861874",1459338,1461219,"8",1881
"ERR12861874",1461220,1462136,"3",916
"ERR12861874",1465930,1467716,"10",1786
"ERR12861874",1469338,1470098,"10",760
"ERR12861874",1489618,1490600,"10",982
"ERR12861874",1496907,1499597,"6",2690
"ERR12861874",1499598,1501380,"1",1782
"ERR12861874",1510180,1511373,"10",1193
"ERR12861874",1525094,1526530,"9",1436
"ERR12861874",1535382,1540649,"10",5267
"ERR12861874",1542175,1542939,"10",764
"ERR12861874",1550558,1552168,"2",1610
"ERR12861874",1552169,1552855,"10",686
"ERR12861874",1552856,1553788,"9",932
"ERR12861874",1553789,1557838,"10",4049
"ERR12861874",1557839,1557928,"6",89
"ERR12861874",1561411,1562537,"10",1126
"ERR12861874",1565241,1566478,"10",1237
"ERR12861874",1566649,1569096,"2",2447
"ERR12861874",1589002,1591252,"6",2250
"ERR12861874",1604657,1605374,"1",717
"ERR12861874",1632647,1634339,"10",1692
"ERR12861874",1634340,1635105,"2",765
"ERR12861874",1642453,1643076,"7",623
"ERR12861874",1643077,1648717,"4",5640
"ERR12861874",1648718,1649802,"10",1084
"ERR12861874",1660023,1664098,"10",4075
"ERR12861874",1679367,1680240,"3",873
"ERR12861874",1683427,1684640,"9",1213
"ERR12861874",1688824,1693146,"10",4322
"ERR12861874",1693147,1694055,"1",908
"ERR12861874",1731512,1733065,"2",1553
"ERR12861874",1760525,1761555,"9",1030
"ERR12861874",1786735,1787558,"10",823
"ERR12861874",1794788,1795892,"1",1104
"ERR12861874",1814594,1815830,"2",1236
"ERR12861874",1827141,1828905,"9",1764
"ERR12861874",1831626,1834718,"9",3092
"ERR12861874",1849433,1852176,"9",2743
"ERR12861874",1855162,1858285,"9",3123
"ERR12861874",1862663,1865043,"10",2380
"ERR12861874",1865044,1866499,"7",1455
"ERR12861874",1869002,1870856,"4",1854
"ERR12861874",1873073,1876432,"10",3359
"ERR12861874",1878430,1879395,"9",965
"ERR12861874",1879396,1880123,"4",727
"ERR12861874",1883546,1884117,"9",571
"ERR12861874",1884118,1886515,"2",2397
"ERR12861874",1893772,1895182,"6",1410
"ERR12861874",1903873,1904937,"2",1064
"ERR12861874",1920357,1929407,"10",9050
"ERR12861874",1934779,1942908,"10",8129
"ERR12861874",1944732,1945524,"7",792
"ERR12861874",1954355,1955317,"2",962
"ERR12861874",1981996,1982963,"7",967
"ERR12861874",1982964,1986928,"10",3964
"ERR12861874",1996192,1997341,"4",1149
"ERR12861874",1997342,1998678,"2",1336
"ERR12861874",1999368,2001023,"8",1655
"ERR12861874",2011628,2012529,"6",901
"ERR12861874",2020121,2021709,"9",1588
"ERR12861874",2021710,2022090,"10",380
"ERR12861874",2025110,2026136,"9",1026
"ERR12861874",2033979,2036129,"1",2150
"ERR12861874",2093233,2093595,"2",362
"ERR12861874",2093596,2094160,"7",564
"ERR12861874",2106698,2108094,"7",1396
"ERR12861874",2111828,2112381,"4",553
"ERR12861874",2126722,2128283,"4",1561
"ERR12861874",2128284,2131095,"6",2811
"ERR12861874",2151568,2154261,"6",2693
"ERR12861874",2164527,2166215,"6",1688
"ERR12861874",2172692,2175038,"10",2346
"ERR12861874",2176529,2178467,"10",1938
"ERR12861874",2197500,2204818,"6",7318
"ERR12861874",2223325,2224855,"10",1530
"ERR12861874",2229318,2230037,"8",719
"ERR12861874",2249363,2250827,"3",1464
"ERR12861874",2250828,2252128,"10",1300
"ERR12861874",2266381,2271131,"4",4750
"ERR12861874",2303393,2305426,"2",2033
"ERR12861874",2319866,2320984,"9",1118
"ERR12861874",2322557,2322794,"7",237
"ERR12861874",2322795,2323259,"6",464
"ERR12861874",2330663,2332083,"7",1420
"ERR12861874",2332084,2333804,"4",1720
"ERR12861874",2333805,2335412,"10",1607
"ERR12861874",2335413,2336488,"2",1075
"ERR12861874",2357386,2360194,"9",2808
"ERR12861874",2367873,2369143,"10",1270
"ERR12861874",2381528,2382787,"2",1259
"ERR12861874",2390402,2394142,"8",3740
"ERR12861874",2404730,2405111,"9",381
"ERR12861874",2409930,2410225,"2",295
"ERR12861874",2410226,2411923,"10",1697
"ERR12861874",2430838,2431675,"10",837
"ERR12861874",2461830,2463274,"10",1444
"ERR12861874",2465364,2466305,"6",941
"ERR12861874",2471096,2472372,"8",1276
"ERR12861874",2513459,2515180,"9",1721
"ERR12861874",2518099,2518753,"9",654
"ERR12861874",2530685,2531878,"2",1193
"ERR12861874",2546670,2548015,"1",1345
"ERR12861874",2554969,2556844,"2",1875
"ERR12861874",2558741,2561947,"2",3206
"ERR12861874",2570747,2571793,"10",1046
"ERR12861874",2583492,2585642,"4",2150
"ERR12861874",2595802,2598405,"6",2603
"ERR12861874",2598406,2600473,"9",2067
"ERR12861874",2600474,2601744,"6",1270
"ERR12861874",2603995,2604855,"10",860
"ERR12861874",2621022,2625521,"9",4499
"ERR12861874",2643514,2645519,"10",2005
"ERR12861874",2645520,2645967,"2",447
"ERR12861874",2674206,2674979,"1",773
"ERR12861874",2679864,2681809,"8",1945
"ERR12861874",2705072,2705775,"2",703
"ERR12861874",2723021,2723636,"9",615
"ERR12861874",2728838,2737698,"6",8860
"ERR12861874",2764947,2766953,"2",2006
"ERR12861874",2766954,2769829,"8",2875
"ERR12861874",2772806,2773765,"2",959
"ERR12861874",2814237,2817120,"10",2883
"ERR12861874",2817121,2820592,"4",3471
"ERR12861874",2831984,2833232,"9",1248
"ERR12861874",2834804,2835746,"10",942
"ERR12861874",2845556,2846324,"6",768
"ERR12861874",2850420,2851454,"6",1034
"ERR12861874",2859331,2861375,"1",2044
"ERR12861874",2865927,2872429,"6",6502
"ERR12861874",2872430,2873259,"2",829
"ERR12861874",2874004,2874893,"2",889
"ERR12861874",2874894,2879744,"6",4850
"ERR12861874",2887417,2889485,"10",2068
"ERR12861874",2902626,2902911,"6",285
"ERR12861874",2910725,2912260,"10",1535
"ERR12861874",2918026,2920597,"10",2571
"ERR12861874",2928485,2929785,"10",1300
"ERR12861874",2942549,2943463,"9",914
"ERR12861874",2943464,2950552,"6",7088
"ERR12861874",2967577,2968226,"9",649
"ERR12861874",2971477,2972807,"9",1330
"ERR12861874",2977949,2979271,"4",1322
"ERR12861874",2979272,2981385,"10",2113
"ERR12861874",3048794,3053530,"10",4736
"ERR12861874",3053531,3054876,"8",1345
"ERR12861874",3065713,3068624,"1",2911
"ERR12861874",3108109,3109467,"10",1358
"ERR12861874",3119869,3121005,"2",1136
"ERR12861874",3134704,3135819,"10",1115
"ERR12861874",3149539,3151525,"6",1986
"ERR12861874",3159781,3160862,"9",1081
"ERR12861874",3160863,3165010,"1",4147
"ERR12861874",3192088,3192860,"6",772
"ERR12861874",3197751,3199033,"9",1282
"ERR12861874",3199034,3202053,"6",3019
"ERR12861874",3222972,3224622,"10",1650
"ERR12861874",3236468,3237479,"2",1011
"ERR12861874",3246366,3247586,"2",1220
"ERR12861874",3247587,3248581,"10",994
"ERR12861874",3258659,3260595,"10",1936
"ERR12861874",3279608,3280239,"3",631
"ERR12861874",3286700,3290359,"6",3659
"ERR12861874",3290360,3293409,"10",3049
"ERR12861874",3293410,3295490,"9",2080
"ERR12861874",3306815,3307600,"7",785
"ERR12861874",3335979,3336914,"10",935
"ERR12861874",3368132,3370978,"10",2846
"ERR12861874",3372884,3374230,"10",1346
"ERR12861874",3388112,3393933,"8",5821
"ERR12861874",3404294,3405575,"9",1281
"ERR12861874",3428653,3429559,"10",906
"ERR12861874",3445701,3446908,"10",1207
"ERR12861874",3458186,3460024,"10",1838
"ERR12861874",3460025,3462144,"7",2119
"ERR12861874",3465091,3468027,"10",2936
"ERR12861874",3468028,3471087,"1",3059
"ERR12861874",3471088,3472431,"8",1343
"ERR12861874",3472432,3473054,"1",622
"ERR12861874",3481002,3481460,"1",458
"ERR12861874",3489381,3490727,"10",1346
"ERR12861874",3512001,3512969,"7",968
"ERR12861874",3520527,3521364,"10",837
"ERR12861874",3527809,3528295,"2",486
"ERR12861874",3543150,3545365,"10",2215
"ERR12861874",3562459,3564319,"10",1860
"ERR12861874",3574527,3574901,"2",374
"ERR12861874",3581502,3581795,"1",293
"ERR12861874",3581796,3582532,"6",736
"ERR12861874",3588580,3590474,"9",1894
"ERR12861874",3590475,3591230,"8",755
"ERR12861874",3642090,3643579,"9",1489
"ERR12861874",3652238,3656360,"10",4122
"ERR12861874",3663705,3664964,"2",1259
"ERR12861874",3664965,3666824,"1",1859
"ERR12861874",3675318,3677634,"9",2316
"ERR12861874",3685898,3687455,"8",1557
"ERR12861874",3687979,3688807,"10",828
"ERR12861874",3724184,3724790,"10",606
"ERR12861874",3729285,3730000,"7",715
"ERR12861874",3730001,3730942,"1",941
"ERR12861874",3764817,3765689,"10",872
"ERR12861874",3781869,3783555,"10",1686
"ERR12861874",3813912,3816387,"6",2475
"ERR12861874",3834785,3836108,"10",1323
"ERR12861874",3845196,3846025,"8",829
"ERR12861874",3848081,3848837,"10",756
"ERR12861874",3868117,3870726,"6",2609
"ERR12861874",3870727,3872990,"10",2263
"ERR12861874",3883443,3885327,"10",1884
"ERR12861874",3887178,3888071,"10",893
"ERR12861874",3896657,3897424,"10",767
"ERR12861874",3901088,3901722,"10",634
"ERR12861874",3928097,3931269,"10",3172
"ERR12861874",3944175,3945064,"1",889
"ERR12861874",3949092,3949455,"10",363
"ERR12861874",3968737,3969368,"2",631
"ERR12861874",3972020,3975085,"10",3065
"ERR12861874",3978087,3978818,"1",731
"ERR12861874",4018350,4020276,"10",1926
"ERR12861874",4042090,4043216,"7",1126
"ERR12861874",4044686,4045322,"3",636
"ERR12861874",4082335,4083740,"6",1405
"ERR12861874",4111914,4114279,"1",2365
"ERR12861874",4117849,4131273,"10",13424
"ERR12861874",4283302,4297722,"2",14420
"ERR12861624",2586060,2587049,"5",989
"ERR12861624",2587050,2587902,"10",852
"ERR12861624",3151985,3152665,"3",680
"DRR286131",1496907,1498493,"8",1586
"DRR286131",3547717,3548998,"6",1281
"SRR13556503",46620,51349,"6",4729
"SRR13556503",69833,70566,"6",733
"SRR13556503",74118,78677,"1",4559
"SRR13556503",101877,102529,"7",652
"SRR13556503",102530,104390,"2",1860
"SRR13556503",104493,109403,"7",4910
"SRR13556503",149438,155212,"6",5774
"SRR13556503",194784,195458,"9",674
"SRR13556503",238348,241686,"7",3338
"SRR13556503",241915,246091,"6",4176
"SRR13556503",246092,249210,"1",3118
"SRR13556503",286774,287753,"1",979
"SRR13556503",313921,315572,"7",1651
"SRR13556503",315573,317559,"6",1986
"SRR13556503",323204,324641,"7",1437
"SRR13556503",369611,371487,"7",1876
"SRR13556503",371488,374092,"10",2604
"SRR13556503",387346,396551,"7",9205
"SRR13556503",420927,422042,"7",1115
"SRR13556503",422043,424089,"6",2046
"SRR13556503",443577,444312,"6",735
"SRR13556503",449082,450581,"6",1499
"SRR13556503",450582,451621,"7",1039
"SRR13556503",455852,457923,"6",2071
"SRR13556503",492506,492893,"6",387
"SRR13556503",526518,528465,"7",1947
"SRR13556503",564563,566200,"6",1637
"SRR13556503",609262,609793,"10",531
"SRR13556503",669395,670131,"7",736
"SRR13556503",700528,701920,"5",1392
"SRR13556503",753200,757871,"6",4671
"SRR13556503",763071,765192,"6",2121
"SRR13556503",771058,771738,"7",680
"SRR13556503",803152,803912,"7",760
"SRR13556503",818553,823925,"7",5372
"SRR13556503",835669,836648,"6",979
"SRR13556503",853127,855408,"6",2281
"SRR13556503",886627,888025,"7",1398
"SRR13556503",896700,897361,"6",661
"SRR13556503",902530,907304,"6",4774
"SRR13556503",907305,907783,"7",478
"SRR13556503",935158,935722,"7",564
"SRR13556503",949855,950436,"1",581
"SRR13556503",962564,966028,"7",3464
"SRR13556503",1032721,1035355,"6",2634
"SRR13556503",1046731,1046944,"9",213
"SRR13556503",1046945,1048046,"7",1101
"SRR13556503",1114700,1119964,"7",5264
"SRR13556503",1121895,1123087,"7",1192
"SRR13556503",1127848,1130811,"1",2963
"SRR13556503",1134640,1136920,"7",2280
"SRR13556503",1136921,1139105,"5",2184
"SRR13556503",1160519,1163854,"7",3335
"SRR13556503",1173625,1174648,"6",1023
"SRR13556503",1188418,1190742,"7",2324
"SRR13556503",1199368,1200305,"6",937
"SRR13556503",1204094,1205367,"5",1273
"SRR13556503",1265202,1266157,"10",955
"SRR13556503",1285390,1288875,"7",3485
"SRR13556503",1306473,1307777,"6",1304
"SRR13556503",1333671,1335047,"7",1376
"SRR13556503",1347110,1348416,"6",1306
"SRR13556503",1352851,1353603,"6",752
"SRR13556503",1369684,1372767,"6",3083
"SRR13556503",1407274,1411731,"6",4457
"SRR13556503",1413504,1415307,"10",1803
"SRR13556503",1415308,1420156,"7",4848
"SRR13556503",1431135,1433827,"6",2692
"SRR13556503",1448038,1449867,"7",1829
"SRR13556503",1462323,1467904,"6",5581
"SRR13556503",1473849,1474704,"10",855
"SRR13556503",1491838,1495928,"10",4090
"SRR13556503",1498494,1501512,"7",3018
"SRR13556503",1505583,1507115,"6",1532
"SRR13556503",1507116,1513892,"7",6776
"SRR13556503",1541272,1547829,"7",6557
"SRR13556503",1559765,1560399,"3",634
"SRR13556503",1568410,1575929,"6",7519
"SRR13556503",1575930,1576590,"5",660
"SRR13556503",1576591,1581880,"6",5289
"SRR13556503",1583329,1583838,"7",509
"SRR13556503",1589919,1590829,"2",910
"SRR13556503",1627890,1629518,"6",1628
"SRR13556503",1648847,1650555,"7",1708
"SRR13556503",1654776,1656909,"7",2133
"SRR13556503",1664684,1666489,"1",1805
"SRR13556503",1674928,1675927,"9",999
"SRR13556503",1690159,1690484,"2",325
"SRR13556503",1690485,1692979,"7",2494
"SRR13556503",1701303,1702297,"7",994
"SRR13556503",1711296,1715707,"7",4411
"SRR13556503",1748588,1749882,"7",1294
"SRR13556503",1749883,1751968,"10",2085
"SRR13556503",1762009,1763121,"1",1112
"SRR13556503",1777302,1778278,"10",976
"SRR13556503",1783338,1784182,"6",844
"SRR13556503",1794788,1796519,"7",1731
"SRR13556503",1796520,1796760,"1",240
"SRR13556503",1816190,1819113,"7",2923
"SRR13556503",1819114,1829123,"6",10009
"SRR13556503",1839916,1840800,"3",884
"SRR13556503",1863466,1874573,"6",11107
"SRR13556503",1923803,1930342,"10",6539
"SRR13556503",2020147,2021227,"6",1080
"SRR13556503",2058809,2059882,"5",1073
"SRR13556503",2070780,2072317,"1",1537
"SRR13556503",2087551,2089618,"10",2067
"SRR13556503",2095246,2095809,"6",563
"SRR13556503",2095810,2096729,"7",919
"SRR13556503",2113493,2117629,"7",4136
"SRR13556503",2120517,2120992,"6",475
"SRR13556503",2129021,2131095,"6",2074
"SRR13556503",2132669,2134786,"7",2117
"SRR13556503",2146701,2154026,"7",7325
"SRR13556503",2182991,2184784,"5",1793
"SRR13556503",2207912,2209605,"1",1693
"SRR13556503",2220843,2221448,"9",605
"SRR13556503",2239752,2242198,"7",2446
"SRR13556503",2276735,2277791,"7",1056
"SRR13556503",2293409,2294558,"6",1149
"SRR13556503",2295598,2295969,"1",371
"SRR13556503",2311221,2312530,"5",1309
"SRR13556503",2314708,2319548,"6",4840
"SRR13556503",2324238,2324999,"6",761
"SRR13556503",2355213,2363857,"7",8644
"SRR13556503",2375614,2383169,"7",7555
"SRR13556503",2390265,2394076,"6",3811
"SRR13556503",2424551,2425739,"7",1188
"SRR13556503",2440120,2442035,"6",1915
"SRR13556503",2442036,2444041,"5",2005
"SRR13556503",2446758,2447834,"6",1076
"SRR13556503",2530562,2531977,"6",1415
"SRR13556503",2538181,2539210,"3",1029
"SRR13556503",2559602,2562983,"1",3381
"SRR13556503",2562984,2563948,"7",964
"SRR13556503",2570791,2571793,"6",1002
"SRR13556503",2580676,2581695,"6",1019
"SRR13556503",2581696,2586059,"7",4363
"SRR13556503",2586060,2589347,"10",3287
"SRR13556503",2592142,2604855,"7",12713
"SRR13556503",2604856,2607390,"3",2534
"SRR13556503",2607391,2609347,"1",1956
"SRR13556503",2615134,2619171,"7",4037
"SRR13556503",2624671,2625848,"7",1177
"SRR13556503",2640719,2641778,"6",1059
"SRR13556503",2669331,2674048,"7",4717
"SRR13556503",2677717,2679276,"6",1559
"SRR13556503",2686161,2694784,"6",8623
"SRR13556503",2761289,2762344,"3",1055
"SRR13556503",2762345,2763854,"9",1509
"SRR13556503",2763855,2766575,"7",2720
"SRR13556503",2778826,2781242,"7",2416
"SRR13556503",2814380,2814946,"5",566
"SRR13556503",2832758,2835811,"6",3053
"SRR13556503",2835812,2837180,"7",1368
"SRR13556503",2841561,2843009,"7",1448
"SRR13556503",2848425,2854327,"6",5902
"SRR13556503",2860532,2861630,"6",1098
"SRR13556503",2862361,2864407,"1",2046
"SRR13556503",2872430,2877123,"6",4693
"SRR13556503",2882067,2884129,"6",2062
"SRR13556503",2903184,2904460,"1",1276
"SRR13556503",2937707,2938712,"7",1005
"SRR13556503",2959522,2963280,"1",3758
"SRR13556503",2968491,2971387,"6",2896
"SRR13556503",2972556,2973880,"6",1324
"SRR13556503",2986341,2986944,"7",603
"SRR13556503",2995888,3001880,"7",5992
"SRR13556503",3001881,3004192,"6",2311
"SRR13556503",3027274,3028114,"1",840
"SRR13556503",3033435,3035441,"7",2006
"SRR13556503",3041644,3042786,"7",1142
"SRR13556503",3047818,3048862,"5",1044
"SRR13556503",3063842,3064496,"7",654
"SRR13556503",3084916,3088151,"7",3235
"SRR13556503",3088152,3094696,"6",6544
"SRR13556503",3107958,3109435,"9",1477
"SRR13556503",3109436,3109533,"1",97
"SRR13556503",3109534,3111812,"7",2278
"SRR13556503",3114514,3116178,"3",1664
"SRR13556503",3148339,3149398,"1",1059
"SRR13556503",3169347,3170512,"10",1165
"SRR13556503",3186159,3187753,"7",1594
"SRR13556503",3199225,3200944,"1",1719
"SRR13556503",3204619,3205581,"6",962
"SRR13556503",3222972,3226339,"6",3367
"SRR13556503",3251434,3255694,"6",4260
"SRR13556503",3255695,3256687,"7",992
"SRR13556503",3256688,3257531,"6",843
"SRR13556503",3279289,3286288,"1",6999
"SRR13556503",3286289,3292023,"6",5734
"SRR13556503",3314918,3317018,"1",2100
"SRR13556503",3317019,3317960,"10",941
"SRR13556503",3327084,3334471,"7",7387
"SRR13556503",3358661,3359571,"10",910
"SRR13556503",3368132,3371547,"6",3415
"SRR13556503",3396863,3398340,"7",1477
"SRR13556503",3422865,3425415,"7",2550
"SRR13556503",3429839,3431252,"7",1413
"SRR13556503",3437991,3439549,"7",1558
"SRR13556503",3441779,3443637,"6",1858
"SRR13556503",3473380,3475325,"10",1945
"SRR13556503",3503261,3504564,"6",1303
"SRR13556503",3504565,3505648,"7",1083
"SRR13556503",3553662,3554779,"8",1117
"SRR13556503",3570330,3572108,"7",1778
"SRR13556503",3572109,3572968,"10",859
"SRR13556503",3598400,3600233,"7",1833
"SRR13556503",3625080,3627457,"6",2377
"SRR13556503",3654008,3655334,"7",1326
"SRR13556503",3659242,3660806,"5",1564
"SRR13556503",3675318,3677419,"7",2101
"SRR13556503",3677420,3679331,"6",1911
"SRR13556503",3700754,3702444,"6",1690
"SRR13556503",3702445,3704187,"1",1742
"SRR13556503",3707605,3709237,"6",1632
"SRR13556503",3742418,3745225,"7",2807
"SRR13556503",3753859,3763549,"7",9690
"SRR13556503",3763676,3767727,"7",4051
"SRR13556503",3769045,3773303,"7",4258
"SRR13556503",3789287,3790970,"7",1683
"SRR13556503",3790971,3793053,"6",2082
"SRR13556503",3796499,3802044,"10",5545
"SRR13556503",3809041,3811008,"6",1967
"SRR13556503",3821129,3823001,"7",1872
"SRR13556503",3830675,3832222,"1",1547
"SRR13556503",3858514,3861283,"7",2769
"SRR13556503",3861284,3863057,"6",1773
"SRR13556503",3867691,3868156,"6",465
"SRR13556503",3931945,3932424,"6",479
"SRR13556503",3938395,3942291,"7",3896
"SRR13556503",3956155,3958465,"6",2310
"SRR13556503",3963055,3963870,"10",815
"SRR13556503",4002319,4004267,"10",1948
"SRR13556503",4004268,4006823,"6",2555
"SRR13556503",4031088,4033596,"6",2508
"SRR7800616",173626,175032,"6",1406
"SRR7800616",558743,559586,"6",843
"SRR7800616",832908,834760,"6",1852
"SRR7800616",984203,985952,"8",1749
"SRR7800616",1210371,1211172,"4",801
"SRR7800616",1324747,1326071,"10",1324
"SRR7800616",1343957,1346386,"10",2429
"SRR7800616",1415978,1416863,"9",885
"SRR7800616",1418923,1420234,"6",1311
"SRR7800616",1496907,1498493,"6",1586
"SRR7800616",1507571,1508093,"8",522
"SRR7800616",1645718,1647069,"4",1351
"SRR7800616",1744355,1746640,"10",2285
"SRR7800616",1781999,1783153,"10",1154
"SRR7800616",1831727,1834870,"9",3143
"SRR7800616",1870436,1871086,"10",650
"SRR7800616",1879546,1881775,"4",2229
"SRR7800616",2034143,2035322,"7",1179
"SRR7800616",2127737,2131095,"6",3358
"SRR7800616",2151510,2154261,"6",2751
"SRR7800616",2197500,2203837,"6",6337
"SRR7800616",2296070,2297552,"10",1482
"SRR7800616",2417606,2418913,"4",1307
"SRR7800616",2512280,2513395,"10",1115
"SRR7800616",2522547,2525302,"8",2755
"SRR7800616",2551422,2553055,"6",1633
"SRR7800616",2595802,2598099,"6",2297
"SRR7800616",2598182,2598959,"10",777
"SRR7800616",2599550,2601673,"6",2123
"SRR7800616",2728071,2735289,"6",7218
"SRR7800616",2812811,2817043,"6",4232
"SRR7800616",2817044,2820165,"4",3121
"SRR7800616",2822897,2824110,"6",1213
"SRR7800616",2943005,2948008,"10",5003
"SRR7800616",3159373,3164218,"10",4845
"SRR7800616",3173034,3177578,"6",4544
"SRR7800616",3286700,3288530,"6",1830
"SRR7800616",3421122,3422181,"4",1059
"SRR7800616",3481002,3481341,"1",339
"SRR7800616",3511955,3512887,"10",932
"SRR7800616",3562459,3563430,"6",971
"SRR7800616",3654339,3656360,"10",2021
"SRR7800616",3663705,3664964,"2",1259
"SRR7800616",3715084,3722690,"4",7606
"SRR7800616",3750516,3753858,"6",3342
"SRR7800616",3813912,3814874,"6",962
"SRR7800616",3992791,3993357,"7",566
"SRR7800616",4008341,4009279,"6",938
"SRR7800616",4018350,4020252,"10",1902
"SRR7800616",4038700,4040783,"6",2083
"SRR7800616",4113100,4114448,"4",1348
"SRR7800616",4114449,4117085,"10",2636
"SRR7800616",4226457,4229519,"7",3062
"ERR13148484",88004,90844,"7",2840
"ERR13148484",90845,91871,"6",1026
"ERR13148484",91872,93087,"7",1215
"ERR13148484",93088,93709,"5",621
"ERR13148484",93710,96004,"3",2294
"ERR13148484",98437,101711,"4",3274
"ERR13148484",101712,103210,"7",1498
"ERR13148484",103211,105950,"3",2739
"ERR13148484",105951,106108,"9",157
"ERR13148484",286113,286249,"8",136
"ERR13148484",286250,288291,"4",2041
"ERR13148484",288292,288442,"8",150
"ERR13148484",288443,288785,"4",342
"ERR13148484",288786,290293,"3",1507
"ERR13148484",290294,290999,"7",705
"ERR13148484",291000,295242,"4",4242
"ERR13148484",300133,300734,"9",601
"ERR13148484",300735,302575,"4",1840
"ERR13148484",303066,306039,"7",2973
"ERR13148484",306040,306289,"4",249
"ERR13148484",404415,404820,"3",405
"ERR13148484",404821,406956,"4",2135
"ERR13148484",406957,410930,"3",3973
"ERR13148484",692394,692652,"3",258
"ERR13148484",692653,693608,"9",955
"ERR13148484",835706,836168,"10",462
"ERR13148484",895436,897150,"10",1714
"ERR13148484",897151,897936,"3",785
"ERR13148484",897937,898381,"5",444
"ERR13148484",899686,900368,"1",682
"ERR13148484",900369,900421,"7",52
"ERR13148484",963992,964860,"10",868
"ERR13148484",964861,966159,"7",1298
"ERR13148484",966160,966882,"4",722
"ERR13148484",966883,967346,"7",463
"ERR13148484",967347,967865,"6",518
"ERR13148484",967866,968238,"7",372
"ERR13148484",968239,968886,"4",647
"ERR13148484",969850,970587,"8",737
"ERR13148484",970588,971238,"3",650
"ERR13148484",971239,974271,"4",3032
"ERR13148484",987863,989039,"10",1176
"ERR13148484",991750,992342,"7",592
"ERR13148484",992343,992446,"4",103
"ERR13148484",992447,992557,"3",110
"ERR13148484",992558,992883,"8",325
"ERR13148484",992884,993110,"4",226
"ERR13148484",993111,993317,"5",206
"ERR13148484",1049490,1051857,"3",2367
"ERR13148484",1051858,1052384,"7",526
"ERR13148484",1052385,1053800,"5",1415
"ERR13148484",1053801,1054094,"3",293
"ERR13148484",1054095,1054423,"7",328
"ERR13148484",1060421,1060969,"4",548
"ERR13148484",1060970,1061790,"5",820
"ERR13148484",1099312,1100850,"1",1538
"ERR13148484",1100851,1101799,"7",948
"ERR13148484",1101800,1103563,"4",1763
"ERR13148484",1159354,1162932,"6",3578
"ERR13148484",1162933,1165726,"4",2793
"ERR13148484",1227550,1230898,"8",3348
"ERR13148484",1248426,1248707,"7",281
"ERR13148484",1248708,1249643,"6",935
"ERR13148484",1249644,1251322,"5",1678
"ERR13148484",1251323,1251775,"6",452
"ERR13148484",1251776,1253125,"7",1349
"ERR13148484",1253869,1255150,"3",1281
"ERR13148484",1255151,1257126,"6",1975
"ERR13148484",1257532,1257882,"7",350
"ERR13148484",1291886,1292245,"10",359
"ERR13148484",1292246,1294106,"5",1860
"ERR13148484",1294950,1295980,"5",1030
"ERR13148484",1295981,1298917,"7",2936
"ERR13148484",1351895,1352247,"5",352
"ERR13148484",1352725,1352779,"8",54
"ERR13148484",1352780,1353522,"4",742
"ERR13148484",1353523,1353673,"8",150
"ERR13148484",1353674,1355863,"4",2189
"ERR13148484",1355864,1357403,"1",1539
"ERR13148484",1411426,1414149,"7",2723
"ERR13148484",1414603,1414827,"6",224
"ERR13148484",1414828,1415673,"7",845
"ERR13148484",1423874,1424251,"8",377
"ERR13148484",1426660,1427305,"4",645
"ERR13148484",1589073,1589783,"3",710
"ERR13148484",1592341,1595024,"4",2683
"ERR13148484",1595025,1595876,"8",851
"ERR13148484",1595877,1596797,"5",920
"ERR13148484",1596798,1601398,"1",4600
"ERR13148484",1601399,1603255,"5",1856
"ERR13148484",1603256,1603683,"8",427
"ERR13148484",1652942,1654135,"9",1193
"ERR13148484",1654136,1656117,"3",1981
"ERR13148484",1656118,1660601,"8",4483
"ERR13148484",1660602,1665751,"5",5149
"ERR13148484",1704427,1704729,"1",302
"ERR13148484",1704730,1706226,"3",1496
"ERR13148484",1706856,1709815,"5",2959
"ERR13148484",1728551,1731993,"6",3442
"ERR13148484",1733723,1733793,"8",70
"ERR13148484",1733834,1733880,"8",46
"ERR13148484",1733881,1734893,"3",1012
"ERR13148484",1735724,1736888,"7",1164
"ERR13148484",1736889,1740983,"8",4094
"ERR13148484",1750644,1750853,"7",209
"ERR13148484",1750854,1751711,"5",857
"ERR13148484",1751712,1752112,"8",400
"ERR13148484",1822494,1825963,"9",3469
"ERR13148484",1825964,1827582,"4",1618
"ERR13148484",1877167,1880270,"1",3103
"ERR13148484",1880271,1881598,"3",1327
"ERR13148484",1881599,1882405,"5",806
"ERR13148484",1882406,1883887,"8",1481
"ERR13148484",1883888,1885188,"6",1300
"ERR13148484",1908834,1912967,"4",4133
"ERR13148484",1912968,1913116,"5",148
"ERR13148484",1913836,1914992,"1",1156
"ERR13148484",1914993,1915266,"10",273
"ERR13148484",1915881,1919278,"9",3397
"ERR13148484",1919279,1919488,"8",209
"ERR13148484",1919624,1920716,"8",1092
"ERR13148484",2065474,2066835,"6",1361
"ERR13148484",2066836,2068259,"7",1423
"ERR13148484",2070462,2070733,"7",271
"ERR13148484",2073595,2076657,"5",3062
"ERR13148484",2137938,2139928,"4",1990
"ERR13148484",2139929,2140258,"3",329
"ERR13148484",2140259,2140735,"7",476
"ERR13148484",2161259,2163626,"3",2367
"ERR13148484",2163627,2164019,"5",392
"ERR13148484",2270253,2270513,"8",260
"ERR13148484",2270514,2271310,"5",796
"ERR13148484",2271311,2272110,"10",799
"ERR13148484",2272111,2272146,"9",35
"ERR13148484",2272147,2273749,"7",1602
"ERR13148484",2273750,2273853,"9",103
"ERR13148484",2273854,2274396,"7",542
"ERR13148484",2274397,2274821,"9",424
"ERR13148484",2325245,2326643,"5",1398
"ERR13148484",2326644,2327249,"3",605
"ERR13148484",2328151,2329656,"9",1505
"ERR13148484",2362019,2363076,"3",1057
"ERR13148484",2363858,2368226,"4",4368
"ERR13148484",2368227,2373484,"1",5257
"ERR13148484",2373485,2374064,"7",579
"ERR13148484",2498462,2500489,"1",2027
"ERR13148484",2513541,2515753,"10",2212
"ERR13148484",2519611,2521043,"9",1432
"ERR13148484",2526479,2531137,"4",4658
"ERR13148484",2531138,2533057,"7",1919
"ERR13148484",2556901,2557918,"3",1017
"ERR13148484",2557919,2559958,"4",2039
"ERR13148484",2559959,2560044,"5",85
"ERR13148484",2560045,2561353,"3",1308
"ERR13148484",2561354,2562148,"8",794
"ERR13148484",2562263,2562519,"5",256
"ERR13148484",2562520,2563697,"7",1177
"ERR13148484",2564858,2566213,"8",1355
"ERR13148484",2566214,2567339,"1",1125
"ERR13148484",2567452,2567582,"1",130
"ERR13148484",2568227,2571793,"5",3566
"ERR13148484",2584736,2586890,"8",2154
"ERR13148484",2586891,2587238,"10",347
"ERR13148484",2587239,2588286,"3",1047
"ERR13148484",2588287,2588752,"5",465
"ERR13148484",2600181,2600853,"4",672
"ERR13148484",2600854,2601390,"7",536
"ERR13148484",2601391,2601852,"3",461
"ERR13148484",2615207,2617710,"4",2503
"ERR13148484",2617711,2619064,"10",1353
"ERR13148484",2648276,2650265,"1",1989
"ERR13148484",2751620,2756676,"4",5056
"ERR13148484",2759056,2760823,"4",1767
"ERR13148484",2762046,2762981,"10",935
"ERR13148484",2762982,2764614,"3",1632
"ERR13148484",2764615,2765524,"6",909
"ERR13148484",2799646,2801344,"3",1698
"ERR13148484",2801894,2802144,"10",250
"ERR13148484",2802145,2803294,"6",1149
"ERR13148484",2803961,2804278,"5",317
"ERR13148484",2804279,2804593,"9",314
"ERR13148484",2804594,2806335,"4",1741
"ERR13148484",2806706,2806997,"10",291
"ERR13148484",2806998,2807418,"1",420
"ERR13148484",2807419,2810294,"5",2875
"ERR13148484",2922882,2924964,"5",2082
"ERR13148484",2938288,2939164,"3",876
"ERR13148484",2939165,2943336,"4",4171
"ERR13148484",2943337,2944511,"6",1174
"ERR13148484",2946039,2946867,"1",828
"ERR13148484",2946868,2948315,"6",1447
"ERR13148484",2948316,2949084,"3",768
"ERR13148484",2949085,2949408,"10",323
"ERR13148484",2949409,2951865,"4",2456
"ERR13148484",2951866,2953034,"5",1168
"ERR13148484",2964860,2967800,"4",2940
"ERR13148484",2973211,2973618,"9",407
"ERR13148484",2973619,2974789,"8",1170
"ERR13148484",2974790,2978961,"7",4171
"ERR13148484",2992937,2996928,"1",3991
"ERR13148484",2996929,2999283,"4",2354
"ERR13148484",3028044,3029663,"1",1619
"ERR13148484",3029664,3030372,"9",708
"ERR13148484",3031538,3034256,"3",2718
"ERR13148484",3038266,3039001,"1",735
"ERR13148484",3039002,3041576,"6",2574
"ERR13148484",3048968,3049390,"9",422
"ERR13148484",3049391,3049704,"3",313
"ERR13148484",3063547,3068131,"7",4584
"ERR13148484",3068132,3068407,"3",275
"ERR13148484",3069695,3072407,"3",2712
"ERR13148484",3127856,3128136,"7",280
"ERR13148484",3129266,3129452,"7",186
"ERR13148484",3130084,3132361,"3",2277
"ERR13148484",3132362,3132752,"10",390
"ERR13148484",3132753,3132808,"1",55
"ERR13148484",3133785,3135068,"9",1283
"ERR13148484",3135069,3136515,"8",1446
"ERR13148484",3136516,3139478,"3",2962
"ERR13148484",3148192,3149596,"1",1404
"ERR13148484",3149597,3151105,"4",1508
"ERR13148484",3153585,3154969,"5",1384
"ERR13148484",3177686,3180785,"4",3099
"ERR13148484",3181305,3183212,"10",1907
"ERR13148484",3235093,3237285,"5",2192
"ERR13148484",3237286,3238889,"4",1603
"ERR13148484",3238890,3240240,"5",1350
"ERR13148484",3242912,3246715,"4",3803
"ERR13148484",3246716,3246726,"5",10
"ERR13148484",3246727,3246738,"9",11
"ERR13148484",3246739,3246784,"5",45
"ERR13148484",3246785,3247040,"9",255
"ERR13148484",3247041,3247057,"5",16
"ERR13148484",3247058,3247133,"9",75
"ERR13148484",3272111,3274817,"6",2706
"ERR13148484",3274876,3275666,"3",790
"ERR13148484",3275667,3276122,"7",455
"ERR13148484",3276123,3277259,"3",1136
"ERR13148484",3326777,3329070,"8",2293
"ERR13148484",3329071,3330969,"9",1898
"ERR13148484",3330970,3331798,"8",828
"ERR13148484",3331799,3333049,"4",1250
"ERR13148484",3335707,3336063,"4",356
"ERR13148484",3336064,3337736,"10",1672
"ERR13148484",3337941,3339270,"3",1329
"ERR13148484",3356670,3357000,"4",330
"ERR13148484",3357824,3360129,"1",2305
"ERR13148484",3360130,3361106,"10",976
"ERR13148484",3361984,3364399,"1",2415
"ERR13148484",3380635,3382148,"8",1513
"ERR13148484",3382149,3382671,"6",522
"ERR13148484",3382672,3384355,"1",1683
"ERR13148484",3384356,3385449,"10",1093
"ERR13148484",3385450,3387537,"5",2087
"ERR13148484",3387538,3387707,"3",169
"ERR13148484",3387708,3387952,"8",244
"ERR13148484",3387953,3388226,"3",273
"ERR13148484",3388227,3389447,"8",1220
"ERR13148484",3389448,3391083,"10",1635
"ERR13148484",3391084,3391449,"5",365
"ERR13148484",3391450,3394792,"8",3342
"ERR13148484",3394793,3396747,"4",1954
"ERR13148484",3402806,3404835,"8",2029
"ERR13148484",3404836,3405516,"1",680
"ERR13148484",3405517,3405811,"5",294
"ERR13148484",3425103,3426457,"3",1354
"ERR13148484",3431689,3432619,"4",930
"ERR13148484",3432620,3433818,"9",1198
"ERR13148484",3433819,3434018,"5",199
"ERR13148484",3434019,3435296,"7",1277
"ERR13148484",3435297,3436781,"10",1484
"ERR13148484",3438317,3441026,"4",2709
"ERR13148484",3441027,3442551,"8",1524
"ERR13148484",3466836,3468027,"10",1191
"ERR13148484",3468028,3471458,"9",3430
"ERR13148484",3499658,3500102,"3",444
"ERR13148484",3500103,3502416,"5",2313
"ERR13148484",3535028,3536422,"1",1394
"ERR13148484",3536423,3537931,"6",1508
"ERR13148484",3537932,3540178,"3",2246
"ERR13148484",3540179,3541769,"10",1590
"ERR13148484",3565966,3566167,"8",201
"ERR13148484",3566168,3566508,"5",340
"ERR13148484",3566509,3569608,"8",3099
"ERR13148484",3570051,3571997,"7",1946
"ERR13148484",3571998,3572326,"4",328
"ERR13148484",3572327,3574006,"1",1679
"ERR13148484",3574007,3574819,"4",812
"ERR13148484",3574820,3577149,"3",2329
"ERR13148484",3577150,3578386,"6",1236
"ERR13148484",3578387,3580716,"4",2329
"ERR13148484",3580717,3581367,"7",650
"ERR13148484",3581637,3582675,"7",1038
"ERR13148484",3582676,3583105,"10",429
"ERR13148484",3590989,3592341,"9",1352
"ERR13148484",3592342,3593258,"8",916
"ERR13148484",3593259,3593681,"9",422
"ERR13148484",3593859,3594353,"4",494
"ERR13148484",3604826,3605627,"6",801
"ERR13148484",3605628,3608858,"4",3230
"ERR13148484",3643918,3644590,"8",672
"ERR13148484",3645262,3645486,"5",224
"ERR13148484",3645487,3648155,"4",2668
"ERR13148484",3669285,3671481,"3",2196
"ERR13148484",3671482,3675317,"8",3835
"ERR13148484",3675318,3676862,"3",1544
"ERR13148484",3676863,3680083,"9",3220
"ERR13148484",3730130,3731070,"1",940
"ERR13148484",3751036,3751819,"1",783
"ERR13148484",3751820,3752074,"5",254
"ERR13148484",3753277,3755431,"7",2154
"ERR13148484",3755546,3755889,"3",343
"ERR13148484",3756006,3757648,"7",1642
"ERR13148484",3757649,3757755,"1",106
"ERR13148484",3757756,3759161,"5",1405
"ERR13148484",3759162,3759244,"6",82
"ERR13148484",3759245,3759833,"10",588
"ERR13148484",3760041,3760132,"7",91
"ERR13148484",3764528,3765664,"6",1136
"ERR13148484",3765665,3765735,"3",70
"ERR13148484",3765915,3767057,"8",1142
"ERR13148484",3767058,3768129,"7",1071
"ERR13148484",3768393,3768577,"6",184
"ERR13148484",3768578,3769044,"5",466
"ERR13148484",3801766,3802136,"4",370
"ERR13148484",3802137,3802456,"3",319
"ERR13148484",3802457,3805044,"7",2587
"ERR13148484",3805231,3805867,"1",636
"ERR13148484",3805868,3806120,"5",252
"ERR13148484",3806121,3807868,"7",1747
"ERR13148484",3807869,3808760,"4",891
"ERR13148484",3808761,3808859,"5",98
"ERR13148484",3870391,3871103,"6",712
"ERR13148484",3871104,3873503,"5",2399
"ERR13148484",3897665,3898826,"5",1161
"ERR13148484",3898880,3899559,"4",679
"ERR13148484",3911051,3911474,"9",423
"ERR13148484",3911475,3913092,"5",1617
"ERR13148484",3922968,3923626,"3",658
"ERR13148484",3924462,3924767,"8",305
"ERR13148484",3924845,3927326,"6",2481
"ERR13148484",3927327,3928096,"3",769
"ERR13148484",3931615,3932837,"9",1222
"ERR13148484",3935150,3937935,"7",2785
"ERR13148484",3981041,3982136,"1",1095
"ERR13148484",3982137,3983287,"3",1150
"ERR13148484",3983288,3983998,"6",710
"ERR13148484",3985268,3987680,"8",2412
"ERR13148484",3987681,3990345,"1",2664
"ERR13148484",3992461,3993516,"10",1055
"ERR13148484",4000858,4001164,"3",306
"ERR13148484",4001165,4003706,"1",2541
"ERR13148484",4132475,4134278,"1",1803
"ERR13148484",4134279,4135605,"5",1326
"ERR13148484",4238430,4242483,"6",4053
"ERR13148484",4242484,4242708,"10",224
"ERR13148484",4242709,4243470,"7",761
"ERR13148484",4243471,4244815,"6",1344
"ERR12861422",31758,35125,"5",3367
"ERR12861422",41681,46318,"4",4637
"ERR12861422",66072,67845,"10",1773
"ERR12861422",74528,77224,"8",2696
"ERR12861422",101805,105109,"9",3304
"ERR12861422",124646,124676,"10",30
"ERR12861422",129438,131845,"10",2407
"ERR12861422",132955,137301,"10",4346
"ERR12861422",137302,137668,"3",366
"ERR12861422",147109,148363,"6",1254
"ERR12861422",148364,149606,"8",1242
"ERR12861422",154634,155084,"6",450
"ERR12861422",155085,156597,"4",1512
"ERR12861422",164341,167526,"4",3185
"ERR12861422",173545,174722,"9",1177
"ERR12861422",178036,179241,"6",1205
"ERR12861422",192474,193542,"4",1068
"ERR12861422",195714,198477,"4",2763
"ERR12861422",198478,199997,"5",1519
"ERR12861422",203144,204267,"10",1123
"ERR12861422",232627,235062,"7",2435
"ERR12861422",235063,238179,"4",3116
"ERR12861422",244576,246253,"4",1677
"ERR12861422",286067,287753,"4",1686
"ERR12861422",290379,291631,"8",1252
"ERR12861422",306359,306819,"10",460
"ERR12861422",319180,323203,"4",4023
"ERR12861422",323204,325885,"10",2681
"ERR12861422",352279,353429,"7",1150
"ERR12861422",354378,355312,"4",934
"ERR12861422",355313,359304,"10",3991
"ERR12861422",362893,364563,"7",1670
"ERR12861422",365123,366158,"10",1035
"ERR12861422",366159,367630,"6",1471
"ERR12861422",371488,374121,"6",2633
"ERR12861422",376454,388383,"10",11929
"ERR12861422",394113,398004,"10",3891
"ERR12861422",401228,403728,"8",2500
"ERR12861422",406653,407644,"4",991
"ERR12861422",420357,421279,"4",922
"ERR12861422",421280,424306,"9",3026
"ERR12861422",431465,433164,"4",1699
"ERR12861422",433165,436425,"8",3260
"ERR12861422",441814,443292,"7",1478
"ERR12861422",443293,444386,"6",1093
"ERR12861422",458110,459021,"10",911
"ERR12861422",473354,475303,"10",1949
"ERR12861422",482403,483872,"9",1469
"ERR12861422",487172,489118,"9",1946
"ERR12861422",489119,493462,"4",4343
"ERR12861422",496635,497811,"6",1176
"ERR12861422",502462,503331,"10",869
"ERR12861422",503332,505083,"7",1751
"ERR12861422",505084,505517,"4",433
"ERR12861422",526426,527074,"7",648
"ERR12861422",529965,533432,"8",3467
"ERR12861422",535013,536906,"9",1893
"ERR12861422",536907,537939,"5",1032
"ERR12861422",537940,544527,"4",6587
"ERR12861422",556963,558156,"4",1193
"ERR12861422",558157,558969,"10",812
"ERR12861422",566103,569003,"4",2900
"ERR12861422",572162,576480,"6",4318
"ERR12861422",589252,590621,"6",1369
"ERR12861422",590622,591453,"4",831
"ERR12861422",604018,605851,"10",1833
"ERR12861422",605852,606229,"4",377
"ERR12861422",614228,616737,"4",2509
"ERR12861422",623284,623992,"10",708
"ERR12861422",632390,635280,"10",2890
"ERR12861422",644236,645085,"8",849
"ERR12861422",646160,651481,"10",5321
"ERR12861422",660049,661475,"4",1426
"ERR12861422",661476,662672,"5",1196
"ERR12861422",665402,667153,"10",1751
"ERR12861422",668682,670022,"5",1340
"ERR12861422",676164,678229,"7",2065
"ERR12861422",690608,695355,"4",4747
"ERR12861422",695356,702911,"10",7555
"ERR12861422",712690,713523,"7",833
"ERR12861422",716545,717212,"6",667
"ERR12861422",717213,719326,"8",2113
"ERR12861422",736193,736849,"4",656
"ERR12861422",736850,738068,"5",1218
"ERR12861422",739956,740346,"4",390
"ERR12861422",740347,743863,"5",3516
"ERR12861422",743864,747135,"9",3271
"ERR12861422",755865,757290,"6",1425
"ERR12861422",763012,765786,"10",2774
"ERR12861422",771016,772662,"4",1646
"ERR12861422",772663,774330,"9",1667
"ERR12861422",787992,790836,"7",2844
"ERR12861422",791562,792098,"8",536
"ERR12861422",800173,800642,"5",469
"ERR12861422",819494,822150,"10",2656
"ERR12861422",822151,824453,"9",2302
"ERR12861422",824454,825455,"5",1001
"ERR12861422",830816,833583,"4",2767
"ERR12861422",841122,841556,"6",434
"ERR12861422",841557,842575,"4",1018
"ERR12861422",842576,842640,"5",64
"ERR12861422",848510,848819,"7",309
"ERR12861422",876810,882424,"10",5614
"ERR12861422",885096,888025,"4",2929
"ERR12861422",888026,891952,"10",3926
"ERR12861422",895214,898324,"9",3110
"ERR12861422",903399,908333,"5",4934
"ERR12861422",908334,909756,"4",1422
"ERR12861422",909757,911128,"6",1371
"ERR12861422",912838,914496,"5",1658
"ERR12861422",914497,916887,"10",2390
"ERR12861422",916888,919560,"9",2672
"ERR12861422",927031,932075,"4",5044
"ERR12861422",935805,942053,"4",6248
"ERR12861422",950698,953457,"9",2759
"ERR12861422",964334,966028,"7",1694
"ERR12861422",984379,988501,"4",4122
"ERR12861422",991671,994830,"4",3159
"ERR12861422",997508,1007095,"4",9587
"ERR12861422",1017863,1019533,"4",1670
"ERR12861422",1019534,1020574,"9",1040
"ERR12861422",1040005,1042850,"10",2845
"ERR12861422",1052385,1053540,"10",1155
"ERR12861422",1074383,1076149,"9",1766
"ERR12861422",1084950,1087280,"8",2330
"ERR12861422",1087281,1091192,"4",3911
"ERR12861422",1091249,1099126,"9",7877
"ERR12861422",1100125,1101111,"5",986
"ERR12861422",1101112,1106310,"9",5198
"ERR12861422",1117863,1118315,"6",452
"ERR12861422",1118316,1119791,"8",1475
"ERR12861422",1144926,1147620,"9",2694
"ERR12861422",1157417,1158496,"8",1079
"ERR12861422",1159600,1170009,"4",10409
"ERR12861422",1181721,1182971,"4",1250
"ERR12861422",1187257,1188074,"4",817
"ERR12861422",1190829,1192008,"4",1179
"ERR12861422",1204022,1205259,"10",1237
"ERR12861422",1214947,1215761,"3",814
"ERR12861422",1215762,1216425,"4",663
"ERR12861422",1216426,1218214,"7",1788
"ERR12861422",1225679,1226570,"4",891
"ERR12861422",1228122,1230898,"6",2776
"ERR12861422",1231172,1233835,"4",2663
"ERR12861422",1248708,1252090,"10",3382
"ERR12861422",1252091,1253330,"6",1239
"ERR12861422",1253331,1255851,"4",2520
"ERR12861422",1265234,1267101,"4",1867
"ERR12861422",1267102,1273087,"9",5985
"ERR12861422",1277216,1280172,"4",2956
"ERR12861422",1305730,1307677,"4",1947
"ERR12861422",1320750,1323070,"4",2320
"ERR12861422",1323071,1324579,"10",1508
"ERR12861422",1326604,1329584,"5",2980
"ERR12861422",1329585,1330362,"6",777
"ERR12861422",1332910,1334887,"4",1977
"ERR12861422",1334888,1335047,"7",159
"ERR12861422",1336461,1339757,"10",3296
"ERR12861422",1340308,1342512,"4",2204
"ERR12861422",1343957,1348526,"10",4569
"ERR12861422",1350286,1353927,"7",3641
"ERR12861422",1385470,1386419,"5",949
"ERR12861422",1386697,1388301,"6",1604
"ERR12861422",1388302,1389283,"8",981
"ERR12861422",1434141,1436941,"10",2800
"ERR12861422",1436942,1444626,"8",7684
"ERR12861422",1449578,1451214,"4",1636
"ERR12861422",1451215,1451883,"9",668
"ERR12861422",1451884,1456285,"4",4401
"ERR12861422",1456286,1456375,"8",89
"ERR12861422",1460692,1462205,"10",1513
"ERR12861422",1462206,1463833,"6",1627
"ERR12861422",1463834,1466900,"10",3066
"ERR12861422",1466901,1471137,"8",4236
"ERR12861422",1471138,1475031,"10",3893
"ERR12861422",1479236,1480380,"10",1144
"ERR12861422",1501696,1502566,"4",870
"ERR12861422",1504035,1504801,"4",766
"ERR12861422",1516337,1516503,"4",166
"ERR12861422",1527096,1529677,"5",2581
"ERR12861422",1540923,1541959,"10",1036
"ERR12861422",1541960,1542989,"4",1029
"ERR12861422",1555894,1558031,"4",2137
"ERR12861422",1558032,1558960,"8",928
"ERR12861422",1564412,1565240,"6",828
"ERR12861422",1574971,1576405,"10",1434
"ERR12861422",1585627,1587337,"4",1710
"ERR12861422",1607274,1609696,"6",2422
"ERR12861422",1621331,1625311,"6",3980
"ERR12861422",1628293,1630437,"6",2144
"ERR12861422",1630438,1632737,"9",2299
"ERR12861422",1638127,1642374,"8",4247
"ERR12861422",1645563,1647126,"10",1563
"ERR12861422",1647127,1647845,"6",718
"ERR12861422",1648252,1649873,"10",1621
"ERR12861422",1652942,1654015,"5",1073
"ERR12861422",1671539,1673629,"8",2090
"ERR12861422",1673630,1678977,"10",5347
"ERR12861422",1678978,1680240,"9",1262
"ERR12861422",1692251,1693146,"10",895
"ERR12861422",1696275,1697903,"9",1628
"ERR12861422",1716151,1717881,"10",1730
"ERR12861422",1725528,1726088,"8",560
"ERR12861422",1732581,1734304,"6",1723
"ERR12861422",1734563,1736313,"6",1750
"ERR12861422",1748202,1749573,"4",1371
"ERR12861422",1758996,1763121,"10",4125
"ERR12861422",1777323,1778430,"5",1107
"ERR12861422",1781861,1783024,"4",1163
"ERR12861422",1791373,1796089,"7",4716
"ERR12861422",1816075,1816904,"4",829
"ERR12861422",1841064,1841785,"6",721
"ERR12861422",1841956,1842518,"4",562
"ERR12861422",1853604,1855077,"7",1473
"ERR12861422",1857906,1861577,"10",3671
"ERR12861422",1862360,1863244,"10",884
"ERR12861422",1866947,1874633,"10",7686
"ERR12861422",1874634,1876285,"8",1651
"ERR12861422",1876286,1884496,"9",8210
"ERR12861422",1890911,1894945,"4",4034
"ERR12861422",1910746,1916632,"6",5886
"ERR12861422",1916633,1918206,"3",1573
"ERR12861422",1939506,1941515,"8",2009
"ERR12861422",1946487,1947338,"2",851
"ERR12861422",1955924,1958347,"4",2423
"ERR12861422",1972005,1973036,"6",1031
"ERR12861422",1978469,1980381,"4",1912
"ERR12861422",1987089,1987697,"5",608
"ERR12861422",1999724,2001662,"8",1938
"ERR12861422",2001663,2002262,"2",599
"ERR12861422",2030660,2032231,"10",1571
"ERR12861422",2033387,2036467,"8",3080
"ERR12861422",2044057,2047098,"6",3041
"ERR12861422",2047099,2049638,"4",2539
"ERR12861422",2075200,2075703,"5",503
"ERR12861422",2096702,2097493,"8",791
"ERR12861422",2108318,2110537,"8",2219
"ERR12861422",2114267,2116330,"7",2063
"ERR12861422",2119241,2121659,"10",2418
"ERR12861422",2121660,2123010,"4",1350
"ERR12861422",2167203,2167679,"8",476
"ERR12861422",2178818,2180792,"4",1974
"ERR12861422",2180793,2184974,"10",4181
"ERR12861422",2196998,2199271,"4",2273
"ERR12861422",2199272,2201584,"6",2312
"ERR12861422",2201585,2203255,"7",1670
"ERR12861422",2209818,2211251,"2",1433
"ERR12861422",2219929,2220942,"4",1013
"ERR12861422",2227435,2228677,"10",1242
"ERR12861422",2238125,2243693,"7",5568
"ERR12861422",2243694,2244606,"9",912
"ERR12861422",2252310,2260911,"4",8601
"ERR12861422",2297696,2300538,"10",2842
"ERR12861422",2305667,2306754,"6",1087
"ERR12861422",2318652,2321023,"6",2371
"ERR12861422",2321024,2324791,"8",3767
"ERR12861422",2327388,2328846,"6",1458
"ERR12861422",2331148,2331981,"8",833
"ERR12861422",2336350,2339486,"6",3136
"ERR12861422",2340677,2343789,"10",3112
"ERR12861422",2343790,2345121,"4",1331
"ERR12861422",2348753,2351454,"6",2701
"ERR12861422",2351455,2358698,"10",7243
"ERR12861422",2388954,2390002,"4",1048
"ERR12861422",2394143,2395135,"6",992
"ERR12861422",2405511,2408105,"10",2594
"ERR12861422",2410123,2421981,"4",11858
"ERR12861422",2421982,2422352,"9",370
"ERR12861422",2459514,2460646,"4",1132
"ERR12861422",2461713,2464162,"4",2449
"ERR12861422",2468391,2470419,"3",2028
"ERR12861422",2478306,2480777,"7",2471
"ERR12861422",2482456,2488127,"4",5671
"ERR12861422",2495130,2497599,"10",2469
"ERR12861422",2498276,2499838,"5",1562
"ERR12861422",2503253,2503988,"4",735
"ERR12861422",2526562,2527585,"6",1023
"ERR12861422",2532709,2535513,"4",2804
"ERR12861422",2563396,2563948,"7",552
"ERR12861422",2565488,2568048,"8",2560
"ERR12861422",2580567,2581793,"7",1226
"ERR12861422",2581794,2582595,"10",801
"ERR12861422",2585506,2588022,"8",2516
"ERR12861422",2594634,2595529,"5",895
"ERR12861422",2609348,2611865,"8",2517
"ERR12861422",2632777,2633406,"4",629
"ERR12861422",2633407,2634476,"7",1069
"ERR12861422",2638265,2643008,"10",4743
"ERR12861422",2643009,2643671,"8",662
"ERR12861422",2644748,2652436,"9",7688
"ERR12861422",2654018,2656021,"4",2003
"ERR12861422",2656022,2656399,"2",377
"ERR12861422",2661490,2662837,"4",1347
"ERR12861422",2662838,2663932,"10",1094
"ERR12861422",2696790,2698180,"5",1390
"ERR12861422",2700458,2702232,"5",1774
"ERR12861422",2702233,2702586,"6",353
"ERR12861422",2708971,2711531,"4",2560
"ERR12861422",2744432,2745541,"8",1109
"ERR12861422",2745542,2748220,"10",2678
"ERR12861422",2753356,2756676,"8",3320
"ERR12861422",2756677,2759090,"4",2413
"ERR12861422",2771124,2772558,"8",1434
"ERR12861422",2772559,2774842,"4",2283
"ERR12861422",2779584,2780756,"7",1172
"ERR12861422",2794202,2795461,"6",1259
"ERR12861422",2795462,2799810,"10",4348
"ERR12861422",2821032,2821488,"8",456
"ERR12861422",2824581,2827373,"10",2792
"ERR12861422",2827374,2830223,"4",2849
"ERR12861422",2844881,2846759,"5",1878
"ERR12861422",2846760,2850578,"6",3818
"ERR12861422",2850579,2860412,"10",9833
"ERR12861422",2868039,2871323,"10",3284
"ERR12861422",2871324,2872429,"4",1105
"ERR12861422",2883019,2885757,"4",2738
"ERR12861422",2894265,2896754,"8",2489
"ERR12861422",2896755,2898567,"6",1812
"ERR12861422",2903048,2904460,"9",1412
"ERR12861422",2910725,2913164,"6",2439
"ERR12861422",2915007,2917640,"6",2633
"ERR12861422",2935325,2935761,"10",436
"ERR12861422",2948202,2949351,"8",1149
"ERR12861422",2949352,2951210,"4",1858
"ERR12861422",2962703,2964367,"4",1664
"ERR12861422",2968491,2971227,"6",2736
"ERR12861422",2987583,2988233,"4",650
"ERR12861422",2988234,2989003,"6",769
"ERR12861422",2997903,3000512,"10",2609
"ERR12861422",3010891,3013680,"8",2789
"ERR12861422",3028556,3031906,"6",3350
"ERR12861422",3039661,3041482,"6",1821
"ERR12861422",3051853,3053530,"4",1677
"ERR12861422",3057134,3059238,"4",2104
"ERR12861422",3066249,3072068,"10",5819
"ERR12861422",3072069,3080759,"4",8690
"ERR12861422",3085696,3086472,"7",776
"ERR12861422",3086473,3093015,"4",6542
"ERR12861422",3095112,3098164,"4",3052
"ERR12861422",3107793,3110495,"4",2702
"ERR12861422",3114322,3116855,"4",2533
"ERR12861422",3116856,3120928,"9",4072
"ERR12861422",3141803,3142972,"9",1169
"ERR12861422",3170612,3170983,"9",371
"ERR12861422",3201729,3204547,"4",2818
"ERR12861422",3235370,3235900,"4",530
"ERR12861422",3255904,3256788,"4",884
"ERR12861422",3280240,3285751,"6",5511
"ERR12861422",3289415,3293276,"10",3861
"ERR12861422",3295491,3296475,"6",984
"ERR12861422",3306962,3307600,"9",638
"ERR12861422",3315732,3316845,"10",1113
"ERR12861422",3316846,3320057,"9",3211
"ERR12861422",3320058,3321723,"10",1665
"ERR12861422",3333197,3335527,"8",2330
"ERR12861422",3352488,3359632,"9",7144
"ERR12861422",3359633,3362374,"10",2741
"ERR12861422",3362375,3363145,"3",770
"ERR12861422",3363146,3364473,"5",1327
"ERR12861422",3388073,3395354,"8",7281
"ERR12861422",3395355,3396300,"9",945
"ERR12861422",3396301,3396575,"4",274
"ERR12861422",3403248,3406386,"6",3138
"ERR12861422",3416862,3419757,"4",2895
"ERR12861422",3419758,3422966,"10",3208
"ERR12861422",3422967,3426602,"4",3635
"ERR12861422",3429560,3431197,"4",1637
"ERR12861422",3441233,3441884,"4",651
"ERR12861422",3442646,3447120,"6",4474
"ERR12861422",3451369,3454722,"7",3353
"ERR12861422",3459861,3462289,"8",2428
"ERR12861422",3483986,3484712,"4",726
"ERR12861422",3490908,3493380,"4",2472
"ERR12861422",3502214,3504564,"8",2350
"ERR12861422",3505849,3506633,"5",784
"ERR12861422",3511080,3514578,"6",3498
"ERR12861422",3518173,3521846,"6",3673
"ERR12861422",3521847,3523987,"8",2140
"ERR12861422",3547717,3549108,"7",1391
"ERR12861422",3549109,3552613,"10",3504
"ERR12861422",3560855,3562388,"4",1533
"ERR12861422",3562389,3566963,"6",4574
"ERR12861422",3569698,3571172,"4",1474
"ERR12861422",3572109,3579251,"4",7142
"ERR12861422",3581142,3582383,"7",1241
"ERR12861422",3583257,3589965,"9",6708
"ERR12861422",3589966,3598101,"4",8135
"ERR12861422",3598102,3600405,"7",2303
"ERR12861422",3600406,3603447,"4",3041
"ERR12861422",3610897,3611973,"6",1076
"ERR12861422",3611974,3612775,"8",801
"ERR12861422",3612776,3614529,"4",1753
"ERR12861422",3620569,3624508,"6",3939
"ERR12861422",3624509,3628673,"4",4164
"ERR12861422",3635162,3635955,"4",793
"ERR12861422",3636616,3638689,"10",2073
"ERR12861422",3638690,3640065,"7",1375
"ERR12861422",3640066,3643659,"9",3593
"ERR12861422",3643660,3644185,"4",525
"ERR12861422",3663498,3664964,"3",1466
"ERR12861422",3673824,3675317,"8",1493
"ERR12861422",3675318,3676822,"7",1504
"ERR12861422",3687535,3688174,"4",639
"ERR12861422",3688175,3690783,"6",2608
"ERR12861422",3690784,3692344,"4",1560
"ERR12861422",3692345,3696703,"8",4358
"ERR12861422",3702174,3704328,"6",2154
"ERR12861422",3709167,3719592,"4",10425
"ERR12861422",3729028,3729982,"5",954
"ERR12861422",3738591,3741986,"6",3395
"ERR12861422",3742418,3744024,"10",1606
"ERR12861422",3746122,3750524,"4",4402
"ERR12861422",3762024,3763606,"4",1582
"ERR12861422",3763607,3766427,"6",2820
"ERR12861422",3772197,3779939,"7",7742
"ERR12861422",3795233,3795625,"4",392
"ERR12861422",3803966,3807438,"4",3472
"ERR12861422",3807439,3807941,"8",502
"ERR12861422",3807942,3811151,"10",3209
"ERR12861422",3811152,3812678,"4",1526
"ERR12861422",3820972,3823569,"8",2597
"ERR12861422",3844258,3844803,"10",545
"ERR12861422",3857869,3860855,"8",2986
"ERR12861422",3860856,3862262,"4",1406
"ERR12861422",3877048,3879203,"6",2155
"ERR12861422",3882457,3883322,"6",865
"ERR12861422",3887020,3888240,"10",1220
"ERR12861422",3892607,3894120,"4",1513
"ERR12861422",3902037,3904302,"6",2265
"ERR12861422",3913677,3914271,"4",594
"ERR12861422",3923245,3924258,"6",1013
"ERR12861422",3925901,3927084,"10",1183
"ERR12861422",3931351,3931374,"4",23
"ERR12861422",3934451,3936177,"10",1726
"ERR12861422",3936178,3940539,"4",4361
"ERR12861422",3940540,3944114,"8",3574
"ERR12861422",3944115,3946081,"6",1966
"ERR12861422",3968595,3974276,"4",5681
"ERR12861422",3975135,3979233,"4",4098
"ERR12861422",3986578,3987893,"3",1315
"ERR12861422",3987894,3993214,"4",5320
"ERR12861422",3993215,3997480,"6",4265
"ERR12861422",4004454,4006055,"5",1601
"ERR12861422",4006056,4007602,"6",1546
"ERR12861422",4017988,4020413,"6",2425
"ERR12861422",4024243,4028605,"6",4362
"ERR12861422",4030599,4033596,"6",2997
"ERR12861422",4033597,4036239,"4",2642
"ERR12861422",4038151,4039938,"7",1787
"ERR12861422",4039939,4040874,"6",935
"ERR12861422",4042048,4046295,"6",4247
"ERR12861422",4046296,4047116,"8",820
"ERR12861422",4047117,4048966,"4",1849
"ERR12861422",4048967,4049709,"5",742
"ERR12861422",4049710,4049726,"9",16
"ERR12861422",4052562,4053489,"8",927
"ERR12861422",4053490,4056870,"7",3380
"ERR12861422",4056871,4062085,"4",5214
"ERR12861422",4087535,4088300,"9",765
"ERR12861422",4098202,4099957,"3",1755
"ERR12861422",4113106,4115460,"4",2354
"ERR12861422",4117290,4118487,"6",1197
"ERR12861422",4118488,4118933,"10",445
"ERR12861422",4164715,4189869,"9",25154
"ERR12861422",4255112,4297722,"10",42610
"ERR12861620",2586060,2587049,"5",989
"ERR12861620",2587050,2587902,"10",852
"ERR12861620",3151985,3152665,"3",680
"DRR286150",150518,151039,"9",521
"DRR286150",352727,353103,"6",376
"DRR286150",363454,363982,"5",528
"DRR286150",378369,378720,"4",351
"DRR286150",381385,381810,"10",425
"DRR286150",402693,403928,"5",1235
"DRR286150",510647,511716,"8",1069
"DRR286150",520647,520891,"2",244
"DRR286150",584971,586197,"8",1226
"DRR286150",654563,655789,"8",1226
"DRR286150",675689,676501,"6",812
"DRR286150",683649,684451,"8",802
"DRR286150",695802,696357,"9",555
"DRR286150",712349,713302,"6",953
"DRR286150",727801,728617,"7",816
"DRR286150",779596,781245,"8",1649
"DRR286150",932454,933272,"8",818
"DRR286150",948148,948849,"1",701
"DRR286150",981396,982390,"8",994
"DRR286150",1035404,1036319,"5",915
"DRR286150",1061341,1062734,"9",1393
"DRR286150",1109353,1110127,"4",774
"DRR286150",1142806,1144311,"4",1505
"DRR286150",1162741,1163419,"4",678
"DRR286150",1163420,1163784,"2",364
"DRR286150",1183339,1183653,"10",314
"DRR286150",1210371,1210860,"8",489
"DRR286150",1241009,1244120,"9",3111
"DRR286150",1315855,1317131,"9",1276
"DRR286150",1368263,1369293,"8",1030
"DRR286150",1496907,1498493,"8",1586
"DRR286150",1552634,1553709,"2",1075
"DRR286150",1580591,1581507,"2",916
"DRR286150",1643761,1644552,"9",791
"DRR286150",1647609,1648477,"8",868
"DRR286150",1659623,1660510,"2",887
"DRR286150",1674928,1675857,"10",929
"DRR286150",1702178,1702810,"8",632
"DRR286150",1756276,1757013,"10",737
"DRR286150",1778633,1779731,"8",1098
"DRR286150",1801401,1801752,"8",351
"DRR286150",1803355,1804210,"9",855
"DRR286150",1874634,1875924,"8",1290
"DRR286150",1921142,1924196,"8",3054
"DRR286150",1945968,1947421,"2",1453
"DRR286150",1971936,1972531,"10",595
"DRR286150",1983200,1984405,"9",1205
"DRR286150",1998643,1999438,"9",795
"DRR286150",2009050,2010616,"10",1566
"DRR286150",2031137,2031740,"2",603
"DRR286150",2062672,2063473,"10",801
"DRR286150",2142662,2144382,"9",1720
"DRR286150",2161189,2163332,"2",2143
"DRR286150",2240441,2242708,"10",2267
"DRR286150",2410289,2410944,"6",655
"DRR286150",2410945,2411760,"2",815
"DRR286150",2494276,2494914,"2",638
"DRR286150",2525227,2526385,"1",1158
"DRR286150",2608059,2608462,"8",403
"DRR286150",2637850,2638264,"8",414
"DRR286150",2641982,2643243,"8",1261
"DRR286150",2677717,2678228,"7",511
"DRR286150",2685377,2689386,"10",4009
"DRR286150",2690969,2692372,"7",1403
"DRR286150",2696242,2698180,"4",1938
"DRR286150",2707800,2708651,"9",851
"DRR286150",2713311,2714229,"9",918
"DRR286150",2844603,2845555,"4",952
"DRR286150",2886287,2887248,"2",961
"DRR286150",2887249,2887613,"9",364
"DRR286150",2906456,2907313,"5",857
"DRR286150",3011089,3013156,"8",2067
"DRR286150",3013157,3014892,"2",1735
"DRR286150",3103890,3107080,"8",3190
"DRR286150",3145213,3146624,"4",1411
"DRR286150",3184862,3186072,"10",1210
"DRR286150",3231583,3232732,"1",1149
"DRR286150",3242214,3243947,"10",1733
"DRR286150",3302748,3306841,"9",4093
"DRR286150",3308273,3309962,"8",1689
"DRR286150",3326033,3327975,"8",1942
"DRR286150",3338201,3338581,"8",380
"DRR286150",3338582,3340389,"2",1807
"DRR286150",3373571,3375037,"1",1466
"DRR286150",3386322,3387004,"9",682
"DRR286150",3406943,3410542,"2",3599
"DRR286150",3411722,3412987,"8",1265
"DRR286150",3521847,3523805,"2",1958
"DRR286150",3638761,3641733,"8",2972
"DRR286150",3657553,3658037,"8",484
"DRR286150",3690850,3691149,"8",299
"DRR286150",3735194,3736551,"9",1357
"DRR286150",3765818,3766307,"10",489
"DRR286150",3782279,3782873,"8",594
"DRR286150",3798301,3799360,"6",1059
"DRR286150",3819567,3820700,"9",1133
"DRR286150",3852131,3854036,"9",1905
"DRR286150",3864792,3866148,"10",1356
"DRR286150",3992055,3992426,"10",371
"DRR286150",4011707,4013250,"4",1543
"DRR286150",4015428,4016050,"10",622
"DRR286150",4056490,4057078,"1",588
"DRR286150",4066924,4070083,"1",3159
"SRR24927439",148640,149389,"8",749
"SRR24927439",283083,284004,"1",921
"SRR24927439",341511,341623,"9",112
"SRR24927439",341624,342188,"8",564
"SRR24927439",343135,345731,"10",2596
"SRR24927439",371609,372545,"3",936
"SRR24927439",389967,390861,"9",894
"SRR24927439",423167,424117,"1",950
"SRR24927439",488295,489137,"10",842
"SRR24927439",527295,529005,"9",1710
"SRR24927439",529006,529926,"3",920
"SRR24927439",558743,559586,"6",843
"SRR24927439",653679,656086,"10",2407
"SRR24927439",674234,674873,"3",639
"SRR24927439",915552,917376,"10",1824
"SRR24927439",956708,958187,"3",1479
"SRR24927439",984203,986096,"8",1893
"SRR24927439",989671,990296,"3",625
"SRR24927439",1053887,1054937,"3",1050
"SRR24927439",1058545,1059984,"3",1439
"SRR24927439",1200448,1202900,"8",2452
"SRR24927439",1264421,1264972,"1",551
"SRR24927439",1324799,1325979,"9",1180
"SRR24927439",1343957,1346386,"10",2429
"SRR24927439",1367527,1368262,"8",735
"SRR24927439",1368263,1369186,"7",923
"SRR24927439",1415978,1416747,"8",769
"SRR24927439",1465930,1466595,"10",665
"SRR24927439",1496907,1498493,"6",1586
"SRR24927439",1507571,1508093,"8",522
"SRR24927439",1532671,1534094,"3",1423
"SRR24927439",1626564,1627306,"3",742
"SRR24927439",1671493,1672255,"3",762
"SRR24927439",1703508,1704525,"3",1017
"SRR24927439",1723369,1724967,"10",1598
"SRR24927439",1736430,1738514,"3",2084
"SRR24927439",1738515,1738888,"8",373
"SRR24927439",1750056,1750853,"3",797
"SRR24927439",1750854,1751535,"1",681
"SRR24927439",1751536,1751784,"3",248
"SRR24927439",1781999,1783666,"10",1667
"SRR24927439",1785314,1786509,"3",1195
"SRR24927439",1878430,1879395,"9",965
"SRR24927439",1879396,1881775,"4",2379
"SRR24927439",1911048,1914324,"3",3276
"SRR24927439",1945800,1947722,"3",1922
"SRR24927439",1980670,1981995,"3",1325
"SRR24927439",2007380,2008897,"10",1517
"SRR24927439",2025110,2026136,"9",1026
"SRR24927439",2065933,2066603,"10",670
"SRR24927439",2127737,2131095,"6",3358
"SRR24927439",2151510,2154261,"6",2751
"SRR24927439",2210005,2211293,"3",1288
"SRR24927439",2221625,2223447,"10",1822
"SRR24927439",2223448,2224814,"3",1366
"SRR24927439",2296070,2297552,"10",1482
"SRR24927439",2325245,2326050,"3",805
"SRR24927439",2329657,2330887,"10",1230
"SRR24927439",2357767,2358654,"10",887
"SRR24927439",2367748,2371151,"9",3403
"SRR24927439",2375472,2376741,"6",1269
"SRR24927439",2438078,2440421,"8",2343
"SRR24927439",2455323,2456356,"8",1033
"SRR24927439",2494597,2494976,"10",379
"SRR24927439",2512280,2513395,"10",1115
"SRR24927439",2522547,2526396,"8",3849
"SRR24927439",2595802,2598558,"6",2756
"SRR24927439",2615791,2617608,"3",1817
"SRR24927439",2638433,2639225,"3",792
"SRR24927439",2642104,2643243,"3",1139
"SRR24927439",2706448,2707554,"3",1106
"SRR24927439",2707555,2708712,"9",1157
"SRR24927439",2732476,2734329,"10",1853
"SRR24927439",2756677,2758021,"9",1344
"SRR24927439",2815050,2815622,"4",572
"SRR24927439",2830410,2831827,"10",1417
"SRR24927439",2831828,2833377,"9",1549
"SRR24927439",2833378,2835746,"10",2368
"SRR24927439",2852812,2855805,"9",2993
"SRR24927439",2855806,2857196,"10",1390
"SRR24927439",2906655,2907991,"10",1336
"SRR24927439",2987280,2990889,"1",3609
"SRR24927439",3013586,3014892,"9",1306
"SRR24927439",3040624,3041358,"3",734
"SRR24927439",3159858,3160022,"9",164
"SRR24927439",3160023,3164162,"1",4139
"SRR24927439",3170549,3171206,"1",657
"SRR24927439",3173700,3177488,"4",3788
"SRR24927439",3223618,3224798,"3",1180
"SRR24927439",3286700,3288709,"6",2009
"SRR24927439",3288710,3292137,"10",3427
"SRR24927439",3338671,3340162,"10",1491
"SRR24927439",3361667,3362980,"3",1313
"SRR24927439",3421122,3422255,"4",1133
"SRR24927439",3437801,3439449,"10",1648
"SRR24927439",3451576,3453097,"1",1521
"SRR24927439",3511917,3513099,"8",1182
"SRR24927439",3513100,3514151,"3",1051
"SRR24927439",3562459,3564376,"9",1917
"SRR24927439",3566334,3567163,"3",829
"SRR24927439",3577291,3578231,"9",940
"SRR24927439",3663705,3664964,"2",1259
"SRR24927439",3672747,3673586,"3",839
"SRR24927439",3680981,3681225,"3",244
"SRR24927439",3727677,3729145,"10",1468
"SRR24927439",3788810,3790202,"6",1392
"SRR24927439",3794596,3795232,"6",636
"SRR24927439",3814663,3814874,"6",211
"SRR24927439",3831527,3832508,"10",981
"SRR24927439",3868676,3869758,"3",1082
"SRR24927439",3903807,3904238,"3",431
"SRR24927439",3921784,3922386,"7",602
"SRR24927439",3944188,3945064,"1",876
"SRR24927439",3975283,3976597,"3",1314
"SRR24927439",3988006,3988752,"3",746
"SRR24927439",4006965,4007885,"1",920
"SRR24927439",4007886,4009466,"6",1580
"SRR24927439",4018666,4020252,"10",1586
"SRR24927439",4031223,4032423,"3",1200
"SRR24927439",4052519,4053927,"1",1408
"SRR24927439",4113100,4114448,"4",1348
"SRR24927439",4114449,4117289,"10",2840
"SRR24927439",4118111,4118457,"9",346
"DRR286237",1,3837,"7",3836
"DRR286237",7788,8599,"3",811
"DRR286237",11822,13156,"7",1334
"DRR286237",13157,15051,"2",1894
"DRR286237",15052,16490,"10",1438
"DRR286237",22177,26062,"1",3885
"DRR286237",34073,34518,"5",445
"DRR286237",34566,35462,"3",896
"DRR286237",51540,59365,"1",7825
"DRR286237",70783,71973,"10",1190
"DRR286237",71974,72300,"3",326
"DRR286237",76469,77457,"4",988
"DRR286237",88371,89243,"2",872
"DRR286237",109036,109576,"2",540
"DRR286237",135263,136435,"3",1172
"DRR286237",143141,146721,"10",3580
"DRR286237",147197,148133,"1",936
"DRR286237",168998,170454,"9",1456
"DRR286237",172493,173155,"4",662
"DRR286237",175245,178995,"1",3750
"DRR286237",185377,186912,"6",1535
"DRR286237",187705,188797,"2",1092
"DRR286237",198234,200210,"5",1976
"DRR286237",202988,204267,"6",1279
"DRR286237",217962,221728,"10",3766
"DRR286237",222925,223449,"4",524
"DRR286237",223450,225040,"3",1590
"DRR286237",225437,226681,"10",1244
"DRR286237",234888,236052,"2",1164
"DRR286237",236831,240451,"3",3620
"DRR286237",240452,244238,"2",3786
"DRR286237",255734,263066,"9",7332
"DRR286237",293274,294179,"3",905
"DRR286237",300248,301287,"10",1039
"DRR286237",302106,304227,"5",2121
"DRR286237",304228,305149,"3",921
"DRR286237",305839,306289,"10",450
"DRR286237",311110,312489,"9",1379
"DRR286237",312490,314121,"1",1631
"DRR286237",314122,314787,"9",665
"DRR286237",314788,317096,"3",2308
"DRR286237",317097,317736,"1",639
"DRR286237",317737,320786,"3",3049
"DRR286237",320938,321289,"7",351
"DRR286237",324713,325020,"4",307
"DRR286237",325021,325274,"6",253
"DRR286237",326927,328789,"2",1862
"DRR286237",329957,331957,"5",2000
"DRR286237",331958,334763,"10",2805
"DRR286237",340162,340261,"6",99
"DRR286237",352108,356096,"3",3988
"DRR286237",357484,359776,"9",2292
"DRR286237",368899,370356,"3",1457
"DRR286237",370357,371321,"7",964
"DRR286237",376186,378085,"3",1899
"DRR286237",380687,381870,"10",1183
"DRR286237",386237,386431,"10",194
"DRR286237",386432,387830,"3",1398
"DRR286237",387831,388198,"7",367
"DRR286237",391395,393257,"10",1862
"DRR286237",393258,393609,"4",351
"DRR286237",416996,417143,"3",147
"DRR286237",419426,420798,"10",1372
"DRR286237",420799,421279,"2",480
"DRR286237",421280,422587,"6",1307
"DRR286237",422588,424480,"3",1892
"DRR286237",431317,432531,"2",1214
"DRR286237",446486,447125,"2",639
"DRR286237",458110,459569,"10",1459
"DRR286237",465121,467297,"3",2176
"DRR286237",470098,471093,"2",995
"DRR286237",475005,479746,"9",4741
"DRR286237",479747,482086,"3",2339
"DRR286237",482087,487279,"9",5192
"DRR286237",487280,492099,"3",4819
"DRR286237",506111,507420,"10",1309
"DRR286237",507476,508306,"3",830
"DRR286237",512914,514312,"10",1398
"DRR286237",522724,523791,"9",1067
"DRR286237",527172,528499,"3",1327
"DRR286237",528500,528785,"1",285
"DRR286237",540666,542138,"1",1472
"DRR286237",543624,550604,"1",6980
"DRR286237",553082,554523,"1",1441
"DRR286237",558899,563204,"3",4305
"DRR286237",564444,566505,"2",2061
"DRR286237",566506,568252,"9",1746
"DRR286237",573114,573899,"9",785
"DRR286237",597113,598373,"10",1260
"DRR286237",598374,599448,"1",1074
"DRR286237",600468,602900,"2",2432
"DRR286237",603749,605050,"5",1301
"DRR286237",615021,615429,"5",408
"DRR286237",620014,622322,"9",2308
"DRR286237",622323,623283,"3",960
"DRR286237",628826,631143,"3",2317
"DRR286237",632574,635280,"3",2706
"DRR286237",645638,646159,"3",521
"DRR286237",646160,647449,"9",1289
"DRR286237",648901,650796,"6",1895
"DRR286237",651583,653045,"3",1462
"DRR286237",663348,665023,"1",1675
"DRR286237",665024,666234,"7",1210
"DRR286237",670053,672252,"1",2199
"DRR286237",678330,679315,"1",985
"DRR286237",723904,725837,"4",1933
"DRR286237",727166,729375,"7",2209
"DRR286237",730880,733946,"10",3066
"DRR286237",733947,735117,"3",1170
"DRR286237",751285,754296,"1",3011
"DRR286237",763144,767163,"10",4019
"DRR286237",781246,786560,"9",5314
"DRR286237",786561,787668,"3",1107
"DRR286237",787669,790047,"10",2378
"DRR286237",790048,791019,"6",971
"DRR286237",798249,800745,"1",2496
"DRR286237",803788,807414,"9",3626
"DRR286237",808522,809134,"10",612
"DRR286237",831165,837593,"3",6428
"DRR286237",841836,842575,"2",739
"DRR286237",842576,843119,"10",543
"DRR286237",843724,844031,"10",307
"DRR286237",844032,848420,"1",4388
"DRR286237",863746,864686,"3",940
"DRR286237",873445,877278,"1",3833
"DRR286237",877279,881983,"3",4704
"DRR286237",892074,893122,"5",1048
"DRR286237",900616,902149,"3",1533
"DRR286237",902150,904776,"5",2626
"DRR286237",904820,906467,"9",1647
"DRR286237",908699,909105,"9",406
"DRR286237",930688,931787,"5",1099
"DRR286237",933579,935971,"6",2392
"DRR286237",943653,945708,"5",2055
"DRR286237",951875,954018,"2",2143
"DRR286237",954019,954536,"3",517
"DRR286237",955969,956707,"4",738
"DRR286237",956708,958256,"3",1548
"DRR286237",968491,968678,"3",187
"DRR286237",968679,971033,"10",2354
"DRR286237",972482,975682,"7",3200
"DRR286237",998771,1000420,"6",1649
"DRR286237",1000421,1002250,"3",1829
"DRR286237",1015143,1022738,"9",7595
"DRR286237",1022739,1025053,"7",2314
"DRR286237",1040451,1042382,"3",1931
"DRR286237",1042383,1042952,"2",569
"DRR286237",1049490,1051309,"6",1819
"DRR286237",1051310,1056249,"10",4939
"DRR286237",1056250,1057246,"6",996
"DRR286237",1058340,1060276,"6",1936
"DRR286237",1060277,1062864,"10",2587
"DRR286237",1067657,1068300,"6",643
"DRR286237",1069130,1070763,"9",1633
"DRR286237",1080397,1080930,"3",533
"DRR286237",1100998,1108477,"9",7479
"DRR286237",1114650,1115153,"6",503
"DRR286237",1120603,1123632,"2",3029
"DRR286237",1133191,1134779,"4",1588
"DRR286237",1139446,1140864,"10",1418
"DRR286237",1160761,1165582,"2",4821
"DRR286237",1177412,1187133,"9",9721
"DRR286237",1189728,1190828,"6",1100
"DRR286237",1192009,1192664,"3",655
"DRR286237",1192665,1193161,"2",496
"DRR286237",1209101,1210280,"3",1179
"DRR286237",1210861,1213939,"3",3078
"DRR286237",1218399,1219207,"9",808
"DRR286237",1222466,1226320,"10",3854
"DRR286237",1228062,1229342,"2",1280
"DRR286237",1229343,1230109,"4",766
"DRR286237",1238900,1244310,"9",5410
"DRR286237",1245385,1249540,"2",4155
"DRR286237",1257127,1258757,"2",1630
"DRR286237",1258758,1263129,"9",4371
"DRR286237",1271732,1272347,"9",615
"DRR286237",1299954,1300214,"3",260
"DRR286237",1300215,1301395,"1",1180
"DRR286237",1301396,1302358,"4",962
"DRR286237",1307567,1308432,"5",865
"DRR286237",1313183,1318919,"10",5736
"DRR286237",1319862,1321974,"9",2112
"DRR286237",1324580,1326433,"7",1853
"DRR286237",1326434,1328353,"3",1919
"DRR286237",1328354,1333477,"1",5123
"DRR286237",1334368,1336460,"1",2092
"DRR286237",1341505,1341673,"9",168
"DRR286237",1351181,1352157,"2",976
"DRR286237",1352158,1354007,"4",1849
"DRR286237",1365729,1366419,"6",690
"DRR286237",1366662,1368166,"9",1504
"DRR286237",1372891,1373391,"6",500
"DRR286237",1373392,1377025,"3",3633
"DRR286237",1377026,1379194,"10",2168
"DRR286237",1381232,1383372,"1",2140
"DRR286237",1385799,1388301,"6",2502
"DRR286237",1394313,1400831,"9",6518
"DRR286237",1400832,1403129,"3",2297
"DRR286237",1403130,1403711,"2",581
"DRR286237",1409251,1409995,"3",744
"DRR286237",1422466,1433827,"9",11361
"DRR286237",1464714,1465559,"1",845
"DRR286237",1473428,1475837,"3",2409
"DRR286237",1479236,1480534,"2",1298
"DRR286237",1488390,1490809,"4",2419
"DRR286237",1498680,1501904,"7",3224
"DRR286237",1501905,1502617,"3",712
"DRR286237",1512874,1518197,"9",5323
"DRR286237",1518198,1523118,"3",4920
"DRR286237",1523119,1528147,"2",5028
"DRR286237",1529978,1531346,"3",1368
"DRR286237",1552932,1553709,"7",777
"DRR286237",1568525,1569535,"3",1010
"DRR286237",1569536,1569997,"2",461
"DRR286237",1586947,1588625,"3",1678
"DRR286237",1588626,1592783,"1",4157
"DRR286237",1615735,1616904,"4",1169
"DRR286237",1643761,1644552,"3",791
"DRR286237",1650919,1652382,"3",1463
"DRR286237",1652942,1653524,"5",582
"DRR286237",1673669,1675963,"10",2294
"DRR286237",1677681,1681378,"9",3697
"DRR286237",1683323,1684154,"2",831
"DRR286237",1684155,1686738,"4",2583
"DRR286237",1686739,1689484,"1",2745
"DRR286237",1700169,1700442,"4",273
"DRR286237",1700443,1702177,"3",1734
"DRR286237",1714358,1718033,"10",3675
"DRR286237",1718034,1719025,"4",991
"DRR286237",1721139,1722911,"6",1772
"DRR286237",1722912,1723892,"3",980
"DRR286237",1726775,1727955,"7",1180
"DRR286237",1727956,1733471,"10",5515
"DRR286237",1733472,1734120,"2",648
"DRR286237",1736314,1740578,"1",4264
"DRR286237",1747462,1748416,"3",954
"DRR286237",1749674,1751784,"1",2110
"DRR286237",1753128,1754122,"7",994
"DRR286237",1759045,1759864,"5",819
"DRR286237",1761470,1763346,"1",1876
"DRR286237",1764336,1772409,"1",8073
"DRR286237",1776299,1778122,"6",1823
"DRR286237",1781999,1783468,"9",1469
"DRR286237",1793383,1795265,"4",1882
"DRR286237",1795653,1797240,"10",1587
"DRR286237",1801401,1802111,"9",710
"DRR286237",1803274,1805013,"10",1739
"DRR286237",1817718,1818560,"2",842
"DRR286237",1821165,1821746,"3",581
"DRR286237",1830162,1834587,"9",4425
"DRR286237",1851371,1852496,"10",1125
"DRR286237",1855518,1856006,"7",488
"DRR286237",1859905,1866181,"3",6276
"DRR286237",1877831,1878067,"6",236
"DRR286237",1878068,1879122,"3",1054
"DRR286237",1886681,1887590,"1",909
"DRR286237",1887651,1888391,"4",740
"DRR286237",1903289,1909581,"9",6292
"DRR286237",1920969,1924994,"3",4025
"DRR286237",1924995,1926025,"7",1030
"DRR286237",1934956,1938628,"10",3672
"DRR286237",1943053,1944636,"3",1583
"DRR286237",1944637,1947137,"2",2500
"DRR286237",1952444,1955971,"3",3527
"DRR286237",1955972,1956550,"6",578
"DRR286237",1956551,1959149,"3",2598
"DRR286237",1966133,1968485,"10",2352
"DRR286237",1968486,1970612,"3",2126
"DRR286237",1971417,1973451,"3",2034
"DRR286237",1973452,1975593,"10",2141
"DRR286237",1975594,1976736,"3",1142
"DRR286237",1990428,1990674,"4",246
"DRR286237",1992417,1995066,"7",2649
"DRR286237",2001024,2001843,"9",819
"DRR286237",2004223,2004815,"3",592
"DRR286237",2006044,2010274,"10",4230
"DRR286237",2012777,2014723,"3",1946
"DRR286237",2015926,2017811,"3",1885
"DRR286237",2019716,2021326,"7",1610
"DRR286237",2022408,2023965,"9",1557
"DRR286237",2030743,2033239,"10",2496
"DRR286237",2039755,2040909,"3",1154
"DRR286237",2050011,2056398,"3",6387
"DRR286237",2104952,2106621,"6",1669
"DRR286237",2111788,2112095,"5",307
"DRR286237",2114267,2114433,"9",166
"DRR286237",2115639,2118189,"9",2550
"DRR286237",2128418,2129020,"4",602
"DRR286237",2129021,2130097,"7",1076
"DRR286237",2130098,2131255,"3",1157
"DRR286237",2134320,2136156,"7",1836
"DRR286237",2136157,2137530,"3",1373
"DRR286237",2139393,2139812,"3",419
"DRR286237",2145072,2148888,"3",3816
"DRR286237",2148889,2151248,"2",2359
"DRR286237",2151810,2154327,"6",2517
"DRR286237",2154328,2158734,"10",4406
"DRR286237",2172786,2173541,"9",755
"DRR286237",2173542,2174912,"3",1370
"DRR286237",2175763,2177330,"10",1567
"DRR286237",2180997,2182714,"3",1717
"DRR286237",2185489,2186978,"3",1489
"DRR286237",2214106,2219216,"1",5110
"DRR286237",2230760,2233317,"1",2557
"DRR286237",2268179,2271229,"7",3050
"DRR286237",2276594,2278091,"9",1497
"DRR286237",2278092,2279358,"3",1266
"DRR286237",2283764,2286987,"7",3223
"DRR286237",2286988,2289470,"9",2482
"DRR286237",2301930,2303684,"1",1754
"DRR286237",2303685,2305113,"6",1428
"DRR286237",2305114,2305426,"9",312
"DRR286237",2311221,2312598,"4",1377
"DRR286237",2316508,2318500,"6",1992
"DRR286237",2325667,2326233,"3",566
"DRR286237",2356660,2359378,"6",2718
"DRR286237",2360103,2361682,"3",1579
"DRR286237",2373695,2375185,"1",1490
"DRR286237",2375186,2376741,"3",1555
"DRR286237",2376742,2377597,"10",855
"DRR286237",2383595,2384229,"4",634
"DRR286237",2388954,2390002,"4",1048
"DRR286237",2396942,2397840,"3",898
"DRR286237",2398485,2398929,"3",444
"DRR286237",2404898,2405432,"7",534
"DRR286237",2405433,2407198,"10",1765
"DRR286237",2411077,2415475,"10",4398
"DRR286237",2415543,2417039,"3",1496
"DRR286237",2419029,2421129,"6",2100
"DRR286237",2422428,2424986,"9",2558
"DRR286237",2425996,2426870,"9",874
"DRR286237",2452391,2454940,"9",2549
"DRR286237",2480778,2482384,"3",1606
"DRR286237",2490629,2492838,"3",2209
"DRR286237",2494276,2495021,"3",745
"DRR286237",2495022,2495946,"7",924
"DRR286237",2495947,2496050,"9",103
"DRR286237",2498872,2502977,"5",4105
"DRR286237",2525227,2526678,"1",1451
"DRR286237",2526679,2528071,"4",1392
"DRR286237",2539431,2544411,"9",4980
"DRR286237",2548507,2551126,"9",2619
"DRR286237",2557919,2562701,"9",4782
"DRR286237",2563949,2566354,"1",2405
"DRR286237",2573828,2577680,"3",3852
"DRR286237",2585643,2587810,"3",2167
"DRR286237",2594634,2598647,"6",4013
"DRR286237",2598648,2599382,"3",734
"DRR286237",2599383,2600342,"9",959
"DRR286237",2611738,2614888,"3",3150
"DRR286237",2614889,2616333,"6",1444
"DRR286237",2619380,2622358,"1",2978
"DRR286237",2622359,2624248,"2",1889
"DRR286237",2631984,2633124,"1",1140
"DRR286237",2633125,2634899,"3",1774
"DRR286237",2641892,2642901,"3",1009
"DRR286237",2645520,2645543,"10",23
"DRR286237",2645544,2645862,"7",318
"DRR286237",2645863,2652436,"9",6573
"DRR286237",2652437,2654190,"10",1753
"DRR286237",2668285,2675080,"2",6795
"DRR286237",2675081,2678072,"7",2991
"DRR286237",2701179,2701367,"3",188
"DRR286237",2701368,2702586,"6",1218
"DRR286237",2716341,2721512,"2",5171
"DRR286237",2752821,2754921,"3",2100
"DRR286237",2760441,2764586,"9",4145
"DRR286237",2775475,2776741,"2",1266
"DRR286237",2786059,2787112,"3",1053
"DRR286237",2795462,2798496,"10",3034
"DRR286237",2798497,2800315,"3",1818
"DRR286237",2806846,2808634,"3",1788
"DRR286237",2811667,2814236,"3",2569
"DRR286237",2828731,2831628,"2",2897
"DRR286237",2831629,2837093,"3",5464
"DRR286237",2841478,2843297,"10",1819
"DRR286237",2843298,2843583,"3",285
"DRR286237",2852463,2859444,"3",6981
"DRR286237",2900287,2905588,"9",5301
"DRR286237",2905589,2911135,"10",5546
"DRR286237",2911136,2912438,"6",1302
"DRR286237",2912439,2922011,"9",9572
"DRR286237",2922012,2923248,"3",1236
"DRR286237",2932518,2934651,"9",2133
"DRR286237",2934652,2938650,"5",3998
"DRR286237",2956603,2959259,"10",2656
"DRR286237",2962580,2964710,"7",2130
"DRR286237",2965455,2968692,"9",3237
"DRR286237",2971270,2972415,"1",1145
"DRR286237",2992478,2995449,"9",2971
"DRR286237",2997847,3001078,"3",3231
"DRR286237",3004462,3007340,"3",2878
"DRR286237",3009907,3010890,"10",983
"DRR286237",3017551,3020287,"10",2736
"DRR286237",3028617,3030152,"10",1535
"DRR286237",3030153,3033779,"3",3626
"DRR286237",3035642,3038760,"10",3118
"DRR286237",3044862,3048625,"6",3763
"DRR286237",3073089,3074171,"9",1082
"DRR286237",3074172,3076457,"10",2285
"DRR286237",3097346,3105020,"9",7674
"DRR286237",3105021,3106793,"10",1772
"DRR286237",3121643,3124138,"2",2495
"DRR286237",3124139,3127996,"3",3857
"DRR286237",3152666,3155016,"6",2350
"DRR286237",3157282,3159372,"1",2090
"DRR286237",3159373,3159911,"2",538
"DRR286237",3167120,3169997,"4",2877
"DRR286237",3172844,3174333,"1",1489
"DRR286237",3177579,3178811,"9",1232
"DRR286237",3184703,3187549,"9",2846
"DRR286237",3187550,3187974,"2",424
"DRR286237",3187975,3191426,"1",3451
"DRR286237",3191427,3194831,"9",3404
"DRR286237",3212488,3213271,"1",783
"DRR286237",3249444,3250436,"3",992
"DRR286237",3259471,3260994,"10",1523
"DRR286237",3262443,3268615,"1",6172
"DRR286237",3286545,3289662,"3",3117
"DRR286237",3299580,3306961,"1",7381
"DRR286237",3324286,3326406,"5",2120
"DRR286237",3333122,3335053,"2",1931
"DRR286237",3341213,3345103,"7",3890
"DRR286237",3345104,3348995,"3",3891
"DRR286237",3350414,3352018,"9",1604
"DRR286237",3357434,3359632,"10",2198
"DRR286237",3359633,3361556,"4",1923
"DRR286237",3375199,3385752,"10",10553
"DRR286237",3386105,3387127,"3",1022
"DRR286237",3387128,3388025,"6",897
"DRR286237",3399688,3402454,"2",2766
"DRR286237",3407850,3412894,"7",5044
"DRR286237",3413613,3416902,"3",3289
"DRR286237",3437801,3439598,"3",1797
"DRR286237",3448007,3450032,"3",2025
"DRR286237",3451369,3452740,"2",1371
"DRR286237",3454503,3455546,"2",1043
"DRR286237",3455547,3457727,"5",2180
"DRR286237",3465126,3466329,"3",1203
"DRR286237",3473843,3475145,"2",1302
"DRR286237",3475146,3479189,"9",4043
"DRR286237",3479190,3480201,"1",1011
"DRR286237",3480202,3481667,"7",1465
"DRR286237",3489381,3490727,"3",1346
"DRR286237",3513244,3514943,"10",1699
"DRR286237",3517467,3521652,"9",4185
"DRR286237",3536295,3536944,"2",649
"DRR286237",3540742,3541084,"6",342
"DRR286237",3546860,3549331,"6",2471
"DRR286237",3549332,3550451,"9",1119
"DRR286237",3550452,3552289,"1",1837
"DRR286237",3562459,3564114,"10",1655
"DRR286237",3564115,3567518,"1",3403
"DRR286237",3569609,3572046,"3",2437
"DRR286237",3577291,3581367,"10",4076
"DRR286237",3581368,3582624,"6",1256
"DRR286237",3582625,3589517,"9",6892
"DRR286237",3589518,3590474,"2",956
"DRR286237",3599280,3602352,"3",3072
"DRR286237",3622423,3624508,"5",2085
"DRR286237",3627943,3628593,"1",650
"DRR286237",3633371,3633578,"6",207
"DRR286237",3644404,3645046,"10",642
"DRR286237",3645047,3645298,"3",251
"DRR286237",3649947,3652526,"3",2579
"DRR286237",3672201,3673586,"10",1385
"DRR286237",3675318,3676929,"3",1611
"DRR286237",3676930,3678555,"4",1625
"DRR286237",3680606,3682518,"9",1912
"DRR286237",3682519,3687013,"3",4494
"DRR286237",3692133,3693273,"3",1140
"DRR286237",3698160,3702235,"1",4075
"DRR286237",3703344,3704960,"4",1616
"DRR286237",3712788,3718579,"6",5791
"DRR286237",3729361,3730062,"3",701
"DRR286237",3730063,3731206,"1",1143
"DRR286237",3731207,3731785,"3",578
"DRR286237",3735194,3737964,"10",2770
"DRR286237",3737965,3741007,"6",3042
"DRR286237",3746324,3747427,"3",1103
"DRR286237",3750617,3754703,"3",4086
"DRR286237",3757251,3758955,"9",1704
"DRR286237",3758956,3760833,"10",1877
"DRR286237",3766139,3767814,"3",1675
"DRR286237",3770773,3771212,"10",439
"DRR286237",3777734,3780844,"1",3110
"DRR286237",3804503,3805383,"9",880
"DRR286237",3820902,3827786,"9",6884
"DRR286237",3841406,3842587,"6",1181
"DRR286237",3842588,3843161,"4",573
"DRR286237",3843162,3844257,"10",1095
"DRR286237",3845915,3846531,"3",616
"DRR286237",3850174,3851283,"10",1109
"DRR286237",3851284,3852130,"3",846
"DRR286237",3856019,3857073,"3",1054
"DRR286237",3857074,3857810,"1",736
"DRR286237",3860856,3861336,"2",480
"DRR286237",3861337,3862636,"10",1299
"DRR286237",3865125,3866276,"3",1151
"DRR286237",3866277,3869249,"10",2972
"DRR286237",3869250,3870811,"6",1561
"DRR286237",3870812,3873681,"2",2869
"DRR286237",3880065,3881350,"10",1285
"DRR286237",3881351,3882050,"1",699
"DRR286237",3882051,3882192,"10",141
"DRR286237",3884985,3885926,"9",941
"DRR286237",3887020,3890746,"3",3726
"DRR286237",3898798,3903011,"9",4213
"DRR286237",3914272,3915266,"3",994
"DRR286237",3916909,3918618,"9",1709
"DRR286237",3924109,3927290,"9",3181
"DRR286237",3930580,3933893,"9",3313
"DRR286237",3937486,3939568,"6",2082
"DRR286237",3958039,3960105,"10",2066
"DRR286237",3960106,3962954,"5",2848
"DRR286237",3962955,3963870,"6",915
"DRR286237",3963871,3968594,"9",4723
"DRR286237",3968595,3970483,"2",1888
"DRR286237",3970562,3973200,"9",2638
"DRR286237",3973201,3975046,"3",1845
"DRR286237",3980018,3981375,"10",1357
"DRR286237",3987743,3988752,"10",1009
"DRR286237",4001200,4002190,"3",990
"DRR286237",4002191,4004453,"1",2262
"DRR286237",4016283,4017509,"2",1226
"DRR286237",4019828,4020955,"6",1127
"DRR286237",4020956,4026625,"10",5669
"DRR286237",4035301,4036239,"7",938
"DRR286237",4036354,4036878,"5",524
"DRR286237",4036879,4038524,"3",1645
"DRR286237",4038525,4040874,"7",2349
"DRR286237",4049917,4050473,"1",556
"DRR286237",4050474,4052243,"5",1769
"DRR286237",4054006,4055127,"5",1121
"DRR286237",4055128,4057595,"9",2467
"DRR286237",4057596,4058123,"5",527
"DRR286237",4058124,4064597,"9",6473
"DRR286237",4064598,4069999,"1",5401
"DRR286237",4072382,4076699,"3",4317
"DRR286237",4076700,4078826,"6",2126
"DRR286237",4078827,4079235,"5",408
"DRR286237",4084619,4089965,"3",5346
"DRR286237",4091452,4092257,"3",805
"DRR286237",4092258,4092917,"5",659
"DRR286237",4095587,4097785,"3",2198
"DRR286237",4103757,4105719,"9",1962
"DRR286237",4105720,4108527,"3",2807
"DRR286237",4108528,4110044,"1",1516
"DRR286237",4110045,4111039,"3",994
"DRR286237",4111040,4114538,"1",3498
"DRR286237",4114539,4115546,"9",1007
"DRR286237",4120081,4120771,"5",690
"DRR286237",4120772,4122829,"3",2057
"DRR286237",4129166,4133414,"9",4248
"DRR286237",4157544,4182644,"9",25100
"ERR12861477",7199,7882,"10",683
"ERR12861477",14333,14951,"8",618
"ERR12861477",14952,20606,"6",5654
"ERR12861477",70783,72584,"6",1801
"ERR12861477",86856,89950,"10",3094
"ERR12861477",100053,109462,"6",9409
"ERR12861477",116792,117082,"10",290
"ERR12861477",117083,121523,"4",4440
"ERR12861477",123164,124201,"7",1037
"ERR12861477",140926,141773,"4",847
"ERR12861477",148640,150347,"8",1707
"ERR12861477",150348,151156,"7",808
"ERR12861477",158821,162079,"10",3258
"ERR12861477",174261,175562,"9",1301
"ERR12861477",175563,177692,"10",2129
"ERR12861477",177931,180057,"10",2126
"ERR12861477",186825,190175,"10",3350
"ERR12861477",192542,193769,"4",1227
"ERR12861477",194104,196372,"6",2268
"ERR12861477",204015,205844,"4",1829
"ERR12861477",213558,217674,"7",4116
"ERR12861477",218657,228847,"4",10190
"ERR12861477",228848,230411,"7",1563
"ERR12861477",230412,234166,"4",3754
"ERR12861477",234167,237044,"10",2877
"ERR12861477",273238,274026,"4",788
"ERR12861477",274027,275769,"5",1742
"ERR12861477",290654,292550,"9",1896
"ERR12861477",320894,322843,"5",1949
"ERR12861477",326703,332143,"6",5440
"ERR12861477",366346,367630,"4",1284
"ERR12861477",396792,400580,"6",3788
"ERR12861477",400581,403728,"8",3147
"ERR12861477",405507,406525,"10",1018
"ERR12861477",413910,415246,"8",1336
"ERR12861477",419707,420356,"4",649
"ERR12861477",420357,422189,"6",1832
"ERR12861477",422190,422950,"10",760
"ERR12861477",435137,436376,"8",1239
"ERR12861477",450725,451621,"8",896
"ERR12861477",451622,457800,"6",6178
"ERR12861477",457801,458696,"10",895
"ERR12861477",477597,478699,"9",1102
"ERR12861477",482403,483325,"10",922
"ERR12861477",505951,506588,"10",637
"ERR12861477",506844,508150,"4",1306
"ERR12861477",522342,524330,"4",1988
"ERR12861477",530138,532545,"10",2407
"ERR12861477",542680,543297,"4",617
"ERR12861477",559587,560705,"10",1118
"ERR12861477",560706,561612,"6",906
"ERR12861477",571017,574394,"6",3377
"ERR12861477",600112,601204,"10",1092
"ERR12861477",618939,619691,"6",752
"ERR12861477",623284,624590,"10",1306
"ERR12861477",632574,634462,"10",1888
"ERR12861477",682137,687659,"8",5522
"ERR12861477",695802,696764,"4",962
"ERR12861477",696765,698559,"10",1794
"ERR12861477",700528,701825,"6",1297
"ERR12861477",722283,723027,"4",744
"ERR12861477",727235,731542,"4",4307
"ERR12861477",731543,736849,"10",5306
"ERR12861477",736850,740133,"9",3283
"ERR12861477",743767,745747,"9",1980
"ERR12861477",745748,746458,"6",710
"ERR12861477",775514,777123,"7",1609
"ERR12861477",796288,797358,"6",1070
"ERR12861477",813090,813550,"4",460
"ERR12861477",822151,824868,"9",2717
"ERR12861477",829675,832141,"6",2466
"ERR12861477",839070,840231,"10",1161
"ERR12861477",840232,841693,"6",1461
"ERR12861477",846156,847468,"6",1312
"ERR12861477",873881,874631,"10",750
"ERR12861477",881726,883435,"6",1709
"ERR12861477",903212,906971,"6",3759
"ERR12861477",907988,910201,"4",2213
"ERR12861477",913548,914359,"5",811
"ERR12861477",918416,919378,"9",962
"ERR12861477",944917,945231,"3",314
"ERR12861477",962564,964734,"4",2170
"ERR12861477",969982,971983,"7",2001
"ERR12861477",972349,973165,"4",816
"ERR12861477",984267,986253,"4",1986
"ERR12861477",1016228,1020690,"9",4462
"ERR12861477",1023379,1026827,"4",3448
"ERR12861477",1026828,1030150,"6",3322
"ERR12861477",1035540,1041793,"4",6253
"ERR12861477",1041794,1044169,"6",2375
"ERR12861477",1063593,1064644,"4",1051
"ERR12861477",1079892,1084714,"7",4822
"ERR12861477",1084764,1087567,"8",2803
"ERR12861477",1087568,1090278,"4",2710
"ERR12861477",1092994,1097520,"9",4526
"ERR12861477",1097521,1100044,"6",2523
"ERR12861477",1100045,1101353,"10",1308
"ERR12861477",1102730,1104508,"8",1778
"ERR12861477",1104509,1106691,"5",2182
"ERR12861477",1106692,1109144,"4",2452
"ERR12861477",1114650,1115583,"6",933
"ERR12861477",1117715,1120156,"6",2441
"ERR12861477",1128935,1129745,"6",810
"ERR12861477",1146287,1147469,"8",1182
"ERR12861477",1151128,1152013,"4",885
"ERR12861477",1164044,1165516,"4",1472
"ERR12861477",1192101,1192370,"6",269
"ERR12861477",1199746,1200233,"9",487
"ERR12861477",1204065,1211684,"9",7619
"ERR12861477",1211685,1212012,"6",327
"ERR12861477",1213790,1216635,"8",2845
"ERR12861477",1216636,1219157,"6",2521
"ERR12861477",1227987,1229914,"6",1927
"ERR12861477",1233182,1239488,"4",6306
"ERR12861477",1257127,1258783,"10",1656
"ERR12861477",1259560,1260434,"10",874
"ERR12861477",1268460,1271337,"6",2877
"ERR12861477",1271338,1272347,"9",1009
"ERR12861477",1285634,1288748,"7",3114
"ERR12861477",1295056,1295620,"8",564
"ERR12861477",1295621,1296708,"4",1087
"ERR12861477",1310259,1310550,"7",291
"ERR12861477",1311488,1317908,"6",6420
"ERR12861477",1320997,1322129,"5",1132
"ERR12861477",1322130,1323543,"7",1413
"ERR12861477",1323544,1324579,"10",1035
"ERR12861477",1338183,1340355,"6",2172
"ERR12861477",1351060,1352895,"9",1835
"ERR12861477",1352896,1354650,"5",1754
"ERR12861477",1369684,1372787,"6",3103
"ERR12861477",1372788,1373279,"4",491
"ERR12861477",1386911,1389045,"6",2134
"ERR12861477",1389046,1389950,"4",904
"ERR12861477",1407067,1411599,"6",4532
"ERR12861477",1424034,1426659,"4",2625
"ERR12861477",1427445,1432455,"6",5010
"ERR12861477",1432456,1433969,"5",1513
"ERR12861477",1433970,1437981,"8",4011
"ERR12861477",1437982,1441372,"10",3390
"ERR12861477",1447418,1450171,"4",2753
"ERR12861477",1467450,1472865,"10",5415
"ERR12861477",1489579,1490579,"10",1000
"ERR12861477",1498494,1499957,"10",1463
"ERR12861477",1507571,1508126,"7",555
"ERR12861477",1508565,1508986,"8",421
"ERR12861477",1508987,1509300,"2",313
"ERR12861477",1509301,1511373,"4",2072
"ERR12861477",1511374,1511691,"9",317
"ERR12861477",1511692,1513018,"10",1326
"ERR12861477",1513893,1517851,"8",3958
"ERR12861477",1517852,1519585,"5",1733
"ERR12861477",1522078,1524798,"9",2720
"ERR12861477",1528148,1531114,"5",2966
"ERR12861477",1548380,1549559,"4",1179
"ERR12861477",1549560,1551782,"6",2222
"ERR12861477",1552634,1555639,"4",3005
"ERR12861477",1567411,1569338,"6",1927
"ERR12861477",1575425,1576547,"9",1122
"ERR12861477",1578975,1585381,"6",6406
"ERR12861477",1585382,1585964,"5",582
"ERR12861477",1585965,1591865,"10",5900
"ERR12861477",1601712,1602534,"6",822
"ERR12861477",1605182,1608861,"6",3679
"ERR12861477",1614009,1615734,"9",1725
"ERR12861477",1615735,1618252,"4",2517
"ERR12861477",1622343,1623392,"5",1049
"ERR12861477",1623393,1626429,"6",3036
"ERR12861477",1626430,1627436,"10",1006
"ERR12861477",1629598,1633928,"9",4330
"ERR12861477",1635664,1639075,"7",3411
"ERR12861477",1639076,1642374,"8",3298
"ERR12861477",1642375,1643951,"4",1576
"ERR12861477",1645481,1647126,"10",1645
"ERR12861477",1647127,1647880,"6",753
"ERR12861477",1647881,1650470,"10",2589
"ERR12861477",1650471,1652770,"6",2299
"ERR12861477",1652771,1653637,"5",866
"ERR12861477",1658902,1660601,"4",1699
"ERR12861477",1676250,1680240,"6",3990
"ERR12861477",1688824,1689867,"8",1043
"ERR12861477",1696537,1697375,"9",838
"ERR12861477",1697376,1700700,"6",3324
"ERR12861477",1705168,1708001,"10",2833
"ERR12861477",1710567,1713901,"7",3334
"ERR12861477",1713902,1715912,"9",2010
"ERR12861477",1715913,1718033,"4",2120
"ERR12861477",1718034,1719025,"10",991
"ERR12861477",1725298,1726398,"8",1100
"ERR12861477",1731372,1732986,"10",1614
"ERR12861477",1759029,1760524,"10",1495
"ERR12861477",1760525,1762320,"4",1795
"ERR12861477",1762321,1764555,"6",2234
"ERR12861477",1768780,1770215,"8",1435
"ERR12861477",1777323,1779196,"5",1873
"ERR12861477",1781500,1783229,"7",1729
"ERR12861477",1783230,1785862,"10",2632
"ERR12861477",1791056,1794787,"6",3731
"ERR12861477",1797294,1800376,"5",3082
"ERR12861477",1800377,1801427,"4",1050
"ERR12861477",1801428,1802111,"8",683
"ERR12861477",1802112,1805188,"4",3076
"ERR12861477",1809228,1810634,"6",1406
"ERR12861477",1810635,1813052,"4",2417
"ERR12861477",1816806,1818504,"10",1698
"ERR12861477",1870508,1871464,"9",956
"ERR12861477",1874852,1877166,"4",2314
"ERR12861477",1889484,1890910,"8",1426
"ERR12861477",1890911,1897936,"6",7025
"ERR12861477",1897937,1901408,"9",3471
"ERR12861477",1901409,1902975,"4",1566
"ERR12861477",1902976,1904666,"9",1690
"ERR12861477",1904667,1907333,"4",2666
"ERR12861477",1910746,1916325,"6",5579
"ERR12861477",1926258,1929550,"8",3292
"ERR12861477",1939267,1942070,"8",2803
"ERR12861477",1952309,1953373,"4",1064
"ERR12861477",1954355,1955824,"6",1469
"ERR12861477",1957275,1958230,"4",955
"ERR12861477",1966954,1968537,"4",1583
"ERR12861477",1968737,1974934,"10",6197
"ERR12861477",1974935,1976961,"5",2026
"ERR12861477",1977239,1979747,"8",2508
"ERR12861477",1979748,1982701,"7",2953
"ERR12861477",1982702,1987783,"4",5081
"ERR12861477",1992294,1995318,"10",3024
"ERR12861477",1998591,2000963,"8",2372
"ERR12861477",2022408,2023805,"4",1397
"ERR12861477",2042736,2043547,"6",811
"ERR12861477",2044057,2045153,"5",1096
"ERR12861477",2049186,2050126,"8",940
"ERR12861477",2057714,2060776,"8",3062
"ERR12861477",2061670,2068531,"10",6861
"ERR12861477",2092722,2094160,"10",1438
"ERR12861477",2094161,2096729,"4",2568
"ERR12861477",2096730,2098080,"8",1350
"ERR12861477",2108095,2110703,"7",2608
"ERR12861477",2110704,2114207,"6",3503
"ERR12861477",2126561,2128283,"4",1722
"ERR12861477",2128284,2131095,"6",2811
"ERR12861477",2131096,2132668,"4",1572
"ERR12861477",2170280,2173813,"9",3533
"ERR12861477",2173814,2175762,"5",1948
"ERR12861477",2178655,2180792,"4",2137
"ERR12861477",2180793,2187215,"10",6422
"ERR12861477",2187216,2192820,"4",5604
"ERR12861477",2192821,2196902,"8",4081
"ERR12861477",2201203,2205518,"7",4315
"ERR12861477",2221894,2225846,"4",3952
"ERR12861477",2227325,2229670,"10",2345
"ERR12861477",2232454,2236180,"10",3726
"ERR12861477",2236181,2237928,"4",1747
"ERR12861477",2237929,2238637,"9",708
"ERR12861477",2245104,2245596,"7",492
"ERR12861477",2245597,2248779,"4",3182
"ERR12861477",2252129,2255050,"4",2921
"ERR12861477",2255110,2256743,"9",1633
"ERR12861477",2267857,2269669,"4",1812
"ERR12861477",2306231,2306912,"4",681
"ERR12861477",2311724,2311993,"10",269
"ERR12861477",2311994,2312530,"5",536
"ERR12861477",2312531,2314707,"4",2176
"ERR12861477",2314708,2321023,"6",6315
"ERR12861477",2325245,2328846,"6",3601
"ERR12861477",2328847,2330791,"10",1944
"ERR12861477",2330792,2336561,"4",5769
"ERR12861477",2343927,2346450,"4",2523
"ERR12861477",2351335,2355212,"4",3877
"ERR12861477",2400450,2400926,"6",476
"ERR12861477",2409448,2418871,"4",9423
"ERR12861477",2430335,2431748,"10",1413
"ERR12861477",2431749,2437727,"4",5978
"ERR12861477",2444131,2445349,"7",1218
"ERR12861477",2446830,2448038,"6",1208
"ERR12861477",2449533,2454732,"4",5199
"ERR12861477",2465238,2470419,"8",5181
"ERR12861477",2484411,2488419,"4",4008
"ERR12861477",2492263,2497715,"10",5452
"ERR12861477",2504857,2505855,"8",998
"ERR12861477",2517909,2519028,"4",1119
"ERR12861477",2519611,2522546,"10",2935
"ERR12861477",2536300,2538180,"6",1880
"ERR12861477",2538427,2538804,"10",377
"ERR12861477",2538805,2539141,"4",336
"ERR12861477",2539142,2540602,"6",1460
"ERR12861477",2562984,2565487,"6",2503
"ERR12861477",2565488,2568048,"8",2560
"ERR12861477",2568049,2569220,"7",1171
"ERR12861477",2575788,2579599,"6",3811
"ERR12861477",2579600,2582595,"10",2995
"ERR12861477",2591662,2595595,"6",3933
"ERR12861477",2609014,2611865,"8",2851
"ERR12861477",2632777,2633406,"4",629
"ERR12861477",2634654,2637406,"4",2752
"ERR12861477",2652198,2653879,"4",1681
"ERR12861477",2661848,2663526,"4",1678
"ERR12861477",2674206,2677673,"4",3467
"ERR12861477",2677717,2681276,"10",3559
"ERR12861477",2738821,2741460,"8",2639
"ERR12861477",2741461,2743502,"4",2041
"ERR12861477",2743503,2745192,"8",1689
"ERR12861477",2747353,2748444,"5",1091
"ERR12861477",2752855,2754964,"8",2109
"ERR12861477",2769830,2774650,"4",4820
"ERR12861477",2800196,2801893,"10",1697
"ERR12861477",2830786,2831827,"10",1041
"ERR12861477",2871200,2873593,"4",2393
"ERR12861477",2874004,2874893,"4",889
"ERR12861477",2891335,2894264,"4",2929
"ERR12861477",2894265,2896314,"8",2049
"ERR12861477",2898160,2898670,"9",510
"ERR12861477",2914197,2917358,"4",3161
"ERR12861477",2918721,2924244,"4",5523
"ERR12861477",2924245,2928311,"6",4066
"ERR12861477",2961275,2964505,"10",3230
"ERR12861477",2968566,2971269,"6",2703
"ERR12861477",2978540,2979271,"6",731
"ERR12861477",2982289,2985721,"7",3432
"ERR12861477",2999710,3001078,"10",1368
"ERR12861477",3002572,3004461,"6",1889
"ERR12861477",3018644,3021657,"4",3013
"ERR12861477",3028446,3030977,"5",2531
"ERR12861477",3030978,3037304,"6",6326
"ERR12861477",3039002,3041576,"6",2574
"ERR12861477",3041577,3042945,"4",1368
"ERR12861477",3044606,3046679,"6",2073
"ERR12861477",3059445,3065427,"4",5982
"ERR12861477",3069215,3071995,"10",2780
"ERR12861477",3076852,3080128,"4",3276
"ERR12861477",3089551,3094617,"7",5066
"ERR12861477",3099585,3101698,"10",2113
"ERR12861477",3114406,3116286,"7",1880
"ERR12861477",3116287,3126313,"4",10026
"ERR12861477",3141627,3145374,"9",3747
"ERR12861477",3145375,3146407,"4",1032
"ERR12861477",3153857,3159125,"10",5268
"ERR12861477",3171332,3172548,"7",1216
"ERR12861477",3194591,3197088,"9",2497
"ERR12861477",3201220,3204618,"4",3398
"ERR12861477",3204619,3208154,"9",3535
"ERR12861477",3227961,3228625,"9",664
"ERR12861477",3232657,3235092,"6",2435
"ERR12861477",3235093,3236003,"2",910
"ERR12861477",3250886,3254350,"6",3464
"ERR12861477",3255695,3256643,"6",948
"ERR12861477",3286700,3292151,"6",5451
"ERR12861477",3292152,3295490,"10",3338
"ERR12861477",3295491,3296475,"6",984
"ERR12861477",3323435,3330670,"6",7235
"ERR12861477",3350549,3351780,"4",1231
"ERR12861477",3364521,3368131,"4",3610
"ERR12861477",3368132,3374069,"6",5937
"ERR12861477",3388073,3389041,"8",968
"ERR12861477",3394793,3396119,"10",1326
"ERR12861477",3404112,3406185,"4",2073
"ERR12861477",3413639,3419757,"4",6118
"ERR12861477",3419758,3426715,"10",6957
"ERR12861477",3429259,3429876,"10",617
"ERR12861477",3429877,3431116,"6",1239
"ERR12861477",3441885,3445554,"6",3669
"ERR12861477",3465574,3466088,"8",514
"ERR12861477",3473380,3476053,"10",2673
"ERR12861477",3486960,3488873,"10",1913
"ERR12861477",3488874,3490166,"6",1292
"ERR12861477",3493716,3496073,"4",2357
"ERR12861477",3503261,3509519,"8",6258
"ERR12861477",3509520,3511793,"10",2273
"ERR12861477",3521736,3523987,"8",2251
"ERR12861477",3540303,3542560,"6",2257
"ERR12861477",3547717,3549129,"7",1412
"ERR12861477",3549130,3551475,"10",2345
"ERR12861477",3551476,3552025,"9",549
"ERR12861477",3572109,3574397,"7",2288
"ERR12861477",3574398,3575013,"10",615
"ERR12861477",3581844,3582563,"4",719
"ERR12861477",3592057,3597929,"4",5872
"ERR12861477",3597930,3601683,"7",3753
"ERR12861477",3618293,3619814,"7",1521
"ERR12861477",3619815,3622645,"6",2830
"ERR12861477",3622646,3624508,"5",1862
"ERR12861477",3624509,3628273,"6",3764
"ERR12861477",3628274,3631632,"4",3358
"ERR12861477",3631633,3632193,"10",560
"ERR12861477",3634851,3636983,"7",2132
"ERR12861477",3636984,3637638,"4",654
"ERR12861477",3662329,3664964,"8",2635
"ERR12861477",3666661,3668378,"4",1717
"ERR12861477",3673587,3674268,"8",681
"ERR12861477",3678390,3679745,"6",1355
"ERR12861477",3679746,3681033,"4",1287
"ERR12861477",3683746,3684919,"4",1173
"ERR12861477",3700686,3704328,"6",3642
"ERR12861477",3706752,3710454,"6",3702
"ERR12861477",3712788,3719849,"4",7061
"ERR12861477",3727525,3729171,"10",1646
"ERR12861477",3729172,3732655,"4",3483
"ERR12861477",3732656,3732961,"6",305
"ERR12861477",3740101,3741007,"6",906
"ERR12861477",3741008,3743809,"8",2801
"ERR12861477",3752361,3757450,"6",5089
"ERR12861477",3757451,3760833,"10",3382
"ERR12861477",3786611,3788084,"7",1473
"ERR12861477",3795308,3798197,"10",2889
"ERR12861477",3803203,3807348,"4",4145
"ERR12861477",3813067,3816387,"4",3320
"ERR12861477",3816388,3818034,"10",1646
"ERR12861477",3822872,3824184,"5",1312
"ERR12861477",3847148,3847927,"4",779
"ERR12861477",3859688,3861209,"7",1521
"ERR12861477",3861210,3861336,"2",126
"ERR12861477",3861337,3862293,"10",956
"ERR12861477",3866764,3870726,"6",3962
"ERR12861477",3870727,3872416,"4",1689
"ERR12861477",3890626,3895227,"4",4601
"ERR12861477",3919272,3920232,"10",960
"ERR12861477",3922443,3925872,"6",3429
"ERR12861477",3925873,3928096,"10",2223
"ERR12861477",3928097,3931324,"4",3227
"ERR12861477",3931325,3932659,"5",1334
"ERR12861477",3932660,3936430,"10",3770
"ERR12861477",3945328,3946143,"6",815
"ERR12861477",3949685,3950542,"4",857
"ERR12861477",3973394,3974663,"6",1269
"ERR12861477",3974664,3976597,"10",1933
"ERR12861477",4000885,4001954,"4",1069
"ERR12861477",4017988,4020340,"6",2352
"ERR12861477",4072631,4078606,"4",5975
"ERR12861477",4096702,4098201,"10",1499
"ERR12861477",4098202,4100184,"3",1982
"ERR12861477",4100185,4103889,"6",3704
"ERR12861477",4113106,4115849,"4",2743
"ERR12861477",4115850,4120661,"10",4811
"ERR12861477",4123297,4125277,"6",1980
"ERR12861477",4129166,4131273,"4",2107
"ERR12861477",4188222,4188294,"10",72
"ERR12861710",50510,51270,"6",760
"ERR12861710",109621,112857,"6",3236
"ERR12861710",128778,131513,"6",2735
"ERR12861710",141096,142162,"9",1066
"ERR12861710",173626,175032,"6",1406
"ERR12861710",187007,188849,"7",1842
"ERR12861710",201829,202374,"10",545
"ERR12861710",218959,220208,"6",1249
"ERR12861710",236053,236923,"7",870
"ERR12861710",236924,237906,"6",982
"ERR12861710",263051,263804,"10",753
"ERR12861710",275810,276563,"10",753
"ERR12861710",286741,287150,"10",409
"ERR12861710",289662,290999,"9",1337
"ERR12861710",296469,297379,"6",910
"ERR12861710",347555,348263,"8",708
"ERR12861710",385220,385928,"10",708
"ERR12861710",438341,440337,"10",1996
"ERR12861710",458045,458696,"6",651
"ERR12861710",472189,473353,"6",1164
"ERR12861710",490125,490671,"9",546
"ERR12861710",610205,612201,"6",1996
"ERR12861710",623284,623915,"6",631
"ERR12861710",654968,659036,"6",4068
"ERR12861710",693701,694529,"10",828
"ERR12861710",720865,721710,"10",845
"ERR12861710",756312,757185,"7",873
"ERR12861710",769447,770253,"10",806
"ERR12861710",822175,823925,"9",1750
"ERR12861710",891123,891903,"6",780
"ERR12861710",967801,968220,"7",419
"ERR12861710",1016615,1020078,"10",3463
"ERR12861710",1052429,1053160,"6",731
"ERR12861710",1074817,1075484,"9",667
"ERR12861710",1084061,1084667,"10",606
"ERR12861710",1096195,1097483,"8",1288
"ERR12861710",1128709,1129582,"6",873
"ERR12861710",1147402,1147513,"9",111
"ERR12861710",1149211,1150485,"10",1274
"ERR12861710",1189728,1190636,"6",908
"ERR12861710",1210371,1211134,"4",763
"ERR12861710",1220994,1222465,"6",1471
"ERR12861710",1257183,1257959,"10",776
"ERR12861710",1258820,1261855,"10",3035
"ERR12861710",1261856,1263129,"1",1273
"ERR12861710",1266294,1268737,"9",2443
"ERR12861710",1281074,1282713,"6",1639
"ERR12861710",1282714,1284070,"10",1356
"ERR12861710",1323720,1324579,"6",859
"ERR12861710",1324580,1326128,"10",1548
"ERR12861710",1343957,1344672,"10",715
"ERR12861710",1350286,1350946,"8",660
"ERR12861710",1356407,1357305,"9",898
"ERR12861710",1407067,1408424,"6",1357
"ERR12861710",1447857,1449867,"6",2010
"ERR12861710",1455845,1456055,"1",210
"ERR12861710",1460886,1462074,"6",1188
"ERR12861710",1496907,1498493,"6",1586
"ERR12861710",1502049,1503788,"7",1739
"ERR12861710",1503789,1505067,"9",1278
"ERR12861710",1598295,1601453,"10",3158
"ERR12861710",1602535,1604163,"1",1628
"ERR12861710",1629886,1630965,"9",1079
"ERR12861710",1639076,1639695,"10",619
"ERR12861710",1645718,1647043,"4",1325
"ERR12861710",1696799,1697158,"9",359
"ERR12861710",1704793,1706226,"7",1433
"ERR12861710",1709302,1710450,"9",1148
"ERR12861710",1768073,1768858,"10",785
"ERR12861710",1771190,1772813,"10",1623
"ERR12861710",1774815,1776247,"1",1432
"ERR12861710",1776248,1784182,"6",7934
"ERR12861710",1806633,1807949,"4",1316
"ERR12861710",1816985,1817648,"10",663
"ERR12861710",1823119,1827140,"7",4021
"ERR12861710",1827141,1828716,"2",1575
"ERR12861710",1831500,1834870,"9",3370
"ERR12861710",1851266,1852305,"10",1039
"ERR12861710",1870353,1872296,"6",1943
"ERR12861710",1879546,1881499,"4",1953
"ERR12861710",1881500,1883158,"6",1658
"ERR12861710",1889660,1890633,"10",973
"ERR12861710",1901409,1902799,"6",1390
"ERR12861710",1937073,1938808,"10",1735
"ERR12861710",1939149,1941582,"6",2433
"ERR12861710",1982074,1982798,"6",724
"ERR12861710",2032463,2037405,"6",4942
"ERR12861710",2045625,2046294,"1",669
"ERR12861710",2065933,2066603,"10",670
"ERR12861710",2073549,2074749,"10",1200
"ERR12861710",2082667,2083508,"8",841
"ERR12861710",2093596,2094100,"10",504
"ERR12861710",2094101,2095179,"4",1078
"ERR12861710",2095180,2096729,"6",1549
"ERR12861710",2101237,2102219,"6",982
"ERR12861710",2127737,2131095,"6",3358
"ERR12861710",2151510,2157819,"6",6309
"ERR12861710",2170280,2172691,"9",2411
"ERR12861710",2181497,2182556,"6",1059
"ERR12861710",2235052,2235754,"10",702
"ERR12861710",2245104,2246349,"10",1245
"ERR12861710",2248641,2250386,"8",1745
"ERR12861710",2261646,2262750,"8",1104
"ERR12861710",2315389,2318223,"10",2834
"ERR12861710",2341031,2342313,"6",1282
"ERR12861710",2351716,2352879,"6",1163
"ERR12861710",2358939,2360194,"6",1255
"ERR12861710",2417606,2418913,"4",1307
"ERR12861710",2456460,2457229,"8",769
"ERR12861710",2522547,2525159,"8",2612
"ERR12861710",2544162,2546418,"10",2256
"ERR12861710",2550396,2553055,"6",2659
"ERR12861710",2576724,2577511,"8",787
"ERR12861710",2593482,2594633,"2",1151
"ERR12861710",2594634,2601673,"6",7039
"ERR12861710",2604990,2607066,"6",2076
"ERR12861710",2611356,2613999,"4",2643
"ERR12861710",2621831,2623553,"2",1722
"ERR12861710",2624994,2625977,"6",983
"ERR12861710",2630131,2632596,"8",2465
"ERR12861710",2664231,2665081,"8",850
"ERR12861710",2703366,2704793,"2",1427
"ERR12861710",2721805,2723748,"2",1943
"ERR12861710",2723749,2735289,"6",11540
"ERR12861710",2748649,2749110,"1",461
"ERR12861710",2749111,2750913,"2",1802
"ERR12861710",2814035,2815696,"6",1661
"ERR12861710",2815697,2820165,"4",4468
"ERR12861710",2822897,2824110,"6",1213
"ERR12861710",2943914,2948032,"6",4118
"ERR12861710",2948033,2949351,"8",1318
"ERR12861710",2949352,2950407,"6",1055
"ERR12861710",2985112,2986944,"6",1832
"ERR12861710",3025870,3026830,"8",960
"ERR12861710",3026831,3027963,"3",1132
"ERR12861710",3104823,3104894,"10",71
"ERR12861710",3108109,3109510,"10",1401
"ERR12861710",3113469,3113917,"1",448
"ERR12861710",3159598,3164218,"10",4620
"ERR12861710",3171904,3178715,"6",6811
"ERR12861710",3178716,3180475,"7",1759
"ERR12861710",3271458,3272555,"6",1097
"ERR12861710",3275372,3276673,"2",1301
"ERR12861710",3286700,3288530,"6",1830
"ERR12861710",3335979,3336914,"10",935
"ERR12861710",3370016,3371083,"6",1067
"ERR12861710",3481002,3481224,"1",222
"ERR12861710",3481225,3481341,"9",116
"ERR12861710",3483854,3485170,"10",1316
"ERR12861710",3491005,3491790,"10",785
"ERR12861710",3497224,3498330,"9",1106
"ERR12861710",3503770,3504506,"9",736
"ERR12861710",3508620,3508906,"9",286
"ERR12861710",3522018,3523594,"9",1576
"ERR12861710",3560342,3563430,"6",3088
"ERR12861710",3635162,3636575,"6",1413
"ERR12861710",3644441,3644869,"10",428
"ERR12861710",3652284,3656360,"10",4076
"ERR12861710",3663705,3665309,"2",1604
"ERR12861710",3676948,3677634,"6",686
"ERR12861710",3679989,3680641,"10",652
"ERR12861710",3715117,3719974,"4",4857
"ERR12861710",3748956,3750475,"2",1519
"ERR12861710",3750476,3752272,"6",1796
"ERR12861710",3803203,3803925,"10",722
"ERR12861710",3803926,3807348,"6",3422
"ERR12861710",3844225,3845665,"6",1440
"ERR12861710",3846614,3847927,"8",1313
"ERR12861710",3863227,3864698,"1",1471
"ERR12861710",3897588,3898797,"8",1209
"ERR12861710",3901088,3901722,"10",634
"ERR12861710",3923001,3923281,"4",280
"ERR12861710",3923282,3924108,"6",826
"ERR12861710",3927312,3928096,"4",784
"ERR12861710",3930580,3931340,"10",760
"ERR12861710",3971785,3972804,"9",1019
"ERR12861710",3992791,3993357,"7",566
"ERR12861710",4018350,4020252,"10",1902
"ERR12861710",4038700,4040783,"6",2083
"ERR12861710",4082538,4083740,"6",1202
"ERR12861710",4087077,4088197,"6",1120
"ERR12861710",4097976,4098201,"4",225
"ERR12861710",4098202,4102750,"6",4548
"ERR12861710",4102751,4103233,"1",482
"ERR12861710",4108494,4114279,"1",5785
"ERR12861710",4124532,4132831,"4",8299
"ERR12861710",4238836,4243690,"10",4854
"ERR12861710",4243691,4269013,"8",25322
"ERR12861710",4269014,4297722,"6",28708
"ERR12861710",4325101,4339923,"6",14822
"SRR7800566",137477,140161,"8",2684
"SRR7800566",166603,167261,"8",658
"SRR7800566",170455,170683,"1",228
"SRR7800566",170684,171242,"7",558
"SRR7800566",195714,198477,"8",2763
"SRR7800566",198478,202256,"10",3778
"SRR7800566",234167,235459,"10",1292
"SRR7800566",254570,257072,"3",2502
"SRR7800566",275274,276353,"10",1079
"SRR7800566",344156,344578,"10",422
"SRR7800566",421280,421791,"3",511
"SRR7800566",462538,463382,"5",844
"SRR7800566",463383,464945,"8",1562
"SRR7800566",504130,505517,"8",1387
"SRR7800566",517674,518346,"4",672
"SRR7800566",518347,524433,"10",6086
"SRR7800566",524434,525122,"6",688
"SRR7800566",604803,605637,"6",834
"SRR7800566",613706,614455,"3",749
"SRR7800566",634463,635404,"10",941
"SRR7800566",654563,657832,"8",3269
"SRR7800566",663348,664016,"1",668
"SRR7800566",671983,674815,"10",2832
"SRR7800566",708497,709803,"1",1306
"SRR7800566",778059,778970,"5",911
"SRR7800566",778971,781309,"7",2338
"SRR7800566",787704,789188,"10",1484
"SRR7800566",801427,802941,"10",1514
"SRR7800566",960564,961138,"6",574
"SRR7800566",993654,994830,"3",1176
"SRR7800566",1111212,1112856,"7",1644
"SRR7800566",1152838,1153558,"3",720
"SRR7800566",1163975,1165582,"8",1607
"SRR7800566",1200448,1202900,"10",2452
"SRR7800566",1222728,1223585,"10",857
"SRR7800566",1301469,1302543,"10",1074
"SRR7800566",1372891,1373321,"6",430
"SRR7800566",1400905,1401834,"10",929
"SRR7800566",1418987,1420096,"10",1109
"SRR7800566",1528148,1529657,"5",1509
"SRR7800566",1542175,1542966,"3",791
"SRR7800566",1552169,1553996,"8",1827
"SRR7800566",1571068,1574121,"10",3053
"SRR7800566",1586175,1588160,"10",1985
"SRR7800566",1588161,1588834,"8",673
"SRR7800566",1588835,1589662,"7",827
"SRR7800566",1589663,1589783,"2",120
"SRR7800566",1618155,1621113,"10",2958
"SRR7800566",1639076,1639666,"10",590
"SRR7800566",1683427,1684446,"5",1019
"SRR7800566",1721833,1725233,"10",3400
"SRR7800566",1768694,1771774,"8",3080
"SRR7800566",1817047,1817807,"3",760
"SRR7800566",1832260,1832860,"1",600
"SRR7800566",1859155,1859829,"10",674
"SRR7800566",1865044,1866460,"7",1416
"SRR7800566",1896236,1897425,"8",1189
"SRR7800566",2006309,2009344,"10",3035
"SRR7800566",2012314,2013351,"10",1037
"SRR7800566",2061670,2066517,"10",4847
"SRR7800566",2131815,2144319,"10",12504
"SRR7800566",2158839,2161117,"1",2278
"SRR7800566",2164096,2166566,"3",2470
"SRR7800566",2189789,2191553,"8",1764
"SRR7800566",2238090,2239867,"8",1777
"SRR7800566",2239868,2243566,"10",3698
"SRR7800566",2288206,2289167,"2",961
"SRR7800566",2303802,2304790,"2",988
"SRR7800566",2327898,2329589,"8",1691
"SRR7800566",2329590,2331231,"10",1641
"SRR7800566",2333569,2334560,"2",991
"SRR7800566",2357280,2358654,"10",1374
"SRR7800566",2381750,2388953,"8",7203
"SRR7800566",2388954,2389602,"10",648
"SRR7800566",2411187,2412486,"10",1299
"SRR7800566",2458987,2460053,"10",1066
"SRR7800566",2480903,2481393,"1",490
"SRR7800566",2544592,2546418,"3",1826
"SRR7800566",2600541,2601852,"8",1311
"SRR7800566",2671307,2673117,"10",1810
"SRR7800566",2676068,2677716,"10",1648
"SRR7800566",2716182,2721512,"5",5330
"SRR7800566",2753405,2755177,"8",1772
"SRR7800566",2779584,2780006,"10",422
"SRR7800566",2830560,2831771,"10",1211
"SRR7800566",2841561,2843110,"10",1549
"SRR7800566",2854725,2855805,"10",1080
"SRR7800566",2884823,2885757,"1",934
"SRR7800566",2911485,2912438,"8",953
"SRR7800566",2977467,2981675,"10",4208
"SRR7800566",3155051,3157281,"8",2230
"SRR7800566",3168444,3169794,"8",1350
"SRR7800566",3252421,3254184,"10",1763
"SRR7800566",3279289,3279959,"10",670
"SRR7800566",3286700,3288530,"8",1830
"SRR7800566",3298132,3300635,"10",2503
"SRR7800566",3388227,3394346,"8",6119
"SRR7800566",3400984,3401780,"5",796
"SRR7800566",3421286,3421946,"2",660
"SRR7800566",3505849,3507657,"5",1808
"SRR7800566",3520557,3521783,"6",1226
"SRR7800566",3521784,3523200,"8",1416
"SRR7800566",3546525,3547003,"8",478
"SRR7800566",3562561,3564163,"10",1602
"SRR7800566",3571611,3573607,"8",1996
"SRR7800566",3592057,3602738,"8",10681
"SRR7800566",3673779,3674268,"8",489
"SRR7800566",3729361,3730062,"3",701
"SRR7800566",3784338,3786270,"10",1932
"SRR7800566",3800737,3805933,"8",5196
"SRR7800566",3869861,3873881,"6",4020
"SRR7800566",3873882,3875734,"8",1852
"SRR7800566",3924109,3925675,"8",1566
"SRR7800566",3957989,3959466,"6",1477
"SRR7800566",3959467,3959871,"5",404
"SRR7800566",3975781,3976801,"8",1020
"SRR7800566",3976802,3978136,"3",1334
"SRR7800566",4003318,4004202,"1",884
"SRR7800566",4016768,4017354,"4",586
"SRR7800566",4017355,4021981,"8",4626
"SRR7800566",4024225,4025092,"6",867
"SRR7800566",4047984,4048669,"2",685
"SRR7800566",4048670,4048700,"4",30
"SRR7800566",4076826,4077930,"6",1104
"SRR7800566",4110206,4110977,"8",771
"SRR7800566",4117290,4118330,"10",1040
"SRR7800566",4127907,4129165,"8",1258
"SRR7800566",4129166,4134943,"10",5777
"ERR12861695",282980,284116,"9",1136
"ERR12861695",284117,285566,"7",1449
"ERR12861695",301696,302575,"8",879
"ERR12861695",302699,303065,"7",366
"ERR12861695",303066,305586,"9",2520
"ERR12861695",305587,307215,"7",1628
"ERR12861695",398005,399188,"3",1183
"ERR12861695",399189,400756,"9",1567
"ERR12861695",400757,401626,"8",869
"ERR12861695",689786,691052,"8",1266
"ERR12861695",691053,692547,"10",1494
"ERR12861695",692548,693827,"7",1279
"ERR12861695",835503,837593,"9",2090
"ERR12861695",837594,841469,"7",3875
"ERR12861695",899596,901283,"7",1687
"ERR12861695",996036,996534,"9",498
"ERR12861695",1054787,1055756,"7",969
"ERR12861695",1055757,1057140,"3",1383
"ERR12861695",1057157,1058615,"8",1458
"ERR12861695",1058616,1061310,"3",2694
"ERR12861695",1061311,1061393,"6",82
"ERR12861695",1098519,1100081,"5",1562
"ERR12861695",1100998,1102667,"7",1669
"ERR12861695",1160519,1160760,"5",241
"ERR12861695",1227550,1230898,"1",3348
"ERR12861695",1247811,1249470,"7",1659
"ERR12861695",1256529,1257126,"7",597
"ERR12861695",1257127,1257673,"1",546
"ERR12861695",1411331,1411599,"3",268
"ERR12861695",1411600,1413503,"5",1903
"ERR12861695",1413504,1417026,"8",3522
"ERR12861695",1606027,1608327,"10",2300
"ERR12861695",1663364,1664540,"10",1176
"ERR12861695",1709702,1710410,"7",708
"ERR12861695",1710411,1711047,"8",636
"ERR12861695",1732987,1733278,"5",291
"ERR12861695",1733279,1734400,"9",1121
"ERR12861695",1735387,1737912,"3",2525
"ERR12861695",1737913,1739133,"4",1220
"ERR12861695",1749883,1752172,"3",2289
"ERR12861695",1825120,1826658,"6",1538
"ERR12861695",2137614,2138372,"10",758
"ERR12861695",2138373,2140015,"3",1642
"ERR12861695",2140016,2141414,"7",1398
"ERR12861695",2160801,2163772,"7",2971
"ERR12861695",2267696,2270717,"10",3021
"ERR12861695",2363359,2364715,"7",1356
"ERR12861695",2373882,2374132,"8",250
"ERR12861695",2499015,2500489,"3",1474
"ERR12861695",2510755,2511420,"8",665
"ERR12861695",2520414,2522546,"8",2132
"ERR12861695",2522547,2525830,"3",3283
"ERR12861695",2586586,2586869,"3",283
"ERR12861695",2586906,2587327,"10",421
"ERR12861695",2587328,2587902,"8",574
"ERR12861695",2587903,2589177,"10",1274
"ERR12861695",2593594,2595882,"5",2288
"ERR12861695",2595883,2597204,"4",1321
"ERR12861695",2597205,2598670,"6",1465
"ERR12861695",2598671,2598959,"7",288
"ERR12861695",2598960,2600473,"4",1513
"ERR12861695",2600541,2601390,"10",849
"ERR12861695",2764814,2766291,"3",1477
"ERR12861695",2799092,2801219,"8",2127
"ERR12861695",2810729,2810740,"6",11
"ERR12861695",2922840,2924244,"9",1404
"ERR12861695",2925024,2928946,"10",3922
"ERR12861695",2928947,2929881,"1",934
"ERR12861695",2937086,2945937,"8",8851
"ERR12861695",2973351,2977697,"8",4346
"ERR12861695",3027964,3030677,"10",2713
"ERR12861695",3030678,3031625,"3",947
"ERR12861695",3031626,3032042,"10",416
"ERR12861695",3032043,3035227,"3",3184
"ERR12861695",3060604,3063960,"8",3356
"ERR12861695",3063961,3065244,"10",1283
"ERR12861695",3065245,3068196,"8",2951
"ERR12861695",3068197,3070132,"9",1935
"ERR12861695",3070133,3070472,"8",339
"ERR12861695",3070473,3071347,"3",874
"ERR12861695",3126314,3129090,"6",2776
"ERR12861695",3129091,3130139,"1",1048
"ERR12861695",3138452,3140126,"7",1674
"ERR12861695",3147458,3147646,"3",188
"ERR12861695",3147647,3147883,"9",236
"ERR12861695",3147884,3148530,"10",646
"ERR12861695",3149487,3149746,"10",259
"ERR12861695",3149747,3150191,"7",444
"ERR12861695",3150192,3150381,"5",189
"ERR12861695",3150382,3151156,"1",774
"ERR12861695",3151599,3152415,"8",816
"ERR12861695",3152416,3153040,"7",624
"ERR12861695",3238310,3241681,"7",3371
"ERR12861695",3243933,3246542,"8",2609
"ERR12861695",3246543,3247124,"1",581
"ERR12861695",3346149,3349095,"7",2946
"ERR12861695",3349535,3351186,"8",1651
"ERR12861695",3351187,3352951,"9",1764
"ERR12861695",3403554,3403731,"1",177
"ERR12861695",3403732,3404751,"8",1019
"ERR12861695",3404752,3405575,"1",823
"ERR12861695",3405576,3405811,"5",235
"ERR12861695",3405812,3406767,"1",955
"ERR12861695",3425323,3425660,"8",337
"ERR12861695",3425661,3429559,"5",3898
"ERR12861695",3431542,3432047,"3",505
"ERR12861695",3432048,3433032,"9",984
"ERR12861695",3433033,3434122,"10",1089
"ERR12861695",3434123,3436193,"7",2070
"ERR12861695",3436194,3437062,"10",868
"ERR12861695",3462368,3462695,"4",327
"ERR12861695",3462696,3462931,"3",235
"ERR12861695",3499247,3500593,"9",1346
"ERR12861695",3500594,3501665,"6",1071
"ERR12861695",3501666,3502928,"3",1262
"ERR12861695",3531497,3534067,"9",2570
"ERR12861695",3534068,3537066,"1",2998
"ERR12861695",3537067,3539668,"7",2601
"ERR12861695",3539669,3542285,"8",2616
"ERR12861695",3581796,3582866,"6",1070
"ERR12861695",3582867,3583499,"3",632
"ERR12861695",3589449,3592256,"9",2807
"ERR12861695",3592257,3600664,"8",8407
"ERR12861695",3668573,3670932,"5",2359
"ERR12861695",3670933,3670981,"8",48
"ERR12861695",3670982,3671538,"9",556
"ERR12861695",3677723,3677731,"6",8
"ERR12861695",3677732,3682091,"9",4359
"ERR12861695",3751115,3751587,"6",472
"ERR12861695",3762024,3765541,"3",3517
"ERR12861695",3768751,3769376,"3",625
"ERR12861695",3805999,3807007,"9",1008
"ERR12861695",3822945,3824267,"8",1322
"ERR12861695",3827886,3830194,"7",2308
"ERR12861695",3868295,3870551,"6",2256
"ERR12861695",3870552,3873366,"9",2814
"ERR12861695",3873367,3873628,"10",261
"ERR12861695",3873629,3874396,"1",767
"ERR12861695",3897035,3899249,"8",2214
"ERR12861695",3910904,3911677,"1",773
"ERR12861695",3911678,3915025,"8",3347
"ERR12861695",3922560,3924055,"9",1495
"ERR12861695",3924083,3924108,"10",25
"ERR12861695",3934194,3935969,"7",1775
"ERR12861695",3935970,3937285,"3",1315
"ERR12861695",4003886,4006055,"7",2169
"ERR12861695",4148183,4148664,"8",481
"ERR12861695",4148795,4150549,"7",1754
"ERR12861544",363486,364224,"7",738
"ERR12861544",372675,373983,"10",1308
"ERR12861544",449100,450314,"6",1214
"ERR12861544",479309,481345,"7",2036
"ERR12861544",484519,485845,"7",1326
"ERR12861544",505786,506110,"5",324
"ERR12861544",506111,506843,"6",732
"ERR12861544",588642,590621,"1",1979
"ERR12861544",712392,713592,"7",1200
"ERR12861544",718405,719957,"9",1552
"ERR12861544",819908,820738,"1",830
"ERR12861544",822329,824270,"6",1941
"ERR12861544",824271,824868,"5",597
"ERR12861544",836299,837375,"1",1076
"ERR12861544",902629,905040,"6",2411
"ERR12861544",962564,963774,"10",1210
"ERR12861544",1032817,1034435,"6",1618
"ERR12861544",1071789,1072868,"10",1079
"ERR12861544",1266558,1267101,"3",543
"ERR12861544",1351123,1352247,"7",1124
"ERR12861544",1456536,1457540,"8",1004
"ERR12861544",1552856,1553709,"7",853
"ERR12861544",1710687,1714448,"7",3761
"ERR12861544",1714449,1715360,"10",911
"ERR12861544",1731457,1733013,"10",1556
"ERR12861544",1782055,1782474,"7",419
"ERR12861544",2031137,2032323,"10",1186
"ERR12861544",2087551,2089618,"10",2067
"ERR12861544",2101350,2103493,"10",2143
"ERR12861544",2103494,2106467,"2",2973
"ERR12861544",2136261,2139178,"6",2917
"ERR12861544",2522547,2525159,"2",2612
"ERR12861544",2580676,2581731,"6",1055
"ERR12861544",2587903,2589347,"10",1444
"ERR12861544",2595743,2598558,"2",2815
"ERR12861544",2699167,2699958,"2",791
"ERR12861544",2771124,2772441,"8",1317
"ERR12861544",2883327,2884129,"6",802
"ERR12861544",2958056,2959036,"5",980
"ERR12861544",2959037,2961230,"1",2193
"ERR12861544",2968491,2971269,"6",2778
"ERR12861544",3015104,3015896,"3",792
"ERR12861544",3015897,3016758,"10",861
"ERR12861544",3145483,3146523,"7",1040
"ERR12861544",3503261,3504506,"6",1245
"ERR12861544",3521736,3523922,"7",2186
"ERR12861544",3545648,3547433,"6",1785
"ERR12861544",3715090,3719498,"6",4408
"ERR12861544",3761597,3763253,"7",1656
"ERR12861544",3779940,3786270,"1",6330
"ERR12861544",3923001,3924055,"7",1054
"ERR12861544",3988006,3988855,"6",849
"ERR12861544",4182645,4194131,"2",11486
"ERR12861544",4194132,4197664,"3",3532
"SRR7800568",30183,31174,"5",991
"SRR7800568",91714,98109,"5",6395
"SRR7800568",98873,101347,"5",2474
"SRR7800568",116695,117758,"10",1063
"SRR7800568",117759,122204,"8",4445
"SRR7800568",135142,142374,"5",7232
"SRR7800568",155686,157159,"10",1473
"SRR7800568",161157,163977,"5",2820
"SRR7800568",170310,170778,"1",468
"SRR7800568",170825,171171,"6",346
"SRR7800568",171243,171980,"8",737
"SRR7800568",175245,176507,"5",1262
"SRR7800568",195968,198477,"5",2509
"SRR7800568",198478,200316,"10",1838
"SRR7800568",200317,200510,"6",193
"SRR7800568",204997,206203,"10",1206
"SRR7800568",211258,212155,"5",897
"SRR7800568",225697,228254,"5",2557
"SRR7800568",234167,237513,"5",3346
"SRR7800568",261439,265758,"1",4319
"SRR7800568",273712,275692,"6",1980
"SRR7800568",275693,276639,"10",946
"SRR7800568",276640,277951,"6",1311
"SRR7800568",284923,285664,"6",741
"SRR7800568",306359,307052,"6",693
"SRR7800568",336781,338133,"6",1352
"SRR7800568",339544,340708,"10",1164
"SRR7800568",343901,345166,"10",1265
"SRR7800568",347176,348263,"5",1087
"SRR7800568",361015,361406,"4",391
"SRR7800568",371609,375102,"5",3493
"SRR7800568",375103,376139,"6",1036
"SRR7800568",394973,396791,"5",1818
"SRR7800568",413975,414717,"6",742
"SRR7800568",416711,419554,"8",2843
"SRR7800568",419555,420272,"6",717
"SRR7800568",427017,427326,"6",309
"SRR7800568",431772,435136,"10",3364
"SRR7800568",441673,443027,"5",1354
"SRR7800568",454894,456472,"6",1578
"SRR7800568",462538,463382,"5",844
"SRR7800568",463383,464945,"8",1562
"SRR7800568",486793,487388,"7",595
"SRR7800568",487389,490713,"10",3324
"SRR7800568",501506,503331,"5",1825
"SRR7800568",503332,505517,"8",2185
"SRR7800568",517520,518212,"6",692
"SRR7800568",523994,525122,"7",1128
"SRR7800568",531222,532639,"5",1417
"SRR7800568",542074,542953,"6",879
"SRR7800568",577122,577867,"5",745
"SRR7800568",580864,581649,"5",785
"SRR7800568",582866,583490,"5",624
"SRR7800568",588345,591272,"5",2927
"SRR7800568",604803,605772,"1",969
"SRR7800568",616321,617018,"5",697
"SRR7800568",632793,633797,"6",1004
"SRR7800568",634247,636004,"1",1757
"SRR7800568",636826,641525,"6",4699
"SRR7800568",647868,651730,"5",3862
"SRR7800568",667950,670131,"5",2181
"SRR7800568",673497,674558,"1",1061
"SRR7800568",682137,682979,"5",842
"SRR7800568",724546,725253,"6",707
"SRR7800568",764826,765416,"5",590
"SRR7800568",766246,768108,"5",1862
"SRR7800568",774313,775346,"5",1033
"SRR7800568",776120,778970,"5",2850
"SRR7800568",778971,782433,"6",3462
"SRR7800568",787669,790701,"10",3032
"SRR7800568",798902,800745,"4",1843
"SRR7800568",841287,842061,"8",774
"SRR7800568",869129,870417,"5",1288
"SRR7800568",870418,870921,"1",503
"SRR7800568",870922,871605,"3",683
"SRR7800568",879215,879928,"5",713
"SRR7800568",894170,895062,"6",892
"SRR7800568",960564,961138,"6",574
"SRR7800568",979880,981395,"5",1515
"SRR7800568",989515,990385,"5",870
"SRR7800568",1010511,1013023,"5",2512
"SRR7800568",1023428,1023703,"5",275
"SRR7800568",1023704,1025928,"10",2224
"SRR7800568",1026883,1027684,"5",801
"SRR7800568",1036665,1037309,"4",644
"SRR7800568",1060139,1061236,"5",1097
"SRR7800568",1067950,1069267,"5",1317
"SRR7800568",1069742,1071566,"5",1824
"SRR7800568",1076285,1076997,"5",712
"SRR7800568",1087826,1089435,"5",1609
"SRR7800568",1094299,1095014,"5",715
"SRR7800568",1109274,1111211,"5",1937
"SRR7800568",1111212,1112856,"7",1644
"SRR7800568",1175932,1176879,"5",947
"SRR7800568",1182901,1184146,"6",1245
"SRR7800568",1200448,1202900,"10",2452
"SRR7800568",1204065,1205904,"5",1839
"SRR7800568",1216541,1226501,"5",9960
"SRR7800568",1252620,1252971,"6",351
"SRR7800568",1258292,1258705,"10",413
"SRR7800568",1291886,1292152,"10",266
"SRR7800568",1292153,1294845,"5",2692
"SRR7800568",1295516,1300214,"6",4698
"SRR7800568",1301469,1302543,"10",1074
"SRR7800568",1304411,1306019,"10",1608
"SRR7800568",1338238,1339757,"6",1519
"SRR7800568",1347220,1348416,"6",1196
"SRR7800568",1350340,1352850,"10",2510
"SRR7800568",1356407,1357305,"10",898
"SRR7800568",1366350,1366950,"5",600
"SRR7800568",1369684,1371013,"2",1329
"SRR7800568",1372891,1373321,"6",430
"SRR7800568",1420235,1421589,"5",1354
"SRR7800568",1439926,1441372,"6",1446
"SRR7800568",1470225,1470971,"5",746
"SRR7800568",1487119,1488071,"5",952
"SRR7800568",1491952,1493772,"5",1820
"SRR7800568",1508565,1509300,"10",735
"SRR7800568",1510269,1513018,"5",2749
"SRR7800568",1513019,1517724,"10",4705
"SRR7800568",1531421,1534209,"1",2788
"SRR7800568",1553821,1555893,"5",2072
"SRR7800568",1562599,1564074,"5",1475
"SRR7800568",1571068,1573725,"10",2657
"SRR7800568",1573726,1576432,"5",2706
"SRR7800568",1587299,1589662,"6",2363
"SRR7800568",1589663,1589783,"2",120
"SRR7800568",1598295,1599922,"5",1627
"SRR7800568",1599923,1601354,"1",1431
"SRR7800568",1614187,1616764,"6",2577
"SRR7800568",1617613,1621113,"10",3500
"SRR7800568",1651090,1652941,"6",1851
"SRR7800568",1667209,1672255,"5",5046
"SRR7800568",1680394,1682754,"5",2360
"SRR7800568",1683552,1684446,"5",894
"SRR7800568",1690801,1693095,"5",2294
"SRR7800568",1695526,1696721,"5",1195
"SRR7800568",1700344,1700945,"5",601
"SRR7800568",1717090,1718033,"5",943
"SRR7800568",1721738,1727265,"10",5527
"SRR7800568",1739762,1740812,"5",1050
"SRR7800568",1801463,1802111,"10",648
"SRR7800568",1804519,1805396,"10",877
"SRR7800568",1816985,1817807,"3",822
"SRR7800568",1832221,1832860,"1",639
"SRR7800568",1835021,1837134,"5",2113
"SRR7800568",1849433,1851128,"6",1695
"SRR7800568",1852497,1854782,"5",2285
"SRR7800568",1865044,1867068,"7",2024
"SRR7800568",1873489,1875416,"5",1927
"SRR7800568",1875417,1876156,"3",739
"SRR7800568",1876157,1877081,"5",924
"SRR7800568",1895213,1897746,"5",2533
"SRR7800568",1900254,1901236,"5",982
"SRR7800568",1906417,1907375,"5",958
"SRR7800568",1916326,1919010,"5",2684
"SRR7800568",1922320,1929377,"5",7057
"SRR7800568",1989705,1990674,"10",969
"SRR7800568",1990675,1990872,"5",197
"SRR7800568",1994112,1995955,"5",1843
"SRR7800568",2006044,2009344,"10",3300
"SRR7800568",2012314,2013405,"10",1091
"SRR7800568",2013789,2015125,"5",1336
"SRR7800568",2015988,2017131,"5",1143
"SRR7800568",2028467,2035165,"6",6698
"SRR7800568",2045748,2046476,"1",728
"SRR7800568",2046477,2049115,"10",2638
"SRR7800568",2062516,2063384,"10",868
"SRR7800568",2063385,2065840,"5",2455
"SRR7800568",2065841,2067637,"8",1796
"SRR7800568",2067638,2068854,"5",1216
"SRR7800568",2082667,2083599,"10",932
"SRR7800568",2085546,2088928,"6",3382
"SRR7800568",2091324,2092079,"6",755
"SRR7800568",2104952,2106621,"10",1669
"SRR7800568",2112492,2113192,"8",700
"SRR7800568",2113193,2121139,"5",7946
"SRR7800568",2132523,2144462,"10",11939
"SRR7800568",2160067,2163533,"6",3466
"SRR7800568",2180997,2186858,"5",5861
"SRR7800568",2194100,2196902,"7",2802
"SRR7800568",2209818,2211323,"5",1505
"SRR7800568",2224067,2224917,"3",850
"SRR7800568",2224918,2226056,"6",1138
"SRR7800568",2235989,2238065,"6",2076
"SRR7800568",2238066,2239867,"8",1801
"SRR7800568",2239868,2243566,"10",3698
"SRR7800568",2243567,2246439,"8",2872
"SRR7800568",2246440,2248316,"4",1876
"SRR7800568",2250416,2253478,"6",3062
"SRR7800568",2303592,2304410,"5",818
"SRR7800568",2312531,2317711,"5",5180
"SRR7800568",2327898,2329589,"8",1691
"SRR7800568",2329590,2331231,"10",1641
"SRR7800568",2354058,2355392,"5",1334
"SRR7800568",2357386,2358654,"10",1268
"SRR7800568",2377658,2378453,"6",795
"SRR7800568",2381628,2384357,"8",2729
"SRR7800568",2384358,2387175,"5",2817
"SRR7800568",2389086,2389645,"10",559
"SRR7800568",2395292,2397840,"5",2548
"SRR7800568",2414464,2415856,"5",1392
"SRR7800568",2417290,2421036,"4",3746
"SRR7800568",2446672,2447834,"6",1162
"SRR7800568",2456397,2457353,"10",956
"SRR7800568",2471388,2472461,"8",1073
"SRR7800568",2474510,2474735,"5",225
"SRR7800568",2479976,2482384,"5",2408
"SRR7800568",2483439,2486535,"5",3096
"SRR7800568",2490772,2492183,"5",1411
"SRR7800568",2497805,2498871,"5",1066
"SRR7800568",2505226,2505855,"5",629
"SRR7800568",2515480,2516704,"10",1224
"SRR7800568",2517909,2518539,"5",630
"SRR7800568",2532642,2534672,"5",2030
"SRR7800568",2539525,2542845,"5",3320
"SRR7800568",2569383,2570336,"5",953
"SRR7800568",2571891,2573333,"5",1442
"SRR7800568",2600541,2601852,"8",1311
"SRR7800568",2607510,2607959,"5",449
"SRR7800568",2633239,2635574,"5",2335
"SRR7800568",2643514,2644747,"6",1233
"SRR7800568",2649469,2649913,"5",444
"SRR7800568",2654608,2655375,"5",767
"SRR7800568",2670122,2674205,"10",4083
"SRR7800568",2675081,2677716,"10",2635
"SRR7800568",2710275,2711531,"5",1256
"SRR7800568",2720511,2721512,"10",1001
"SRR7800568",2735423,2741460,"5",6037
"SRR7800568",2749432,2752675,"6",3243
"SRR7800568",2752676,2753001,"1",325
"SRR7800568",2753002,2755177,"8",2175
"SRR7800568",2771254,2772558,"5",1304
"SRR7800568",2782785,2784896,"5",2111
"SRR7800568",2789967,2791083,"10",1116
"SRR7800568",2815884,2816998,"4",1114
"SRR7800568",2823322,2826948,"5",3626
"SRR7800568",2838176,2840083,"6",1907
"SRR7800568",2851622,2852721,"5",1099
"SRR7800568",2855806,2858571,"10",2765
"SRR7800568",2909933,2912216,"5",2283
"SRR7800568",2948151,2949408,"6",1257
"SRR7800568",2949409,2949769,"4",360
"SRR7800568",2979272,2982157,"4",2885
"SRR7800568",2989795,2990616,"10",821
"SRR7800568",2999710,3006850,"5",7140
"SRR7800568",3023813,3026830,"6",3017
"SRR7800568",3072766,3077312,"5",4546
"SRR7800568",3077313,3079393,"6",2080
"SRR7800568",3093827,3094772,"10",945
"SRR7800568",3136239,3141256,"5",5017
"SRR7800568",3144434,3146523,"5",2089
"SRR7800568",3155017,3157281,"8",2264
"SRR7800568",3160863,3162674,"1",1811
"SRR7800568",3168244,3168888,"10",644
"SRR7800568",3181970,3184222,"5",2252
"SRR7800568",3208537,3212402,"5",3865
"SRR7800568",3222972,3224798,"3",1826
"SRR7800568",3224799,3226180,"5",1381
"SRR7800568",3230498,3233001,"3",2503
"SRR7800568",3233002,3234413,"5",1411
"SRR7800568",3234414,3234978,"6",564
"SRR7800568",3241019,3246365,"10",5346
"SRR7800568",3249128,3250824,"5",1696
"SRR7800568",3252122,3254282,"6",2160
"SRR7800568",3290012,3292151,"10",2139
"SRR7800568",3298080,3300669,"10",2589
"SRR7800568",3304571,3306961,"7",2390
"SRR7800568",3333481,3334471,"8",990
"SRR7800568",3364531,3367243,"5",2712
"SRR7800568",3367400,3367975,"7",575
"SRR7800568",3367976,3372975,"5",4999
"SRR7800568",3388227,3394346,"8",6119
"SRR7800568",3400984,3402205,"6",1221
"SRR7800568",3402206,3402454,"4",248
"SRR7800568",3402455,3406275,"7",3820
"SRR7800568",3416725,3420935,"10",4210
"SRR7800568",3420936,3429416,"5",8480
"SRR7800568",3439677,3440774,"5",1097
"SRR7800568",3473380,3476238,"5",2858
"SRR7800568",3486960,3487339,"6",379
"SRR7800568",3487340,3489380,"5",2040
"SRR7800568",3493570,3495558,"5",1988
"SRR7800568",3499636,3500541,"5",905
"SRR7800568",3502180,3503094,"4",914
"SRR7800568",3505771,3507935,"5",2164
"SRR7800568",3520557,3521947,"6",1390
"SRR7800568",3521948,3523624,"8",1676
"SRR7800568",3523625,3525014,"6",1389
"SRR7800568",3527343,3528236,"7",893
"SRR7800568",3546525,3547003,"8",478
"SRR7800568",3566252,3567518,"5",1266
"SRR7800568",3578792,3579393,"6",601
"SRR7800568",3609438,3609701,"5",263
"SRR7800568",3635162,3636232,"10",1070
"SRR7800568",3636233,3637638,"5",1405
"SRR7800568",3642843,3643558,"5",715
"SRR7800568",3652284,3655250,"8",2966
"SRR7800568",3655251,3656315,"5",1064
"SRR7800568",3680905,3681251,"4",346
"SRR7800568",3682560,3683841,"5",1281
"SRR7800568",3700992,3702130,"5",1138
"SRR7800568",3707692,3709011,"6",1319
"SRR7800568",3712788,3719258,"4",6470
"SRR7800568",3729361,3730062,"3",701
"SRR7800568",3752320,3753139,"6",819
"SRR7800568",3757251,3760674,"5",3423
"SRR7800568",3762024,3763675,"7",1651
"SRR7800568",3763676,3765629,"5",1953
"SRR7800568",3767058,3768750,"5",1692
"SRR7800568",3772795,3776194,"5",3399
"SRR7800568",3808860,3809978,"10",1118
"SRR7800568",3809979,3815866,"6",5887
"SRR7800568",3820902,3821451,"5",549
"SRR7800568",3827933,3829992,"5",2059
"SRR7800568",3835189,3838640,"5",3451
"SRR7800568",3839991,3841257,"8",1266
"SRR7800568",3846971,3848080,"6",1109
"SRR7800568",3848081,3849815,"4",1734
"SRR7800568",3867784,3873918,"6",6134
"SRR7800568",3873919,3875186,"8",1267
"SRR7800568",3882611,3883208,"1",597
"SRR7800568",3883209,3884664,"5",1455
"SRR7800568",3888706,3890683,"5",1977
"SRR7800568",3894223,3895628,"10",1405
"SRR7800568",3897425,3898815,"10",1390
"SRR7800568",3921619,3922682,"7",1063
"SRR7800568",3922683,3925675,"8",2992
"SRR7800568",3932885,3936035,"5",3150
"SRR7800568",3941527,3942261,"10",734
"SRR7800568",3955726,3959871,"5",4145
"SRR7800568",3974351,3974809,"10",458
"SRR7800568",3974810,3978030,"4",3220
"SRR7800568",3978031,3978224,"5",193
"SRR7800568",4003231,4004267,"6",1036
"SRR7800568",4016768,4017425,"5",657
"SRR7800568",4017426,4021981,"8",4555
"SRR7800568",4024254,4025092,"6",838
"SRR7800568",4054221,4058367,"5",4146
"SRR7800568",4076358,4077861,"5",1503
"SRR7800568",4086579,4087879,"5",1300
"SRR7800568",4121087,4122031,"10",944
"SRR7800568",4127907,4128165,"1",258
"SRR7800568",4128166,4128267,"8",101
"SRR7800568",4131274,4134943,"10",3669
"ERR12861550",14914,23782,"6",8868
"ERR12861550",31256,35208,"5",3952
"ERR12861550",39590,41234,"9",1644
"ERR12861550",41235,49070,"4",7835
"ERR12861550",54819,67845,"10",13026
"ERR12861550",101805,107568,"9",5763
"ERR12861550",125721,128620,"9",2899
"ERR12861550",132104,142374,"10",10270
"ERR12861550",143833,145637,"10",1804
"ERR12861550",157556,159729,"10",2173
"ERR12861550",164341,165425,"6",1084
"ERR12861550",165426,167069,"10",1643
"ERR12861550",168781,169776,"9",995
"ERR12861550",170455,172191,"7",1736
"ERR12861550",172299,174722,"4",2423
"ERR12861550",174723,180057,"10",5334
"ERR12861550",186825,190526,"10",3701
"ERR12861550",190527,191740,"4",1213
"ERR12861550",191741,197200,"6",5459
"ERR12861550",214820,215246,"10",426
"ERR12861550",229064,229789,"6",725
"ERR12861550",235966,238273,"10",2307
"ERR12861550",243538,245719,"9",2181
"ERR12861550",247445,251704,"6",4259
"ERR12861550",260060,261264,"6",1204
"ERR12861550",278194,280160,"4",1966
"ERR12861550",282551,285664,"4",3113
"ERR12861550",286741,291207,"10",4466
"ERR12861550",291208,292317,"9",1109
"ERR12861550",296286,297379,"4",1093
"ERR12861550",305758,306770,"3",1012
"ERR12861550",307251,307907,"5",656
"ERR12861550",310979,311712,"9",733
"ERR12861550",322844,326482,"10",3638
"ERR12861550",370310,371372,"4",1062
"ERR12861550",371373,375581,"6",4208
"ERR12861550",375582,379804,"10",4222
"ERR12861550",390232,396791,"10",6559
"ERR12861550",402632,403728,"3",1096
"ERR12861550",403729,406525,"4",2796
"ERR12861550",415156,419775,"4",4619
"ERR12861550",420238,424866,"9",4628
"ERR12861550",424867,426761,"10",1894
"ERR12861550",426762,427475,"8",713
"ERR12861550",430194,432078,"4",1884
"ERR12861550",436426,440337,"10",3911
"ERR12861550",443477,445132,"4",1655
"ERR12861550",454474,455996,"6",1522
"ERR12861550",467073,468000,"6",927
"ERR12861550",472312,475333,"10",3021
"ERR12861550",482403,483449,"10",1046
"ERR12861550",483450,484254,"4",804
"ERR12861550",484255,486670,"7",2415
"ERR12861550",486671,489106,"9",2435
"ERR12861550",496635,498125,"6",1490
"ERR12861550",502054,503331,"10",1277
"ERR12861550",503332,505664,"7",2332
"ERR12861550",505665,507154,"10",1489
"ERR12861550",509672,510770,"6",1098
"ERR12861550",530138,532545,"10",2407
"ERR12861550",536496,537994,"5",1498
"ERR12861550",545611,546090,"10",479
"ERR12861550",546091,548244,"4",2153
"ERR12861550",567759,569199,"6",1440
"ERR12861550",574699,577345,"8",2646
"ERR12861550",581650,584800,"10",3150
"ERR12861550",584801,590621,"6",5820
"ERR12861550",595661,598865,"5",3204
"ERR12861550",613113,614431,"10",1318
"ERR12861550",633670,634246,"8",576
"ERR12861550",641272,641367,"9",95
"ERR12861550",647795,651451,"10",3656
"ERR12861550",653679,660048,"8",6369
"ERR12861550",660049,664500,"10",4451
"ERR12861550",669395,670022,"10",627
"ERR12861550",675813,676381,"9",568
"ERR12861550",676382,679237,"4",2855
"ERR12861550",680277,680813,"9",536
"ERR12861550",680876,681914,"4",1038
"ERR12861550",693852,698906,"10",5054
"ERR12861550",724369,725099,"4",730
"ERR12861550",741299,743766,"5",2467
"ERR12861550",748280,750375,"5",2095
"ERR12861550",760372,760884,"4",512
"ERR12861550",766618,767452,"4",834
"ERR12861550",772718,773525,"9",807
"ERR12861550",781400,782592,"4",1192
"ERR12861550",787546,788828,"10",1282
"ERR12861550",796172,801198,"6",5026
"ERR12861550",801199,803591,"10",2392
"ERR12861550",803592,808939,"6",5347
"ERR12861550",808940,812278,"4",3338
"ERR12861550",814329,819284,"6",4955
"ERR12861550",820739,824035,"6",3296
"ERR12861550",824036,825920,"5",1884
"ERR12861550",825921,826706,"8",785
"ERR12861550",826869,829413,"4",2544
"ERR12861550",837469,840540,"9",3071
"ERR12861550",840541,842640,"5",2099
"ERR12861550",871689,873164,"4",1475
"ERR12861550",873165,881545,"10",8380
"ERR12861550",882483,885448,"7",2965
"ERR12861550",895939,897256,"5",1317
"ERR12861550",897257,897936,"9",679
"ERR12861550",906869,907258,"8",389
"ERR12861550",907259,908641,"9",1382
"ERR12861550",908642,911128,"4",2486
"ERR12861550",913571,913975,"4",404
"ERR12861550",915352,916974,"10",1622
"ERR12861550",924756,928551,"7",3795
"ERR12861550",929678,931812,"8",2134
"ERR12861550",950698,953457,"9",2759
"ERR12861550",969902,970790,"8",888
"ERR12861550",970791,970953,"4",162
"ERR12861550",974099,979283,"10",5184
"ERR12861550",995586,998249,"6",2663
"ERR12861550",1006155,1007095,"4",940
"ERR12861550",1012401,1013162,"8",761
"ERR12861550",1039138,1046224,"10",7086
"ERR12861550",1046225,1048430,"7",2205
"ERR12861550",1051858,1052384,"4",526
"ERR12861550",1055096,1056068,"6",972
"ERR12861550",1077391,1079525,"4",2134
"ERR12861550",1086245,1087567,"4",1322
"ERR12861550",1092137,1095986,"8",3849
"ERR12861550",1097645,1103272,"9",5627
"ERR12861550",1103273,1104015,"10",742
"ERR12861550",1104509,1106257,"5",1748
"ERR12861550",1106258,1108586,"10",2328
"ERR12861550",1112648,1115051,"7",2403
"ERR12861550",1118524,1120533,"8",2009
"ERR12861550",1120534,1120926,"3",392
"ERR12861550",1123088,1123536,"2",448
"ERR12861550",1139446,1140690,"10",1244
"ERR12861550",1145441,1147432,"7",1991
"ERR12861550",1148687,1150382,"10",1695
"ERR12861550",1166288,1169596,"4",3308
"ERR12861550",1182972,1185054,"4",2082
"ERR12861550",1190829,1191961,"4",1132
"ERR12861550",1196948,1198578,"4",1630
"ERR12861550",1201638,1204261,"8",2623
"ERR12861550",1204262,1212270,"9",8008
"ERR12861550",1212271,1216635,"8",4364
"ERR12861550",1216636,1219323,"6",2687
"ERR12861550",1234130,1238654,"6",4524
"ERR12861550",1238655,1240838,"4",2183
"ERR12861550",1240839,1245221,"10",4382
"ERR12861550",1246142,1250635,"10",4493
"ERR12861550",1257127,1257959,"10",832
"ERR12861550",1257960,1259559,"7",1599
"ERR12861550",1259560,1260397,"10",837
"ERR12861550",1266251,1267101,"8",850
"ERR12861550",1268232,1271705,"6",3473
"ERR12861550",1278211,1278713,"6",502
"ERR12861550",1278714,1278992,"7",278
"ERR12861550",1300073,1300555,"4",482
"ERR12861550",1300556,1302543,"3",1987
"ERR12861550",1321276,1322055,"5",779
"ERR12861550",1323071,1324478,"10",1407
"ERR12861550",1329585,1331534,"6",1949
"ERR12861550",1331535,1333341,"9",1806
"ERR12861550",1336564,1342369,"10",5805
"ERR12861550",1344088,1346507,"10",2419
"ERR12861550",1346508,1347109,"7",601
"ERR12861550",1351123,1352850,"9",1727
"ERR12861550",1352851,1355520,"5",2669
"ERR12861550",1371676,1374071,"6",2395
"ERR12861550",1379900,1382049,"10",2149
"ERR12861550",1399498,1400676,"6",1178
"ERR12861550",1405079,1406565,"4",1486
"ERR12861550",1429030,1429794,"6",764
"ERR12861550",1433970,1435327,"10",1357
"ERR12861550",1444627,1449348,"4",4721
"ERR12861550",1456013,1459447,"9",3434
"ERR12861550",1464003,1470224,"10",6221
"ERR12861550",1470225,1470998,"8",773
"ERR12861550",1470999,1472611,"10",1612
"ERR12861550",1479318,1480380,"10",1062
"ERR12861550",1480381,1482657,"4",2276
"ERR12861550",1482658,1490809,"10",8151
"ERR12861550",1501831,1503788,"10",1957
"ERR12861550",1507247,1509955,"7",2708
"ERR12861550",1509956,1513774,"10",3818
"ERR12861550",1513775,1514060,"4",285
"ERR12861550",1520198,1521560,"10",1362
"ERR12861550",1528340,1529677,"5",1337
"ERR12861550",1540923,1546977,"10",6054
"ERR12861550",1548380,1549674,"4",1294
"ERR12861550",1555838,1559764,"4",3926
"ERR12861550",1559765,1560369,"10",604
"ERR12861550",1564839,1564909,"4",70
"ERR12861550",1574971,1576405,"10",1434
"ERR12861550",1588754,1589783,"5",1029
"ERR12861550",1591112,1591588,"3",476
"ERR12861550",1596474,1597242,"5",768
"ERR12861550",1597243,1598021,"4",778
"ERR12861550",1602616,1603766,"10",1150
"ERR12861550",1607216,1609607,"6",2391
"ERR12861550",1616995,1622342,"6",5347
"ERR12861550",1622343,1624964,"7",2621
"ERR12861550",1624965,1626665,"9",1700
"ERR12861550",1627494,1628570,"2",1076
"ERR12861550",1639076,1639793,"10",717
"ERR12861550",1639794,1641593,"4",1799
"ERR12861550",1648763,1650868,"10",2105
"ERR12861550",1664352,1671023,"10",6671
"ERR12861550",1671024,1673668,"8",2644
"ERR12861550",1673669,1674656,"10",987
"ERR12861550",1679367,1681457,"9",2090
"ERR12861550",1681458,1686560,"6",5102
"ERR12861550",1686561,1686689,"10",128
"ERR12861550",1686690,1689621,"8",2931
"ERR12861550",1698427,1700988,"6",2561
"ERR12861550",1700989,1705536,"4",4547
"ERR12861550",1708892,1713040,"10",4148
"ERR12861550",1715708,1717881,"10",2173
"ERR12861550",1722912,1723953,"4",1041
"ERR12861550",1723954,1725092,"10",1138
"ERR12861550",1734217,1735115,"10",898
"ERR12861550",1761693,1763595,"10",1902
"ERR12861550",1778502,1781499,"4",2997
"ERR12861550",1812048,1812969,"10",921
"ERR12861550",1853984,1861252,"4",7268
"ERR12861550",1861253,1863909,"10",2656
"ERR12861550",1863910,1867605,"4",3695
"ERR12861550",1867606,1870352,"10",2746
"ERR12861550",1870353,1874885,"4",4532
"ERR12861550",1878068,1879485,"4",1417
"ERR12861550",1879486,1880012,"6",526
"ERR12861550",1891076,1895320,"6",4244
"ERR12861550",1899796,1902665,"4",2869
"ERR12861550",1907531,1908698,"10",1167
"ERR12861550",1908699,1909505,"6",806
"ERR12861550",1920141,1921256,"9",1115
"ERR12861550",1921884,1924476,"5",2592
"ERR12861550",1937764,1938698,"10",934
"ERR12861550",1961183,1962653,"6",1470
"ERR12861550",1978156,1979747,"8",1591
"ERR12861550",1979748,1982798,"7",3050
"ERR12861550",1992294,1993740,"10",1446
"ERR12861550",2003887,2004877,"10",990
"ERR12861550",2004878,2006043,"7",1165
"ERR12861550",2012777,2013788,"7",1011
"ERR12861550",2021473,2022407,"5",934
"ERR12861550",2023966,2029338,"4",5372
"ERR12861550",2041058,2043547,"6",2489
"ERR12861550",2046044,2054820,"6",8776
"ERR12861550",2054821,2058916,"9",4095
"ERR12861550",2058917,2059660,"4",743
"ERR12861550",2067853,2072317,"4",4464
"ERR12861550",2092149,2093126,"9",977
"ERR12861550",2093596,2094100,"10",504
"ERR12861550",2094101,2096682,"4",2581
"ERR12861550",2096683,2097355,"8",672
"ERR12861550",2118819,2121659,"10",2840
"ERR12861550",2121660,2123010,"4",1350
"ERR12861550",2132838,2145147,"10",12309
"ERR12861550",2170280,2173924,"9",3644
"ERR12861550",2173925,2174831,"5",906
"ERR12861550",2174832,2180996,"4",6164
"ERR12861550",2180997,2186858,"10",5861
"ERR12861550",2192685,2196997,"8",4312
"ERR12861550",2196998,2200645,"4",3647
"ERR12861550",2200646,2205518,"9",4872
"ERR12861550",2209470,2212179,"8",2709
"ERR12861550",2212223,2217741,"6",5518
"ERR12861550",2230666,2233480,"4",2814
"ERR12861550",2238125,2238867,"9",742
"ERR12861550",2243694,2244814,"9",1120
"ERR12861550",2244815,2247899,"4",3084
"ERR12861550",2268550,2276660,"4",8110
"ERR12861550",2276661,2283860,"9",7199
"ERR12861550",2305667,2306754,"6",1087
"ERR12861550",2316882,2321008,"6",4126
"ERR12861550",2321009,2323780,"8",2771
"ERR12861550",2325245,2328607,"6",3362
"ERR12861550",2328984,2331932,"10",2948
"ERR12861550",2331933,2333804,"4",1871
"ERR12861550",2347766,2348620,"7",854
"ERR12861550",2357638,2358763,"10",1125
"ERR12861550",2364626,2366139,"9",1513
"ERR12861550",2373485,2375185,"3",1700
"ERR12861550",2381186,2383647,"7",2461
"ERR12861550",2383648,2384439,"3",791
"ERR12861550",2394143,2395135,"6",992
"ERR12861550",2399000,2401645,"6",2645
"ERR12861550",2403467,2413292,"4",9825
"ERR12861550",2413293,2417138,"10",3845
"ERR12861550",2422635,2424666,"4",2031
"ERR12861550",2424667,2425629,"9",962
"ERR12861550",2425630,2427049,"10",1419
"ERR12861550",2430048,2431675,"10",1627
"ERR12861550",2443625,2444130,"6",505
"ERR12861550",2453307,2455352,"4",2045
"ERR12861550",2458987,2461766,"4",2779
"ERR12861550",2464663,2466305,"3",1642
"ERR12861550",2479726,2480777,"4",1051
"ERR12861550",2482456,2483307,"4",851
"ERR12861550",2494133,2497599,"10",3466
"ERR12861550",2497600,2501003,"5",3403
"ERR12861550",2502978,2505101,"7",2123
"ERR12861550",2507912,2510754,"8",2842
"ERR12861550",2537308,2539669,"3",2361
"ERR12861550",2557316,2560016,"2",2700
"ERR12861550",2562848,2567239,"7",4391
"ERR12861550",2572011,2573449,"7",1438
"ERR12861550",2600541,2601597,"10",1056
"ERR12861550",2601598,2602974,"4",1376
"ERR12861550",2609098,2610418,"10",1320
"ERR12861550",2610419,2611563,"6",1144
"ERR12861550",2633610,2634476,"7",866
"ERR12861550",2638005,2640099,"4",2094
"ERR12861550",2640100,2641778,"10",1678
"ERR12861550",2647349,2649468,"9",2119
"ERR12861550",2650013,2652197,"6",2184
"ERR12861550",2652198,2653706,"7",1508
"ERR12861550",2655814,2656979,"4",1165
"ERR12861550",2701368,2711531,"4",10163
"ERR12861550",2730441,2733045,"7",2604
"ERR12861550",2756677,2759111,"4",2434
"ERR12861550",2779625,2781242,"4",1617
"ERR12861550",2791300,2792376,"5",1076
"ERR12861550",2794034,2796685,"10",2651
"ERR12861550",2796686,2798496,"4",1810
"ERR12861550",2798497,2801988,"10",3491
"ERR12861550",2825113,2826810,"10",1697
"ERR12861550",2830786,2831918,"10",1132
"ERR12861550",2832841,2834502,"10",1661
"ERR12861550",2834503,2838684,"7",4181
"ERR12861550",2850579,2857196,"10",6617
"ERR12861550",2871560,2874003,"2",2443
"ERR12861550",2874004,2874696,"6",692
"ERR12861550",2903048,2904460,"9",1412
"ERR12861550",2906456,2908140,"10",1684
"ERR12861550",2914264,2917899,"6",3635
"ERR12861550",2926344,2928037,"3",1693
"ERR12861550",2948202,2949408,"8",1206
"ERR12861550",2949409,2949852,"4",443
"ERR12861550",2957163,2962509,"10",5346
"ERR12861550",2964965,2967392,"9",2427
"ERR12861550",2985914,2988694,"4",2780
"ERR12861550",2988695,2994338,"6",5643
"ERR12861550",2997847,3000413,"10",2566
"ERR12861550",3002636,3004365,"6",1729
"ERR12861550",3004366,3006935,"7",2569
"ERR12861550",3018998,3021198,"4",2200
"ERR12861550",3036168,3037578,"4",1410
"ERR12861550",3039002,3041576,"6",2574
"ERR12861550",3042946,3048862,"4",5916
"ERR12861550",3063468,3071817,"10",8349
"ERR12861550",3094923,3097066,"10",2143
"ERR12861550",3098266,3100401,"10",2135
"ERR12861550",3107905,3109510,"10",1605
"ERR12861550",3113469,3113884,"10",415
"ERR12861550",3117193,3119056,"9",1863
"ERR12861550",3119057,3123131,"6",4074
"ERR12861550",3123132,3124289,"7",1157
"ERR12861550",3141821,3142972,"9",1151
"ERR12861550",3142973,3147457,"4",4484
"ERR12861550",3147458,3149486,"8",2028
"ERR12861550",3155524,3159125,"4",3601
"ERR12861550",3159373,3166160,"4",6787
"ERR12861550",3168244,3169067,"10",823
"ERR12861550",3169068,3170282,"6",1214
"ERR12861550",3175754,3177428,"8",1674
"ERR12861550",3216977,3222971,"10",5994
"ERR12861550",3235429,3242106,"4",6677
"ERR12861550",3248691,3251991,"6",3300
"ERR12861550",3260851,3263465,"5",2614
"ERR12861550",3280240,3285751,"6",5511
"ERR12861550",3289415,3292090,"10",2675
"ERR12861550",3307826,3313651,"8",5825
"ERR12861550",3313652,3317018,"10",3366
"ERR12861550",3317019,3320192,"9",3173
"ERR12861550",3320193,3321723,"10",1530
"ERR12861550",3324836,3333196,"6",8360
"ERR12861550",3338582,3340630,"10",2048
"ERR12861550",3349096,3352252,"4",3156
"ERR12861550",3358260,3359734,"8",1474
"ERR12861550",3359735,3361438,"10",1703
"ERR12861550",3361439,3363241,"8",1802
"ERR12861550",3366926,3367876,"4",950
"ERR12861550",3413312,3414067,"8",755
"ERR12861550",3420181,3426715,"10",6534
"ERR12861550",3429560,3431252,"7",1692
"ERR12861550",3439677,3440963,"4",1286
"ERR12861550",3442646,3447544,"6",4898
"ERR12861550",3454579,3455714,"10",1135
"ERR12861550",3455715,3460688,"7",4973
"ERR12861550",3460689,3461103,"8",414
"ERR12861550",3465574,3468027,"6",2453
"ERR12861550",3471386,3473054,"7",1668
"ERR12861550",3481461,3482917,"6",1456
"ERR12861550",3486960,3491790,"10",4830
"ERR12861550",3491791,3493569,"4",1778
"ERR12861550",3496903,3502042,"10",5139
"ERR12861550",3503648,3505648,"10",2000
"ERR12861550",3505649,3506857,"5",1208
"ERR12861550",3506858,3510602,"10",3744
"ERR12861550",3512110,3513099,"6",989
"ERR12861550",3518519,3521652,"6",3133
"ERR12861550",3521653,3524231,"7",2578
"ERR12861550",3550192,3550822,"6",630
"ERR12861550",3551518,3551958,"9",440
"ERR12861550",3551959,3553661,"6",1702
"ERR12861550",3569609,3570408,"5",799
"ERR12861550",3571611,3572968,"7",1357
"ERR12861550",3584695,3587353,"9",2658
"ERR12861550",3611706,3611861,"6",155
"ERR12861550",3611974,3612775,"8",801
"ERR12861550",3612776,3616035,"4",3259
"ERR12861550",3616036,3617493,"10",1457
"ERR12861550",3639932,3642565,"4",2633
"ERR12861550",3642566,3645133,"6",2567
"ERR12861550",3662646,3664964,"8",2318
"ERR12861550",3690166,3694172,"9",4006
"ERR12861550",3694899,3698159,"8",3260
"ERR12861550",3709167,3710245,"7",1078
"ERR12861550",3728583,3729443,"9",860
"ERR12861550",3729444,3730816,"5",1372
"ERR12861550",3743082,3744349,"8",1267
"ERR12861550",3744350,3748955,"9",4605
"ERR12861550",3749944,3752304,"4",2360
"ERR12861550",3754055,3757450,"6",3395
"ERR12861550",3757451,3759206,"10",1755
"ERR12861550",3770533,3772640,"4",2107
"ERR12861550",3786611,3788154,"10",1543
"ERR12861550",3793110,3796127,"7",3017
"ERR12861550",3803203,3803948,"6",745
"ERR12861550",3803949,3807841,"4",3892
"ERR12861550",3807842,3817818,"10",9976
"ERR12861550",3817819,3819084,"6",1265
"ERR12861550",3829531,3831431,"10",1900
"ERR12861550",3856846,3858356,"4",1510
"ERR12861550",3858357,3860478,"10",2121
"ERR12861550",3860650,3867471,"6",6821
"ERR12861550",3869861,3870624,"6",763
"ERR12861550",3882435,3883649,"6",1214
"ERR12861550",3883650,3885583,"10",1933
"ERR12861550",3885584,3885818,"6",234
"ERR12861550",3886979,3888071,"10",1092
"ERR12861550",3922968,3924258,"8",1290
"ERR12861550",3925676,3927818,"10",2142
"ERR12861550",3931566,3932659,"5",1093
"ERR12861550",3945328,3947135,"6",1807
"ERR12861550",3962449,3963870,"8",1421
"ERR12861550",3972020,3973509,"9",1489
"ERR12861550",4001279,4003321,"9",2042
"ERR12861550",4003322,4006055,"4",2733
"ERR12861550",4006938,4007602,"6",664
"ERR12861550",4017867,4020313,"4",2446
"ERR12861550",4020314,4024091,"10",3777
"ERR12861550",4024092,4027881,"6",3789
"ERR12861550",4034927,4038028,"9",3101
"ERR12861550",4038029,4051768,"7",13739
"ERR12861550",4051769,4053784,"4",2015
"ERR12861550",4070726,4076852,"10",6126
"ERR12861550",4094934,4098064,"9",3130
"ERR12861550",4098073,4099251,"3",1178
"ERR12861550",4099252,4104059,"6",4807
"ERR12861550",4105334,4108329,"8",2995
"ERR12861550",4108330,4118700,"6",10370
"ERR12861550",4118701,4119152,"9",451
"ERR12861550",4152162,4188282,"9",36120
"ERR12861550",4239051,4245296,"10",6245
"ERR12861550",4245297,4269751,"8",24454
"ERR12861550",4276287,4297722,"8",21435
"DRR286177",11822,18523,"3",6701
"DRR286177",38239,41234,"3",2995
"DRR286177",44439,47541,"3",3102
"DRR286177",70021,72300,"3",2279
"DRR286177",72301,73540,"10",1239
"DRR286177",93611,96004,"3",2393
"DRR286177",126155,127680,"9",1525
"DRR286177",129780,132506,"10",2726
"DRR286177",132507,134907,"3",2400
"DRR286177",150518,151367,"7",849
"DRR286177",153750,155685,"3",1935
"DRR286177",174499,176376,"10",1877
"DRR286177",176377,176507,"1",130
"DRR286177",218554,220208,"2",1654
"DRR286177",220209,222195,"10",1986
"DRR286177",222317,225849,"10",3532
"DRR286177",227690,228356,"4",666
"DRR286177",263001,263697,"3",696
"DRR286177",267153,270394,"9",3241
"DRR286177",277150,281726,"3",4576
"DRR286177",296555,298221,"3",1666
"DRR286177",320938,321872,"3",934
"DRR286177",321873,324194,"10",2321
"DRR286177",347315,348394,"3",1079
"DRR286177",350099,350825,"10",726
"DRR286177",350826,357619,"3",6793
"DRR286177",357620,359030,"10",1410
"DRR286177",363569,363982,"1",413
"DRR286177",363983,366973,"3",2990
"DRR286177",378214,379336,"3",1122
"DRR286177",379337,383066,"10",3729
"DRR286177",383067,384354,"3",1287
"DRR286177",388006,388383,"1",377
"DRR286177",388384,392877,"3",4493
"DRR286177",395309,396110,"3",801
"DRR286177",411052,417411,"3",6359
"DRR286177",420534,423730,"3",3196
"DRR286177",423731,423759,"2",28
"DRR286177",423778,427110,"10",3332
"DRR286177",427111,427292,"3",181
"DRR286177",439083,443513,"3",4430
"DRR286177",461863,463382,"3",1519
"DRR286177",465690,467800,"5",2110
"DRR286177",501552,505517,"3",3965
"DRR286177",505518,509073,"10",3555
"DRR286177",530138,530906,"3",768
"DRR286177",534352,536949,"3",2597
"DRR286177",567522,570050,"9",2528
"DRR286177",572804,573899,"5",1095
"DRR286177",582779,583692,"10",913
"DRR286177",585681,586414,"3",733
"DRR286177",606642,607511,"9",869
"DRR286177",607512,608397,"3",885
"DRR286177",608398,609092,"5",694
"DRR286177",620014,621323,"9",1309
"DRR286177",623411,627955,"3",4544
"DRR286177",629344,632389,"3",3045
"DRR286177",636081,641525,"3",5444
"DRR286177",641526,643234,"2",1708
"DRR286177",643924,646654,"2",2730
"DRR286177",646655,648463,"3",1808
"DRR286177",649013,652581,"3",3568
"DRR286177",665529,668042,"9",2513
"DRR286177",668043,669260,"5",1217
"DRR286177",695802,698559,"3",2757
"DRR286177",701979,704763,"3",2784
"DRR286177",709563,711450,"3",1887
"DRR286177",711451,713710,"6",2259
"DRR286177",714400,718327,"3",3927
"DRR286177",749773,750426,"2",653
"DRR286177",778059,778914,"3",855
"DRR286177",830641,832907,"3",2266
"DRR286177",832908,835070,"10",2162
"DRR286177",852005,853538,"3",1533
"DRR286177",853539,855141,"1",1602
"DRR286177",855142,857397,"3",2255
"DRR286177",881546,883502,"3",1956
"DRR286177",883503,884728,"6",1225
"DRR286177",891953,893122,"5",1169
"DRR286177",895702,896699,"7",997
"DRR286177",901966,906199,"3",4233
"DRR286177",917437,918652,"7",1215
"DRR286177",918653,919497,"3",844
"DRR286177",919498,920783,"10",1285
"DRR286177",926165,927030,"9",865
"DRR286177",927031,927693,"2",662
"DRR286177",938035,942937,"9",4902
"DRR286177",944270,944763,"1",493
"DRR286177",944764,945231,"5",467
"DRR286177",956708,958256,"3",1548
"DRR286177",960853,961668,"5",815
"DRR286177",996881,997904,"6",1023
"DRR286177",1003364,1004045,"9",681
"DRR286177",1004046,1004649,"3",603
"DRR286177",1025929,1031042,"3",5113
"DRR286177",1035295,1039137,"3",3842
"DRR286177",1039138,1041956,"10",2818
"DRR286177",1087447,1092136,"3",4689
"DRR286177",1130114,1130746,"3",632
"DRR286177",1134780,1139281,"3",4501
"DRR286177",1139282,1140493,"5",1211
"DRR286177",1147841,1151012,"3",3171
"DRR286177",1157578,1158338,"3",760
"DRR286177",1168375,1168750,"2",375
"DRR286177",1168751,1172690,"3",3939
"DRR286177",1172691,1174312,"1",1621
"DRR286177",1218595,1219589,"10",994
"DRR286177",1225679,1227313,"3",1634
"DRR286177",1238900,1244120,"3",5220
"DRR286177",1278211,1280628,"3",2417
"DRR286177",1280629,1285423,"9",4794
"DRR286177",1287093,1290629,"3",3536
"DRR286177",1296950,1299417,"3",2467
"DRR286177",1314590,1317908,"3",3318
"DRR286177",1325122,1325918,"3",796
"DRR286177",1359941,1366175,"3",6234
"DRR286177",1367323,1368166,"3",843
"DRR286177",1376494,1377637,"5",1143
"DRR286177",1378354,1381091,"10",2737
"DRR286177",1381092,1383079,"3",1987
"DRR286177",1447857,1449867,"3",2010
"DRR286177",1450681,1452617,"3",1936
"DRR286177",1455701,1456633,"9",932
"DRR286177",1456634,1457855,"2",1221
"DRR286177",1460692,1461818,"10",1126
"DRR286177",1461819,1462775,"3",956
"DRR286177",1468474,1472499,"3",4025
"DRR286177",1476516,1478006,"1",1490
"DRR286177",1499684,1505224,"9",5540
"DRR286177",1511546,1512421,"10",875
"DRR286177",1519897,1521052,"2",1155
"DRR286177",1538305,1541020,"3",2715
"DRR286177",1542990,1544932,"3",1942
"DRR286177",1552909,1556105,"3",3196
"DRR286177",1558961,1560709,"10",1748
"DRR286177",1587077,1588806,"10",1729
"DRR286177",1588807,1592532,"3",3725
"DRR286177",1604164,1605292,"3",1128
"DRR286177",1621765,1623575,"9",1810
"DRR286177",1639520,1640295,"3",775
"DRR286177",1644553,1647126,"3",2573
"DRR286177",1648763,1650470,"3",1707
"DRR286177",1651009,1652941,"1",1932
"DRR286177",1652942,1657990,"3",5048
"DRR286177",1657991,1660601,"2",2610
"DRR286177",1660602,1667208,"3",6606
"DRR286177",1672502,1674863,"3",2361
"DRR286177",1674864,1675817,"10",953
"DRR286177",1681984,1683186,"9",1202
"DRR286177",1683187,1684446,"1",1259
"DRR286177",1700443,1700988,"3",545
"DRR286177",1710525,1712165,"3",1640
"DRR286177",1747860,1751784,"3",3924
"DRR286177",1753128,1754122,"3",994
"DRR286177",1766156,1767693,"3",1537
"DRR286177",1771946,1776142,"3",4196
"DRR286177",1778502,1781499,"9",2997
"DRR286177",1781500,1783280,"1",1780
"DRR286177",1783281,1784975,"3",1694
"DRR286177",1787610,1789284,"3",1674
"DRR286177",1801262,1802111,"9",849
"DRR286177",1802112,1804135,"3",2023
"DRR286177",1809228,1811938,"9",2710
"DRR286177",1817277,1817519,"5",242
"DRR286177",1817520,1822250,"10",4730
"DRR286177",1831314,1835378,"3",4064
"DRR286177",1837135,1844346,"3",7211
"DRR286177",1845499,1851128,"3",5629
"DRR286177",1864047,1864861,"1",814
"DRR286177",1864862,1868678,"3",3816
"DRR286177",1870044,1871234,"3",1190
"DRR286177",1873559,1877166,"3",3607
"DRR286177",1879396,1880270,"2",874
"DRR286177",1880271,1883076,"3",2805
"DRR286177",1896156,1903031,"3",6875
"DRR286177",1918692,1922107,"3",3415
"DRR286177",1922108,1922884,"1",776
"DRR286177",1922885,1929225,"3",6340
"DRR286177",1939506,1942965,"3",3459
"DRR286177",1942966,1945382,"1",2416
"DRR286177",1945447,1947338,"3",1891
"DRR286177",1952416,1953449,"3",1033
"DRR286177",1961692,1962881,"3",1189
"DRR286177",1963356,1963952,"3",596
"DRR286177",1974732,1975476,"10",744
"DRR286177",1985229,1989266,"1",4037
"DRR286177",1990318,1992192,"9",1874
"DRR286177",1992193,1994795,"3",2602
"DRR286177",1994796,1995018,"4",222
"DRR286177",2006372,2011310,"10",4938
"DRR286177",2011311,2012209,"3",898
"DRR286177",2041290,2042329,"3",1039
"DRR286177",2057047,2057571,"3",524
"DRR286177",2058809,2060776,"3",1967
"DRR286177",2065612,2066603,"3",991
"DRR286177",2094194,2097621,"3",3427
"DRR286177",2125984,2127630,"3",1646
"DRR286177",2127631,2128417,"1",786
"DRR286177",2144820,2146616,"9",1796
"DRR286177",2155551,2160066,"10",4515
"DRR286177",2161487,2164351,"2",2864
"DRR286177",2164352,2166625,"3",2273
"DRR286177",2175500,2177330,"10",1830
"DRR286177",2208222,2209066,"3",844
"DRR286177",2234220,2236180,"3",1960
"DRR286177",2240441,2242708,"10",2267
"DRR286177",2250510,2251894,"3",1384
"DRR286177",2266216,2268045,"3",1829
"DRR286177",2279603,2281321,"3",1718
"DRR286177",2315389,2316381,"3",992
"DRR286177",2324118,2326233,"3",2115
"DRR286177",2327729,2329453,"3",1724
"DRR286177",2333805,2335310,"3",1505
"DRR286177",2343830,2352958,"3",9128
"DRR286177",2363438,2366139,"3",2701
"DRR286177",2379033,2381419,"3",2386
"DRR286177",2381420,2382182,"2",762
"DRR286177",2382183,2386915,"3",4732
"DRR286177",2400340,2404524,"3",4184
"DRR286177",2405315,2407088,"10",1773
"DRR286177",2414620,2415615,"3",995
"DRR286177",2440275,2445930,"3",5655
"DRR286177",2473757,2475702,"3",1945
"DRR286177",2479573,2480777,"10",1204
"DRR286177",2480778,2484410,"1",3632
"DRR286177",2484411,2486659,"3",2248
"DRR286177",2490379,2492363,"9",1984
"DRR286177",2510836,2512698,"3",1862
"DRR286177",2525227,2527388,"1",2161
"DRR286177",2527700,2540320,"3",12620
"DRR286177",2544592,2547909,"3",3317
"DRR286177",2547910,2551126,"9",3216
"DRR286177",2568227,2569045,"1",818
"DRR286177",2569046,2570548,"2",1502
"DRR286177",2573667,2575981,"7",2314
"DRR286177",2603123,2605746,"3",2623
"DRR286177",2608012,2608462,"3",450
"DRR286177",2639468,2644274,"3",4806
"DRR286177",2655814,2661489,"10",5675
"DRR286177",2664231,2665739,"3",1508
"DRR286177",2670065,2674408,"3",4343
"DRR286177",2674409,2674934,"1",525
"DRR286177",2677717,2678896,"7",1179
"DRR286177",2684819,2686227,"3",1408
"DRR286177",2690837,2691521,"3",684
"DRR286177",2694078,2697893,"3",3815
"DRR286177",2707371,2709423,"3",2052
"DRR286177",2721805,2723892,"10",2087
"DRR286177",2723893,2727827,"3",3934
"DRR286177",2727828,2729499,"10",1671
"DRR286177",2729500,2730293,"5",793
"DRR286177",2730294,2735422,"3",5128
"DRR286177",2746321,2748032,"9",1711
"DRR286177",2762627,2764450,"10",1823
"DRR286177",2776907,2784128,"3",7221
"DRR286177",2787734,2795852,"3",8118
"DRR286177",2795853,2798290,"10",2437
"DRR286177",2815884,2818925,"3",3041
"DRR286177",2818926,2821122,"10",2196
"DRR286177",2825574,2827664,"3",2090
"DRR286177",2827665,2830677,"1",3012
"DRR286177",2830678,2831827,"2",1149
"DRR286177",2838831,2843130,"3",4299
"DRR286177",2843131,2845760,"9",2629
"DRR286177",2845761,2849255,"3",3494
"DRR286177",2864107,2867965,"1",3858
"DRR286177",2868932,2874003,"3",5071
"DRR286177",2886167,2887851,"3",1684
"DRR286177",2887852,2891040,"1",3188
"DRR286177",2906904,2908254,"5",1350
"DRR286177",2908255,2909192,"9",937
"DRR286177",2914197,2915006,"3",809
"DRR286177",2923461,2927761,"3",4300
"DRR286177",2943759,2947246,"3",3487
"DRR286177",2948086,2957964,"3",9878
"DRR286177",2957965,2959259,"10",1294
"DRR286177",2974056,2979271,"3",5215
"DRR286177",2983768,2989914,"3",6146
"DRR286177",2991936,2995081,"3",3145
"DRR286177",2995082,2997846,"9",2764
"DRR286177",2997847,3000413,"10",2566
"DRR286177",3000414,3004461,"3",4047
"DRR286177",3015104,3016237,"3",1133
"DRR286177",3026066,3028493,"3",2427
"DRR286177",3028494,3030152,"10",1658
"DRR286177",3050488,3051852,"3",1364
"DRR286177",3051853,3053530,"9",1677
"DRR286177",3053531,3059289,"3",5758
"DRR286177",3059290,3063093,"1",3803
"DRR286177",3069175,3094828,"3",25653
"DRR286177",3128046,3133630,"10",5584
"DRR286177",3146441,3149538,"9",3097
"DRR286177",3151896,3153760,"3",1864
"DRR286177",3173034,3175602,"3",2568
"DRR286177",3206118,3206763,"3",645
"DRR286177",3235093,3238249,"9",3156
"DRR286177",3238250,3241139,"3",2889
"DRR286177",3254632,3255903,"3",1271
"DRR286177",3256789,3257424,"10",635
"DRR286177",3287385,3289662,"1",2277
"DRR286177",3308067,3314525,"3",6458
"DRR286177",3314526,3318114,"7",3588
"DRR286177",3339271,3340873,"2",1602
"DRR286177",3363878,3366925,"3",3047
"DRR286177",3432710,3435121,"3",2411
"DRR286177",3450600,3453737,"3",3137
"DRR286177",3453738,3454090,"7",352
"DRR286177",3454091,3456036,"10",1945
"DRR286177",3468151,3469308,"1",1157
"DRR286177",3503585,3504564,"3",979
"DRR286177",3512058,3514233,"7",2175
"DRR286177",3523988,3527142,"3",3154
"DRR286177",3536738,3537066,"10",328
"DRR286177",3567288,3569608,"3",2320
"DRR286177",3577445,3579203,"9",1758
"DRR286177",3591873,3602352,"3",10479
"DRR286177",3616215,3619223,"3",3008
"DRR286177",3631491,3634850,"3",3359
"DRR286177",3636132,3637717,"3",1585
"DRR286177",3637718,3638958,"10",1240
"DRR286177",3638959,3643758,"9",4799
"DRR286177",3643759,3645046,"3",1287
"DRR286177",3645047,3645298,"2",251
"DRR286177",3647799,3648480,"3",681
"DRR286177",3648481,3650939,"9",2458
"DRR286177",3650940,3652145,"10",1205
"DRR286177",3656785,3657416,"10",631
"DRR286177",3669904,3671378,"3",1474
"DRR286177",3692529,3693155,"2",626
"DRR286177",3729361,3730094,"7",733
"DRR286177",3730095,3732060,"3",1965
"DRR286177",3741462,3742417,"3",955
"DRR286177",3754125,3756878,"3",2753
"DRR286177",3765773,3769239,"9",3466
"DRR286177",3778872,3779989,"1",1117
"DRR286177",3801947,3805044,"9",3097
"DRR286177",3809919,3810729,"9",810
"DRR286177",3810818,3813460,"3",2642
"DRR286177",3825049,3828253,"10",3204
"DRR286177",3844140,3847903,"3",3763
"DRR286177",3863312,3864791,"6",1479
"DRR286177",3902264,3903084,"9",820
"DRR286177",3938277,3938547,"3",270
"DRR286177",3963871,3969753,"3",5882
"DRR286177",3988006,3988507,"10",501
"DRR286177",3988508,3997035,"3",8527
"DRR286177",4015328,4017413,"3",2085
"DRR286177",4017414,4017918,"9",504
"DRR286177",4017919,4025504,"3",7585
"DRR286177",4033696,4036239,"3",2543
"DRR286177",4038074,4042047,"3",3973
"DRR286177",4076625,4078049,"3",1424
"DRR286177",4085296,4086205,"6",909
"DRR286177",4086206,4087695,"10",1489
"DRR286177",4109458,4109967,"10",509
"DRR286177",4224324,4226414,"3",2090
"DRR286177",4226415,4229519,"10",3104
"ERR13148509",88430,91404,"3",2974
"ERR13148509",92134,95293,"5",3159
"ERR13148509",98252,100414,"8",2162
"ERR13148509",100415,101428,"4",1013
"ERR13148509",101429,102737,"10",1308
"ERR13148509",103263,104311,"5",1048
"ERR13148509",104312,108789,"3",4477
"ERR13148509",283214,284368,"8",1154
"ERR13148509",284369,285482,"7",1113
"ERR13148509",290679,291631,"5",952
"ERR13148509",291632,292708,"3",1076
"ERR13148509",298688,300469,"3",1781
"ERR13148509",300470,301287,"6",817
"ERR13148509",302106,302846,"7",740
"ERR13148509",303391,304227,"5",836
"ERR13148509",304228,305385,"3",1157
"ERR13148509",305386,306495,"7",1109
"ERR13148509",398990,401227,"4",2237
"ERR13148509",401228,402692,"5",1464
"ERR13148509",403310,403880,"4",570
"ERR13148509",403881,404738,"7",857
"ERR13148509",404739,404960,"3",221
"ERR13148509",404961,406448,"8",1487
"ERR13148509",409962,412350,"4",2388
"ERR13148509",690492,690947,"7",455
"ERR13148509",690948,691232,"10",284
"ERR13148509",691351,692579,"10",1228
"ERR13148509",692580,693295,"3",715
"ERR13148509",838687,839666,"7",979
"ERR13148509",893350,895859,"3",2509
"ERR13148509",895939,896215,"7",276
"ERR13148509",896216,898381,"8",2165
"ERR13148509",898382,899685,"10",1303
"ERR13148509",899686,901429,"3",1743
"ERR13148509",962270,966586,"9",4316
"ERR13148509",966734,968094,"4",1360
"ERR13148509",968095,969102,"7",1007
"ERR13148509",969103,970587,"8",1484
"ERR13148509",970985,972051,"4",1066
"ERR13148509",992114,993449,"1",1335
"ERR13148509",993450,995585,"7",2135
"ERR13148509",1047201,1048310,"7",1109
"ERR13148509",1099641,1100997,"3",1356
"ERR13148509",1100998,1101353,"1",355
"ERR13148509",1101354,1103563,"7",2209
"ERR13148509",1226737,1229304,"8",2567
"ERR13148509",1229305,1230109,"4",804
"ERR13148509",1247292,1249440,"1",2148
"ERR13148509",1250119,1250433,"5",314
"ERR13148509",1250434,1251940,"3",1506
"ERR13148509",1251941,1252939,"10",998
"ERR13148509",1252940,1254320,"9",1380
"ERR13148509",1291818,1292949,"9",1131
"ERR13148509",1292950,1293886,"5",936
"ERR13148509",1293887,1294634,"8",747
"ERR13148509",1294635,1295668,"3",1033
"ERR13148509",1297012,1297961,"8",949
"ERR13148509",1351768,1352606,"9",838
"ERR13148509",1352725,1353849,"8",1124
"ERR13148509",1353850,1355354,"3",1504
"ERR13148509",1356096,1356683,"3",587
"ERR13148509",1356684,1356858,"8",174
"ERR13148509",1356859,1357512,"5",653
"ERR13148509",1409140,1412849,"9",3709
"ERR13148509",1415462,1415880,"1",418
"ERR13148509",1415881,1419450,"4",3569
"ERR13148509",1419451,1425175,"3",5724
"ERR13148509",1426464,1427138,"5",674
"ERR13148509",1589321,1590829,"7",1508
"ERR13148509",1703349,1705536,"3",2187
"ERR13148509",1727459,1729057,"8",1598
"ERR13148509",1729058,1729726,"7",668
"ERR13148509",1730045,1731531,"3",1486
"ERR13148509",1731532,1734400,"8",2868
"ERR13148509",1734401,1736876,"5",2475
"ERR13148509",1736877,1736888,"8",11
"ERR13148509",1736889,1737986,"6",1097
"ERR13148509",1737987,1738176,"5",189
"ERR13148509",1750644,1751877,"5",1233
"ERR13148509",1822029,1822727,"7",698
"ERR13148509",1822728,1822995,"1",267
"ERR13148509",1822996,1827639,"4",4643
"ERR13148509",1880124,1883983,"3",3859
"ERR13148509",1883984,1885494,"5",1510
"ERR13148509",1910902,1913835,"4",2933
"ERR13148509",1913836,1914779,"5",943
"ERR13148509",1919279,1920140,"6",861
"ERR13148509",2065841,2066633,"9",792
"ERR13148509",2067012,2067852,"3",840
"ERR13148509",2137627,2138905,"1",1278
"ERR13148509",2138906,2139274,"10",368
"ERR13148509",2139339,2139812,"3",473
"ERR13148509",2160997,2164805,"7",3808
"ERR13148509",2269199,2270717,"7",1518
"ERR13148509",2270718,2272453,"5",1735
"ERR13148509",2272626,2274962,"1",2336
"ERR13148509",2274963,2275880,"9",917
"ERR13148509",2324738,2327249,"5",2511
"ERR13148509",2327250,2329160,"8",1910
"ERR13148509",2362888,2366139,"4",3251
"ERR13148509",2367748,2369871,"7",2123
"ERR13148509",2369872,2372087,"3",2215
"ERR13148509",2372088,2373076,"7",988
"ERR13148509",2373077,2375185,"3",2108
"ERR13148509",2498380,2499531,"7",1151
"ERR13148509",2499532,2500489,"3",957
"ERR13148509",2520800,2520986,"8",186
"ERR13148509",2522547,2523701,"3",1154
"ERR13148509",2523702,2523759,"6",57
"ERR13148509",2523760,2524224,"3",464
"ERR13148509",2524225,2524763,"10",538
"ERR13148509",2524764,2525830,"8",1066
"ERR13148509",2527192,2530451,"10",3259
"ERR13148509",2530452,2530909,"1",457
"ERR13148509",2530910,2532169,"7",1259
"ERR13148509",2532170,2533690,"8",1520
"ERR13148509",2554639,2558197,"9",3558
"ERR13148509",2558741,2561277,"8",2536
"ERR13148509",2561278,2561537,"3",259
"ERR13148509",2561538,2561947,"8",409
"ERR13148509",2568394,2569567,"8",1173
"ERR13148509",2569568,2570950,"3",1382
"ERR13148509",2588124,2589521,"5",1397
"ERR13148509",2594196,2594633,"9",437
"ERR13148509",2594728,2595394,"3",666
"ERR13148509",2595395,2596128,"7",733
"ERR13148509",2596129,2596649,"9",520
"ERR13148509",2596650,2597400,"7",750
"ERR13148509",2597401,2597431,"8",30
"ERR13148509",2597432,2597584,"6",152
"ERR13148509",2597704,2598276,"7",572
"ERR13148509",2598277,2598893,"5",616
"ERR13148509",2598894,2600773,"4",1879
"ERR13148509",2600774,2601744,"10",970
"ERR13148509",2615011,2615424,"3",413
"ERR13148509",2615425,2617710,"5",2285
"ERR13148509",2617711,2621048,"1",3337
"ERR13148509",2647711,2648887,"7",1176
"ERR13148509",2648888,2651267,"8",2379
"ERR13148509",2751938,2753551,"8",1613
"ERR13148509",2753552,2754981,"3",1429
"ERR13148509",2754982,2760926,"8",5944
"ERR13148509",2924748,2927033,"5",2285
"ERR13148509",2927034,2928008,"9",974
"ERR13148509",2928009,2929744,"10",1735
"ERR13148509",2939882,2944374,"3",4492
"ERR13148509",2944375,2945157,"4",782
"ERR13148509",2945158,2947915,"3",2757
"ERR13148509",2947916,2948753,"10",837
"ERR13148509",2949017,2949084,"9",67
"ERR13148509",2949085,2949532,"7",447
"ERR13148509",2950871,2950901,"7",30
"ERR13148509",2952723,2952833,"4",110
"ERR13148509",2952834,2953579,"1",745
"ERR13148509",2964106,2964964,"3",858
"ERR13148509",2964965,2967800,"4",2835
"ERR13148509",2973586,2973974,"7",388
"ERR13148509",2992865,2993712,"7",847
"ERR13148509",2993713,2994079,"1",366
"ERR13148509",2994276,2994462,"7",186
"ERR13148509",2994463,2997543,"8",3080
"ERR13148509",2997544,2998395,"3",851
"ERR13148509",3026729,3028711,"9",1982
"ERR13148509",3028712,3030372,"1",1660
"ERR13148509",3030715,3036167,"3",5452
"ERR13148509",3036724,3038861,"3",2137
"ERR13148509",3038862,3041193,"10",2331
"ERR13148509",3041194,3041576,"4",382
"ERR13148509",3041577,3042255,"10",678
"ERR13148509",3042256,3042435,"9",179
"ERR13148509",3048164,3051589,"8",3425
"ERR13148509",3051853,3053140,"4",1287
"ERR13148509",3068296,3068363,"7",67
"ERR13148509",3068364,3069580,"1",1216
"ERR13148509",3070473,3072131,"7",1658
"ERR13148509",3135714,3138241,"3",2527
"ERR13148509",3138242,3139222,"5",980
"ERR13148509",3147081,3147133,"6",52
"ERR13148509",3147686,3148631,"9",945
"ERR13148509",3148632,3149313,"3",681
"ERR13148509",3149314,3150562,"7",1248
"ERR13148509",3151001,3151156,"8",155
"ERR13148509",3151157,3152508,"3",1351
"ERR13148509",3152509,3153363,"7",854
"ERR13148509",3153364,3153856,"3",492
"ERR13148509",3153857,3154039,"1",182
"ERR13148509",3154460,3154590,"1",130
"ERR13148509",3178629,3179222,"7",593
"ERR13148509",3179223,3179453,"6",230
"ERR13148509",3179454,3181075,"8",1621
"ERR13148509",3181076,3181834,"7",758
"ERR13148509",3181835,3182887,"5",1052
"ERR13148509",3182888,3184816,"8",1928
"ERR13148509",3234001,3234524,"6",523
"ERR13148509",3234525,3235092,"3",567
"ERR13148509",3244047,3246748,"3",2701
"ERR13148509",3246749,3247253,"7",504
"ERR13148509",3247254,3247684,"4",430
"ERR13148509",3272207,3274875,"8",2668
"ERR13148509",3274876,3275441,"3",565
"ERR13148509",3275442,3278504,"7",3062
"ERR13148509",3326407,3329281,"8",2874
"ERR13148509",3329282,3331141,"9",1859
"ERR13148509",3331142,3331798,"5",656
"ERR13148509",3331799,3332434,"9",635
"ERR13148509",3332993,3335053,"4",2060
"ERR13148509",3335528,3337900,"10",2372
"ERR13148509",3337901,3339005,"8",1104
"ERR13148509",3339006,3339270,"3",264
"ERR13148509",3339271,3341430,"7",2159
"ERR13148509",3346345,3348573,"3",2228
"ERR13148509",3348751,3349095,"4",344
"ERR13148509",3349462,3350793,"8",1331
"ERR13148509",3350794,3353311,"10",2517
"ERR13148509",3355711,3357823,"1",2112
"ERR13148509",3358122,3359888,"10",1766
"ERR13148509",3359889,3360443,"3",554
"ERR13148509",3360605,3361106,"5",501
"ERR13148509",3362183,3362980,"4",797
"ERR13148509",3362981,3364399,"9",1418
"ERR13148509",3383745,3385161,"8",1416
"ERR13148509",3385162,3385267,"10",105
"ERR13148509",3385268,3388617,"1",3349
"ERR13148509",3388618,3389499,"6",881
"ERR13148509",3389588,3390841,"10",1253
"ERR13148509",3390842,3392401,"1",1559
"ERR13148509",3392402,3392810,"7",408
"ERR13148509",3392811,3395478,"8",2667
"ERR13148509",3395479,3396400,"6",921
"ERR13148509",3396401,3397581,"9",1180
"ERR13148509",3403243,3404293,"9",1050
"ERR13148509",3404294,3404751,"8",457
"ERR13148509",3404752,3405134,"1",382
"ERR13148509",3405135,3407228,"5",2093
"ERR13148509",3425261,3426895,"5",1634
"ERR13148509",3426896,3427244,"3",348
"ERR13148509",3427245,3428686,"6",1441
"ERR13148509",3428687,3428932,"1",245
"ERR13148509",3430981,3431688,"3",707
"ERR13148509",3431689,3432370,"4",681
"ERR13148509",3441240,3442259,"9",1019
"ERR13148509",3462554,3465671,"3",3117
"ERR13148509",3465672,3465877,"8",205
"ERR13148509",3469596,3471011,"4",1415
"ERR13148509",3471012,3471087,"7",75
"ERR13148509",3471088,3471458,"9",370
"ERR13148509",3498057,3500593,"3",2536
"ERR13148509",3500594,3502416,"6",1822
"ERR13148509",3502417,3502763,"3",346
"ERR13148509",3502764,3503923,"8",1159
"ERR13148509",3531681,3534315,"8",2634
"ERR13148509",3565532,3565888,"6",356
"ERR13148509",3589449,3591600,"5",2151
"ERR13148509",3591601,3593529,"3",1928
"ERR13148509",3593530,3596659,"8",3129
"ERR13148509",3604569,3605393,"8",824
"ERR13148509",3605394,3605781,"3",387
"ERR13148509",3605782,3607395,"7",1613
"ERR13148509",3642291,3645833,"8",3542
"ERR13148509",3645834,3647798,"7",1964
"ERR13148509",3670431,3671293,"10",862
"ERR13148509",3671294,3672333,"8",1039
"ERR13148509",3675318,3676163,"3",845
"ERR13148509",3676164,3677634,"4",1470
"ERR13148509",3677635,3679895,"9",2260
"ERR13148509",3751459,3751819,"6",360
"ERR13148509",3751820,3752360,"8",540
"ERR13148509",3752361,3752848,"3",487
"ERR13148509",3752849,3753204,"8",355
"ERR13148509",3757926,3759284,"9",1358
"ERR13148509",3759410,3759555,"6",145
"ERR13148509",3759556,3760482,"4",926
"ERR13148509",3763982,3765109,"10",1127
"ERR13148509",3801422,3802069,"10",647
"ERR13148509",3802070,3803202,"3",1132
"ERR13148509",3803203,3803445,"5",242
"ERR13148509",3803446,3804096,"3",650
"ERR13148509",3804589,3806097,"7",1508
"ERR13148509",3806098,3806169,"10",71
"ERR13148509",3806170,3806854,"9",684
"ERR13148509",3806855,3808307,"4",1452
"ERR13148509",3808308,3809353,"5",1045
"ERR13148509",3822366,3823059,"8",693
"ERR13148509",3823060,3825183,"3",2123
"ERR13148509",3825184,3828366,"8",3182
"ERR13148509",3828700,3828733,"7",33
"ERR13148509",3829045,3829463,"8",418
"ERR13148509",3829464,3829530,"7",66
"ERR13148509",3829531,3829869,"8",338
"ERR13148509",3868676,3869976,"6",1300
"ERR13148509",3869977,3872661,"5",2684
"ERR13148509",3872662,3873212,"9",550
"ERR13148509",3909319,3911864,"9",2545
"ERR13148509",3911865,3912902,"6",1037
"ERR13148509",3922929,3923358,"3",429
"ERR13148509",3923359,3923373,"4",14
"ERR13148509",3923374,3924617,"6",1243
"ERR13148509",3924618,3926787,"5",2169
"ERR13148509",3926788,3930817,"7",4029
"ERR13148509",3930818,3931824,"8",1006
"ERR13148509",3931825,3933416,"10",1591
"ERR13148509",3934300,3936092,"7",1792
"ERR13148509",3980502,3982007,"4",1505
"ERR13148509",3982008,3983287,"3",1279
"ERR13148509",3983288,3985125,"8",1837
"ERR13148509",3985126,3985988,"9",862
"ERR13148509",3986578,3989142,"3",2564
"ERR13148509",3991601,3992298,"4",697
"ERR13148509",3992427,3993357,"10",930
"ERR13148509",3993358,3994368,"6",1010
"ERR13148509",3997155,4002375,"9",5220
"ERR13148509",4002376,4005147,"1",2771
"ERR13148509",4005148,4006346,"6",1198
"ERR13148509",4133190,4135888,"7",2698
"ERR13148509",4135889,4140981,"1",5092
"ERR13148509",4145638,4146853,"9",1215
"ERR13148509",4146854,4147037,"7",183
"ERR13148509",4147038,4147885,"4",847
"ERR13148509",4147886,4148911,"9",1025
"ERR12861386",14952,20606,"6",5654
"ERR12861386",41235,46258,"4",5023
"ERR12861386",46259,48996,"6",2737
"ERR12861386",71616,73608,"4",1992
"ERR12861386",90405,94624,"4",4219
"ERR12861386",99471,101428,"4",1957
"ERR12861386",101429,102153,"10",724
"ERR12861386",102154,102970,"4",816
"ERR12861386",123164,125167,"4",2003
"ERR12861386",133479,138622,"10",5143
"ERR12861386",154487,155685,"7",1198
"ERR12861386",161410,170454,"4",9044
"ERR12861386",170455,172191,"7",1736
"ERR12861386",172381,173155,"4",774
"ERR12861386",176508,177692,"10",1184
"ERR12861386",177693,182195,"4",4502
"ERR12861386",185728,186083,"5",355
"ERR12861386",189444,194103,"4",4659
"ERR12861386",194104,197065,"6",2961
"ERR12861386",201724,205650,"6",3926
"ERR12861386",225680,236923,"4",11243
"ERR12861386",246254,252338,"7",6084
"ERR12861386",255464,257402,"7",1938
"ERR12861386",259386,260917,"6",1531
"ERR12861386",273238,281477,"4",8239
"ERR12861386",282443,286682,"4",4239
"ERR12861386",286683,287753,"10",1070
"ERR12861386",293581,299775,"4",6194
"ERR12861386",302988,305324,"6",2336
"ERR12861386",313921,314787,"10",866
"ERR12861386",317023,319632,"7",2609
"ERR12861386",319633,320312,"4",679
"ERR12861386",320313,322007,"10",1694
"ERR12861386",368899,371372,"7",2473
"ERR12861386",371373,374418,"6",3045
"ERR12861386",398387,399123,"4",736
"ERR12861386",417070,417143,"7",73
"ERR12861386",417144,422350,"4",5206
"ERR12861386",426762,427475,"8",713
"ERR12861386",428652,432369,"4",3717
"ERR12861386",432506,435020,"7",2514
"ERR12861386",439570,440337,"10",767
"ERR12861386",455070,456738,"7",1668
"ERR12861386",462661,470683,"4",8022
"ERR12861386",473354,475004,"10",1650
"ERR12861386",482403,483449,"10",1046
"ERR12861386",483450,492099,"4",8649
"ERR12861386",492100,494082,"6",1982
"ERR12861386",495790,498125,"6",2335
"ERR12861386",502723,503331,"10",608
"ERR12861386",503332,505416,"7",2084
"ERR12861386",510327,513515,"4",3188
"ERR12861386",532174,532545,"10",371
"ERR12861386",534272,537181,"9",2909
"ERR12861386",543969,546750,"4",2781
"ERR12861386",546751,549692,"9",2941
"ERR12861386",549693,558156,"4",8463
"ERR12861386",566201,571190,"4",4989
"ERR12861386",574834,576853,"8",2019
"ERR12861386",582006,583069,"4",1063
"ERR12861386",596282,597947,"4",1665
"ERR12861386",597948,599021,"5",1073
"ERR12861386",605273,606706,"7",1433
"ERR12861386",609262,609994,"10",732
"ERR12861386",609995,614584,"4",4589
"ERR12861386",629560,632058,"6",2498
"ERR12861386",632059,634047,"8",1988
"ERR12861386",634048,641293,"4",7245
"ERR12861386",641294,645263,"10",3969
"ERR12861386",645264,656236,"4",10972
"ERR12861386",658133,667668,"4",9535
"ERR12861386",667669,670052,"5",2383
"ERR12861386",670132,679189,"4",9057
"ERR12861386",679190,681914,"6",2724
"ERR12861386",697157,698559,"10",1402
"ERR12861386",713711,718915,"4",5204
"ERR12861386",720746,725099,"4",4353
"ERR12861386",737435,739679,"6",2244
"ERR12861386",740808,743766,"7",2958
"ERR12861386",743767,749242,"9",5475
"ERR12861386",749243,751993,"4",2750
"ERR12861386",753067,757004,"7",3937
"ERR12861386",764918,770748,"4",5830
"ERR12861386",770749,772592,"7",1843
"ERR12861386",781400,781541,"4",141
"ERR12861386",781542,784509,"10",2967
"ERR12861386",788619,790523,"7",1904
"ERR12861386",790524,792806,"5",2282
"ERR12861386",792807,800745,"4",7938
"ERR12861386",800746,801198,"6",452
"ERR12861386",804163,812278,"4",8115
"ERR12861386",813807,816248,"4",2441
"ERR12861386",820739,823440,"6",2701
"ERR12861386",825035,827395,"10",2360
"ERR12861386",829065,832907,"10",3842
"ERR12861386",834761,836700,"6",1939
"ERR12861386",836701,837677,"4",976
"ERR12861386",837678,838502,"8",824
"ERR12861386",840978,842673,"5",1695
"ERR12861386",843240,845552,"6",2312
"ERR12861386",871689,880923,"4",9234
"ERR12861386",881726,882376,"6",650
"ERR12861386",884432,885984,"6",1552
"ERR12861386",895939,897361,"6",1422
"ERR12861386",907042,907205,"8",163
"ERR12861386",908126,908641,"9",515
"ERR12861386",908642,911128,"4",2486
"ERR12861386",913489,914032,"4",543
"ERR12861386",923519,934217,"4",10698
"ERR12861386",934218,935804,"7",1586
"ERR12861386",945709,948019,"4",2310
"ERR12861386",956858,958867,"4",2009
"ERR12861386",976919,981753,"4",4834
"ERR12861386",987935,990772,"4",2837
"ERR12861386",992884,1001637,"4",8753
"ERR12861386",1026989,1027827,"6",838
"ERR12861386",1044776,1044997,"8",221
"ERR12861386",1053541,1055095,"4",1554
"ERR12861386",1055096,1057517,"10",2421
"ERR12861386",1057518,1063406,"4",5888
"ERR12861386",1073517,1079492,"4",5975
"ERR12861386",1084061,1084561,"2",500
"ERR12861386",1086245,1098594,"4",12349
"ERR12861386",1101354,1102667,"5",1313
"ERR12861386",1103201,1104149,"10",948
"ERR12861386",1104150,1104508,"5",358
"ERR12861386",1104509,1108668,"4",4159
"ERR12861386",1112732,1115051,"7",2319
"ERR12861386",1118149,1118665,"10",516
"ERR12861386",1118666,1119791,"8",1125
"ERR12861386",1119792,1121593,"10",1801
"ERR12861386",1148687,1150303,"4",1616
"ERR12861386",1156823,1159473,"4",2650
"ERR12861386",1164876,1165582,"4",706
"ERR12861386",1168375,1172173,"5",3798
"ERR12861386",1186835,1188341,"4",1506
"ERR12861386",1188342,1190742,"10",2400
"ERR12861386",1190829,1191961,"4",1132
"ERR12861386",1195280,1201711,"4",6431
"ERR12861386",1201876,1202325,"3",449
"ERR12861386",1209090,1210280,"9",1190
"ERR12861386",1214678,1219323,"4",4645
"ERR12861386",1222466,1227708,"4",5242
"ERR12861386",1237388,1240915,"4",3527
"ERR12861386",1246944,1252939,"10",5995
"ERR12861386",1258098,1261631,"4",3533
"ERR12861386",1264080,1264972,"4",892
"ERR12861386",1269704,1271731,"6",2027
"ERR12861386",1285634,1289247,"7",3613
"ERR12861386",1299582,1303746,"4",4164
"ERR12861386",1307891,1312180,"6",4289
"ERR12861386",1323544,1324579,"10",1035
"ERR12861386",1329777,1331383,"6",1606
"ERR12861386",1332023,1334786,"9",2763
"ERR12861386",1335099,1336460,"4",1361
"ERR12861386",1336461,1342369,"10",5908
"ERR12861386",1343957,1346507,"10",2550
"ERR12861386",1371600,1374857,"6",3257
"ERR12861386",1379728,1382049,"10",2321
"ERR12861386",1398036,1399482,"7",1446
"ERR12861386",1399483,1400756,"6",1273
"ERR12861386",1405079,1407015,"4",1936
"ERR12861386",1418923,1420234,"7",1311
"ERR12861386",1429399,1429794,"6",395
"ERR12861386",1432709,1434421,"9",1712
"ERR12861386",1434422,1435327,"10",905
"ERR12861386",1447857,1449143,"7",1286
"ERR12861386",1454311,1454522,"6",211
"ERR12861386",1454523,1456854,"7",2331
"ERR12861386",1458157,1459116,"7",959
"ERR12861386",1466901,1470224,"10",3323
"ERR12861386",1470225,1470847,"6",622
"ERR12861386",1476276,1487594,"4",11318
"ERR12861386",1502133,1503670,"10",1537
"ERR12861386",1507247,1508348,"7",1101
"ERR12861386",1515589,1517786,"4",2197
"ERR12861386",1517787,1521560,"10",3773
"ERR12861386",1532780,1544071,"4",11291
"ERR12861386",1548380,1549615,"4",1235
"ERR12861386",1552932,1555811,"4",2879
"ERR12861386",1555812,1558960,"9",3148
"ERR12861386",1558961,1564970,"7",6009
"ERR12861386",1574956,1575757,"9",801
"ERR12861386",1591151,1592502,"10",1351
"ERR12861386",1602616,1605335,"10",2719
"ERR12861386",1616124,1622342,"4",6218
"ERR12861386",1622343,1624886,"7",2543
"ERR12861386",1624887,1628894,"5",4007
"ERR12861386",1636140,1638126,"7",1986
"ERR12861386",1638127,1641622,"4",3495
"ERR12861386",1647766,1648717,"4",951
"ERR12861386",1648718,1649873,"10",1155
"ERR12861386",1649998,1654775,"4",4777
"ERR12861386",1656118,1657157,"7",1039
"ERR12861386",1662568,1664098,"4",1530
"ERR12861386",1671447,1671889,"10",442
"ERR12861386",1671890,1672358,"4",468
"ERR12861386",1679451,1683426,"10",3975
"ERR12861386",1685839,1686933,"10",1094
"ERR12861386",1694347,1700945,"4",6598
"ERR12861386",1700946,1707201,"7",6255
"ERR12861386",1707202,1710450,"10",3248
"ERR12861386",1721738,1723953,"4",2215
"ERR12861386",1733723,1735004,"4",1281
"ERR12861386",1747331,1749882,"7",2551
"ERR12861386",1751969,1753040,"7",1071
"ERR12861386",1753041,1757941,"4",4900
"ERR12861386",1757942,1758603,"7",661
"ERR12861386",1763272,1769299,"4",6027
"ERR12861386",1778502,1781499,"4",2997
"ERR12861386",1784468,1789965,"4",5497
"ERR12861386",1796478,1797970,"6",1492
"ERR12861386",1797971,1800014,"5",2043
"ERR12861386",1804519,1805446,"9",927
"ERR12861386",1805447,1806632,"7",1185
"ERR12861386",1806633,1809457,"10",2824
"ERR12861386",1839916,1841629,"7",1713
"ERR12861386",1841630,1843757,"4",2127
"ERR12861386",1853984,1861577,"4",7593
"ERR12861386",1862360,1863909,"10",1549
"ERR12861386",1868679,1870435,"9",1756
"ERR12861386",1874814,1886680,"4",11866
"ERR12861386",1892674,1895157,"6",2483
"ERR12861386",1899796,1909505,"4",9709
"ERR12861386",1912176,1916918,"6",4742
"ERR12861386",1919900,1924592,"10",4692
"ERR12861386",1951071,1952415,"10",1344
"ERR12861386",1955924,1958347,"6",2423
"ERR12861386",1958348,1962806,"10",4458
"ERR12861386",1974641,1975708,"4",1067
"ERR12861386",1978156,1979747,"8",1591
"ERR12861386",1979748,1981192,"4",1444
"ERR12861386",1981193,1982660,"7",1467
"ERR12861386",1982661,1985708,"4",3047
"ERR12861386",1991540,1998250,"10",6710
"ERR12861386",2002784,2007940,"4",5156
"ERR12861386",2010740,2017231,"4",6491
"ERR12861386",2022408,2033978,"4",11570
"ERR12861386",2041081,2043547,"6",2466
"ERR12861386",2046044,2054295,"4",8251
"ERR12861386",2063674,2063955,"7",281
"ERR12861386",2063956,2075703,"4",11747
"ERR12861386",2092080,2092902,"9",822
"ERR12861386",2092903,2100272,"4",7369
"ERR12861386",2118819,2119858,"10",1039
"ERR12861386",2127737,2132668,"4",4931
"ERR12861386",2134895,2147025,"4",12130
"ERR12861386",2151032,2163690,"4",12658
"ERR12861386",2170280,2173134,"10",2854
"ERR12861386",2173135,2180792,"4",7657
"ERR12861386",2182670,2184231,"10",1561
"ERR12861386",2184232,2189434,"8",5202
"ERR12861386",2195722,2200645,"4",4923
"ERR12861386",2200646,2203445,"9",2799
"ERR12861386",2209725,2210228,"6",503
"ERR12861386",2210229,2212632,"9",2403
"ERR12861386",2230666,2236083,"4",5417
"ERR12861386",2236084,2245811,"7",9727
"ERR12861386",2250709,2252128,"4",1419
"ERR12861386",2276457,2278527,"7",2070
"ERR12861386",2301860,2305426,"4",3566
"ERR12861386",2316882,2322466,"6",5584
"ERR12861386",2322612,2323780,"10",1168
"ERR12861386",2326290,2327387,"7",1097
"ERR12861386",2331232,2331932,"8",700
"ERR12861386",2331933,2333804,"4",1871
"ERR12861386",2347935,2348620,"7",685
"ERR12861386",2351546,2353038,"7",1492
"ERR12861386",2353528,2360194,"7",6666
"ERR12861386",2376977,2377208,"7",231
"ERR12861386",2377209,2381185,"6",3976
"ERR12861386",2382183,2384368,"6",2185
"ERR12861386",2386797,2390002,"6",3205
"ERR12861386",2394143,2395135,"6",992
"ERR12861386",2395136,2397031,"10",1895
"ERR12861386",2399669,2401009,"6",1340
"ERR12861386",2402746,2403126,"5",380
"ERR12861386",2408790,2416177,"4",7387
"ERR12861386",2416178,2417405,"7",1227
"ERR12861386",2417406,2432196,"4",14790
"ERR12861386",2446830,2448767,"4",1937
"ERR12861386",2454066,2454776,"6",710
"ERR12861386",2458987,2461766,"4",2779
"ERR12861386",2479680,2486473,"7",6793
"ERR12861386",2502359,2503252,"10",893
"ERR12861386",2508346,2510173,"4",1827
"ERR12861386",2515480,2518632,"4",3152
"ERR12861386",2526679,2532471,"6",5792
"ERR12861386",2532472,2536240,"7",3768
"ERR12861386",2536241,2537706,"6",1465
"ERR12861386",2566292,2568856,"7",2564
"ERR12861386",2571891,2573666,"7",1775
"ERR12861386",2576051,2577680,"6",1629
"ERR12861386",2577681,2578277,"10",596
"ERR12861386",2586060,2587450,"10",1390
"ERR12861386",2587451,2590002,"8",2551
"ERR12861386",2596515,2597992,"4",1477
"ERR12861386",2599910,2605232,"7",5322
"ERR12861386",2620835,2623710,"4",2875
"ERR12861386",2633610,2634476,"7",866
"ERR12861386",2654191,2662239,"4",8048
"ERR12861386",2662240,2663277,"5",1037
"ERR12861386",2668355,2669330,"7",975
"ERR12861386",2676601,2679661,"7",3060
"ERR12861386",2679662,2686191,"4",6529
"ERR12861386",2686192,2690968,"8",4776
"ERR12861386",2700458,2704872,"4",4414
"ERR12861386",2710090,2711531,"10",1441
"ERR12861386",2748320,2749326,"4",1006
"ERR12861386",2756677,2759111,"4",2434
"ERR12861386",2779625,2782004,"7",2379
"ERR12861386",2794110,2796685,"10",2575
"ERR12861386",2796686,2803618,"4",6932
"ERR12861386",2821267,2825112,"7",3845
"ERR12861386",2832243,2838020,"7",5777
"ERR12861386",2838021,2841085,"4",3064
"ERR12861386",2841086,2843130,"7",2044
"ERR12861386",2844429,2846264,"4",1835
"ERR12861386",2850579,2854161,"10",3582
"ERR12861386",2871560,2876056,"5",4496
"ERR12861386",2876057,2877742,"4",1685
"ERR12861386",2908094,2910724,"4",2630
"ERR12861386",2913862,2921328,"6",7466
"ERR12861386",2925461,2928112,"6",2651
"ERR12861386",2928113,2929957,"4",1844
"ERR12861386",2929958,2934769,"7",4811
"ERR12861386",2947349,2949371,"8",2022
"ERR12861386",2949372,2952157,"4",2785
"ERR12861386",2952428,2953579,"6",1151
"ERR12861386",2968491,2971317,"6",2826
"ERR12861386",2973824,2976430,"6",2606
"ERR12861386",2985540,2986944,"7",1404
"ERR12861386",2986945,2995587,"4",8642
"ERR12861386",3018453,3020931,"4",2478
"ERR12861386",3036168,3037034,"4",866
"ERR12861386",3043005,3045267,"4",2262
"ERR12861386",3049472,3053530,"4",4058
"ERR12861386",3059573,3066348,"4",6775
"ERR12861386",3066349,3068023,"3",1674
"ERR12861386",3068024,3068916,"4",892
"ERR12861386",3083069,3084915,"4",1846
"ERR12861386",3093329,3094617,"6",1288
"ERR12861386",3098266,3102404,"10",4138
"ERR12861386",3107905,3109710,"10",1805
"ERR12861386",3109711,3111682,"7",1971
"ERR12861386",3112834,3113675,"6",841
"ERR12861386",3113676,3116286,"3",2610
"ERR12861386",3116856,3120976,"9",4120
"ERR12861386",3120977,3130198,"4",9221
"ERR12861386",3141680,3142972,"9",1292
"ERR12861386",3149652,3151000,"4",1348
"ERR12861386",3160023,3163283,"7",3260
"ERR12861386",3163284,3166414,"4",3130
"ERR12861386",3169899,3170611,"10",712
"ERR12861386",3170612,3171752,"9",1140
"ERR12861386",3171753,3175602,"6",3849
"ERR12861386",3194507,3195116,"10",609
"ERR12861386",3216149,3222971,"10",6822
"ERR12861386",3230498,3231342,"9",844
"ERR12861386",3235244,3245230,"4",9986
"ERR12861386",3249263,3253976,"4",4713
"ERR12861386",3253977,3254410,"7",433
"ERR12861386",3254411,3255694,"10",1283
"ERR12861386",3286700,3289662,"4",2962
"ERR12861386",3301046,3314030,"4",12984
"ERR12861386",3314031,3317018,"10",2987
"ERR12861386",3317019,3320057,"9",3038
"ERR12861386",3320058,3321763,"10",1705
"ERR12861386",3321764,3323139,"7",1375
"ERR12861386",3324196,3326406,"5",2210
"ERR12861386",3335432,3356068,"4",20636
"ERR12861386",3359633,3368131,"4",8498
"ERR12861386",3368132,3369807,"5",1675
"ERR12861386",3394793,3396144,"9",1351
"ERR12861386",3414630,3416652,"4",2022
"ERR12861386",3420181,3420654,"10",473
"ERR12861386",3432741,3437800,"4",5059
"ERR12861386",3437801,3439598,"7",1797
"ERR12861386",3439599,3441074,"4",1475
"ERR12861386",3441885,3442718,"4",833
"ERR12861386",3442719,3447578,"6",4859
"ERR12861386",3451013,3454722,"7",3709
"ERR12861386",3454723,3455956,"10",1233
"ERR12861386",3455957,3459860,"7",3903
"ERR12861386",3464147,3468027,"6",3880
"ERR12861386",3471386,3473054,"7",1668
"ERR12861386",3479190,3482810,"4",3620
"ERR12861386",3484787,3486761,"7",1974
"ERR12861386",3496671,3498422,"4",1751
"ERR12861386",3510458,3514055,"8",3597
"ERR12861386",3514177,3514887,"4",710
"ERR12861386",3518173,3520407,"6",2234
"ERR12861386",3524052,3527342,"4",3290
"ERR12861386",3551834,3552062,"4",228
"ERR12861386",3552063,3554779,"6",2716
"ERR12861386",3554780,3562178,"4",7398
"ERR12861386",3573959,3574819,"3",860
"ERR12861386",3574820,3580534,"4",5714
"ERR12861386",3587587,3588233,"4",646
"ERR12861386",3603759,3604728,"4",969
"ERR12861386",3611606,3615244,"4",3638
"ERR12861386",3631374,3638433,"4",7059
"ERR12861386",3639559,3648155,"4",8596
"ERR12861386",3663498,3664964,"8",1466
"ERR12861386",3666897,3668231,"4",1334
"ERR12861386",3686367,3691149,"6",4782
"ERR12861386",3691327,3692189,"4",862
"ERR12861386",3692190,3698159,"8",5969
"ERR12861386",3706632,3708864,"6",2232
"ERR12861386",3727677,3729927,"9",2250
"ERR12861386",3729928,3731070,"10",1142
"ERR12861386",3734650,3735310,"10",660
"ERR12861386",3748718,3752338,"4",3620
"ERR12861386",3753918,3758428,"7",4510
"ERR12861386",3767058,3767727,"4",669
"ERR12861386",3772528,3775210,"7",2682
"ERR12861386",3784191,3786270,"9",2079
"ERR12861386",3786271,3788084,"7",1813
"ERR12861386",3802542,3803925,"6",1383
"ERR12861386",3804183,3808859,"4",4676
"ERR12861386",3810872,3811151,"7",279
"ERR12861386",3816388,3818034,"10",1646
"ERR12861386",3837874,3838722,"7",848
"ERR12861386",3845863,3846694,"2",831
"ERR12861386",3846695,3847016,"7",321
"ERR12861386",3861649,3868116,"4",6467
"ERR12861386",3874788,3882304,"4",7516
"ERR12861386",3882305,3883649,"6",1344
"ERR12861386",3883650,3885583,"10",1933
"ERR12861386",3885584,3885818,"6",234
"ERR12861386",3886979,3888071,"10",1092
"ERR12861386",3898880,3900946,"4",2066
"ERR12861386",3913724,3914271,"4",547
"ERR12861386",3926041,3927029,"10",988
"ERR12861386",3942870,3947135,"6",4265
"ERR12861386",3962449,3963870,"8",1421
"ERR12861386",3965587,3974899,"7",9312
"ERR12861386",3977104,3978657,"10",1553
"ERR12861386",3988069,3990143,"4",2074
"ERR12861386",3992158,3993598,"7",1440
"ERR12861386",3995073,3997470,"6",2397
"ERR12861386",4002223,4003230,"8",1007
"ERR12861386",4004411,4007885,"6",3474
"ERR12861386",4024092,4028605,"6",4513
"ERR12861386",4030599,4033591,"6",2992
"ERR12861386",4034828,4038019,"9",3191
"ERR12861386",4038020,4043076,"4",5056
"ERR12861386",4043077,4051793,"7",8716
"ERR12861386",4051794,4052771,"6",977
"ERR12861386",4052772,4054005,"4",1233
"ERR12861386",4054006,4059701,"6",5695
"ERR12861386",4065065,4074412,"4",9347
"ERR12861386",4099397,4103889,"6",4492
"ERR12861386",4103890,4108324,"9",4434
"ERR12861386",4108325,4114448,"6",6123
"ERR12861386",4115888,4120622,"6",4734
"ERR12861386",4152162,4188435,"9",36273
"ERR12861386",4224324,4229519,"7",5195
"ERR12861698",284369,285989,"7",1620
"ERR12861698",285990,286331,"8",341
"ERR12861698",302298,302522,"6",224
"ERR12861698",302523,303496,"3",973
"ERR12861698",303497,304337,"4",840
"ERR12861698",304338,306749,"10",2411
"ERR12861698",398005,400580,"3",2575
"ERR12861698",400581,402347,"8",1766
"ERR12861698",688811,690566,"7",1755
"ERR12861698",690567,690892,"8",325
"ERR12861698",690893,692529,"10",1636
"ERR12861698",692530,695801,"7",3271
"ERR12861698",834654,837593,"9",2939
"ERR12861698",837594,841286,"7",3692
"ERR12861698",971322,973074,"1",1752
"ERR12861698",989152,990874,"3",1722
"ERR12861698",990875,991036,"7",161
"ERR12861698",1053801,1055153,"10",1352
"ERR12861698",1056006,1058282,"8",2276
"ERR12861698",1058283,1062864,"9",4581
"ERR12861698",1099722,1101799,"3",2077
"ERR12861698",1101800,1102210,"7",410
"ERR12861698",1256529,1257600,"7",1071
"ERR12861698",1290630,1292245,"8",1615
"ERR12861698",1409642,1413123,"9",3481
"ERR12861698",1416047,1416952,"9",905
"ERR12861698",1589919,1591150,"10",1231
"ERR12861698",1591151,1592208,"1",1057
"ERR12861698",1601956,1602402,"10",446
"ERR12861698",1602403,1606026,"1",3623
"ERR12861698",1606027,1607350,"9",1323
"ERR12861698",1652942,1653895,"5",953
"ERR12861698",1653896,1655848,"10",1952
"ERR12861698",1655849,1656747,"9",898
"ERR12861698",1662852,1664683,"10",1831
"ERR12861698",1703203,1705690,"9",2487
"ERR12861698",1709322,1710347,"9",1025
"ERR12861698",1710348,1710966,"3",618
"ERR12861698",1733066,1733193,"5",127
"ERR12861698",1733194,1735115,"7",1921
"ERR12861698",1735116,1737912,"3",2796
"ERR12861698",1737913,1738424,"4",511
"ERR12861698",1749674,1751711,"3",2037
"ERR12861698",1825120,1826658,"6",1538
"ERR12861698",1920264,1920716,"4",452
"ERR12861698",2137568,2139010,"10",1442
"ERR12861698",2139011,2140735,"3",1724
"ERR12861698",2363300,2364875,"7",1575
"ERR12861698",2364876,2366402,"3",1526
"ERR12861698",2366620,2367595,"7",975
"ERR12861698",2367596,2368507,"8",911
"ERR12861698",2368508,2368930,"10",422
"ERR12861698",2373695,2374462,"1",767
"ERR12861698",2509795,2511271,"9",1476
"ERR12861698",2518754,2523776,"9",5022
"ERR12861698",2523777,2525159,"3",1382
"ERR12861698",2553217,2557918,"8",4701
"ERR12861698",2584901,2586059,"4",1158
"ERR12861698",2586060,2587046,"5",986
"ERR12861698",2587047,2587190,"10",143
"ERR12861698",2587191,2587902,"3",711
"ERR12861698",2587903,2590297,"7",2394
"ERR12861698",2594634,2595825,"5",1191
"ERR12861698",2595826,2596385,"10",559
"ERR12861698",2596386,2597125,"4",739
"ERR12861698",2597126,2597513,"7",387
"ERR12861698",2597514,2599382,"5",1868
"ERR12861698",2600474,2605746,"8",5272
"ERR12861698",2647322,2648101,"3",779
"ERR12861698",2649688,2650265,"7",577
"ERR12861698",2764814,2766291,"3",1477
"ERR12861698",2799536,2801392,"8",1856
"ERR12861698",2801393,2801623,"3",230
"ERR12861698",2801842,2802769,"10",927
"ERR12861698",2810658,2811029,"4",371
"ERR12861698",2922789,2925460,"9",2671
"ERR12861698",2925685,2928917,"10",3232
"ERR12861698",2928918,2930035,"1",1117
"ERR12861698",2939337,2942607,"8",3270
"ERR12861698",2942608,2943758,"4",1150
"ERR12861698",2943759,2945937,"1",2178
"ERR12861698",2973138,2975425,"10",2287
"ERR12861698",2975426,2977166,"9",1740
"ERR12861698",2993318,2994275,"3",957
"ERR12861698",3027791,3030152,"5",2361
"ERR12861698",3030153,3033434,"3",3281
"ERR12861698",3037464,3038388,"10",924
"ERR12861698",3041835,3042896,"3",1061
"ERR12861698",3052094,3053140,"7",1046
"ERR12861698",3069538,3075491,"3",5953
"ERR12861698",3126314,3127912,"6",1598
"ERR12861698",3127913,3133843,"10",5930
"ERR12861698",3138452,3140738,"7",2286
"ERR12861698",3148028,3148364,"7",336
"ERR12861698",3148365,3149486,"3",1121
"ERR12861698",3149487,3150426,"8",939
"ERR12861698",3150427,3151000,"10",573
"ERR12861698",3151599,3152441,"8",842
"ERR12861698",3240241,3246203,"8",5962
"ERR12861698",3269072,3273123,"7",4051
"ERR12861698",3326407,3328086,"8",1679
"ERR12861698",3328087,3328278,"10",191
"ERR12861698",3344607,3349095,"10",4488
"ERR12861698",3349096,3351289,"8",2193
"ERR12861698",3351290,3352453,"10",1163
"ERR12861698",3352454,3352645,"9",191
"ERR12861698",3352646,3353160,"7",514
"ERR12861698",3356069,3358352,"7",2283
"ERR12861698",3425323,3429484,"5",4161
"ERR12861698",3431542,3432047,"3",505
"ERR12861698",3432048,3432394,"9",346
"ERR12861698",3435183,3436933,"9",1750
"ERR12861698",3462290,3463702,"10",1412
"ERR12861698",3532531,3533888,"9",1357
"ERR12861698",3533889,3536111,"3",2222
"ERR12861698",3536112,3537931,"10",1819
"ERR12861698",3537932,3539491,"7",1559
"ERR12861698",3539492,3541505,"8",2013
"ERR12861698",3565590,3565965,"6",375
"ERR12861698",3565966,3566963,"3",997
"ERR12861698",3576444,3578469,"10",2025
"ERR12861698",3578470,3579667,"7",1197
"ERR12861698",3582625,3583105,"7",480
"ERR12861698",3588935,3591872,"9",2937
"ERR12861698",3591873,3602480,"8",10607
"ERR12861698",3730024,3731206,"1",1182
"ERR12861698",3731207,3731819,"3",612
"ERR12861698",3801890,3802478,"5",588
"ERR12861698",3802479,3803086,"7",607
"ERR12861698",3822953,3823835,"10",882
"ERR12861698",3823836,3824718,"1",882
"ERR12861698",3824719,3827786,"10",3067
"ERR12861698",3827787,3830194,"7",2407
"ERR12861698",3868811,3869469,"9",658
"ERR12861698",3869470,3870874,"6",1404
"ERR12861698",3870875,3878582,"9",7707
"ERR12861698",3895806,3898932,"8",3126
"ERR12861698",3898933,3901004,"1",2071
"ERR12861698",3922521,3922876,"3",355
"ERR12861698",3931351,3932659,"5",1308
"ERR12861698",3934339,3936092,"7",1753
"ERR12861698",3979763,3983578,"1",3815
"ERR12861698",3992693,3993898,"3",1205
"ERR12861698",4001250,4002331,"9",1081
"ERR12861698",4002332,4004202,"1",1870
"ERR12861698",4004203,4004370,"10",167
"ERR12861698",4004371,4006055,"5",1684
"ERR12861698",4006056,4006983,"7",927
"ERR12861698",4134279,4140981,"3",6702
"ERR12861698",4145091,4145493,"10",402
"ERR12861698",4145494,4146589,"3",1095
"ERR12861698",4146590,4150025,"8",3435
"SRR7800740",27874,31108,"10",3234
"SRR7800740",36079,37528,"10",1449
"SRR7800740",134908,135262,"4",354
"SRR7800740",135263,136342,"8",1079
"SRR7800740",148640,149260,"10",620
"SRR7800740",204550,205467,"1",917
"SRR7800740",208139,208418,"2",279
"SRR7800740",208419,209562,"7",1143
"SRR7800740",225627,227040,"10",1413
"SRR7800740",243740,244575,"10",835
"SRR7800740",250574,251704,"10",1130
"SRR7800740",277238,277951,"10",713
"SRR7800740",284568,285713,"8",1145
"SRR7800740",289662,290160,"10",498
"SRR7800740",290294,291339,"2",1045
"SRR7800740",327678,328511,"10",833
"SRR7800740",375103,375526,"6",423
"SRR7800740",376986,378168,"10",1182
"SRR7800740",384791,385928,"10",1137
"SRR7800740",398438,400444,"10",2006
"SRR7800740",422243,424183,"10",1940
"SRR7800740",436377,437415,"1",1038
"SRR7800740",437416,440337,"10",2921
"SRR7800740",486671,487044,"10",373
"SRR7800740",526554,527171,"7",617
"SRR7800740",527172,529383,"10",2211
"SRR7800740",529384,530024,"7",640
"SRR7800740",532877,537003,"10",4126
"SRR7800740",544901,548327,"10",3426
"SRR7800740",558743,559586,"6",843
"SRR7800740",593634,593957,"4",323
"SRR7800740",611230,611904,"7",674
"SRR7800740",614005,618938,"9",4933
"SRR7800740",632820,633298,"10",478
"SRR7800740",633299,637210,"4",3911
"SRR7800740",680357,682064,"7",1707
"SRR7800740",682065,682984,"10",919
"SRR7800740",689207,690052,"4",845
"SRR7800740",716594,717648,"10",1054
"SRR7800740",721020,721710,"10",690
"SRR7800740",746781,747135,"7",354
"SRR7800740",756312,758254,"10",1942
"SRR7800740",781479,782997,"9",1518
"SRR7800740",802261,803245,"4",984
"SRR7800740",803584,803854,"6",270
"SRR7800740",828918,829413,"10",495
"SRR7800740",832908,834760,"7",1852
"SRR7800740",842713,843788,"10",1075
"SRR7800740",878019,878531,"4",512
"SRR7800740",885096,891122,"10",6026
"SRR7800740",934014,935017,"2",1003
"SRR7800740",939016,944132,"10",5116
"SRR7800740",971659,972233,"7",574
"SRR7800740",983910,986096,"8",2186
"SRR7800740",990721,993002,"10",2281
"SRR7800740",993920,994830,"10",910
"SRR7800740",1002972,1004045,"10",1073
"SRR7800740",1023428,1024531,"1",1103
"SRR7800740",1035540,1036220,"10",680
"SRR7800740",1058691,1059113,"8",422
"SRR7800740",1059114,1059955,"9",841
"SRR7800740",1068466,1068988,"1",522
"SRR7800740",1069980,1070603,"9",623
"SRR7800740",1074954,1076116,"2",1162
"SRR7800740",1077391,1078119,"10",728
"SRR7800740",1095987,1097115,"2",1128
"SRR7800740",1097116,1097468,"8",352
"SRR7800740",1146640,1148097,"2",1457
"SRR7800740",1148098,1150852,"10",2754
"SRR7800740",1157578,1158097,"10",519
"SRR7800740",1158098,1158338,"7",240
"SRR7800740",1162671,1167098,"10",4427
"SRR7800740",1209250,1210115,"10",865
"SRR7800740",1210116,1211172,"4",1056
"SRR7800740",1228150,1229304,"2",1154
"SRR7800740",1245258,1245996,"10",738
"SRR7800740",1251606,1252539,"7",933
"SRR7800740",1252540,1252798,"10",258
"SRR7800740",1258098,1259452,"10",1354
"SRR7800740",1261703,1263129,"10",1426
"SRR7800740",1324747,1326071,"10",1324
"SRR7800740",1333392,1334480,"10",1088
"SRR7800740",1334481,1334987,"7",506
"SRR7800740",1343957,1347109,"10",3152
"SRR7800740",1354319,1355930,"9",1611
"SRR7800740",1361970,1363032,"10",1062
"SRR7800740",1375875,1377025,"10",1150
"SRR7800740",1400832,1402264,"4",1432
"SRR7800740",1411783,1413882,"7",2099
"SRR7800740",1418738,1420234,"7",1496
"SRR7800740",1427139,1427986,"10",847
"SRR7800740",1468474,1469249,"10",775
"SRR7800740",1471741,1472563,"10",822
"SRR7800740",1479344,1480380,"10",1036
"SRR7800740",1485810,1488191,"7",2381
"SRR7800740",1507644,1508348,"7",704
"SRR7800740",1523578,1525844,"10",2266
"SRR7800740",1529868,1531510,"10",1642
"SRR7800740",1532849,1533508,"8",659
"SRR7800740",1540923,1542592,"8",1669
"SRR7800740",1548102,1549398,"10",1296
"SRR7800740",1580100,1581602,"10",1502
"SRR7800740",1614247,1615304,"9",1057
"SRR7800740",1626564,1628570,"8",2006
"SRR7800740",1628775,1630660,"2",1885
"SRR7800740",1630661,1632013,"9",1352
"SRR7800740",1638054,1639695,"10",1641
"SRR7800740",1664168,1665106,"7",938
"SRR7800740",1671940,1672255,"7",315
"SRR7800740",1688824,1692054,"10",3230
"SRR7800740",1696799,1696955,"2",156
"SRR7800740",1696956,1697375,"7",419
"SRR7800740",1698478,1699610,"10",1132
"SRR7800740",1699611,1700829,"4",1218
"SRR7800740",1709439,1710221,"9",782
"SRR7800740",1710222,1712979,"1",2757
"SRR7800740",1715515,1716821,"6",1306
"SRR7800740",1739762,1740812,"4",1050
"SRR7800740",1765940,1768541,"7",2601
"SRR7800740",1786622,1787558,"10",936
"SRR7800740",1793951,1796152,"7",2201
"SRR7800740",1796153,1797148,"10",995
"SRR7800740",1816456,1816805,"10",349
"SRR7800740",1827583,1829123,"9",1540
"SRR7800740",1830301,1834870,"9",4569
"SRR7800740",1849433,1854782,"9",5349
"SRR7800740",1859905,1861577,"1",1672
"SRR7800740",1864255,1864945,"1",690
"SRR7800740",1865044,1866471,"10",1427
"SRR7800740",1875942,1879395,"10",3453
"SRR7800740",1879396,1881775,"4",2379
"SRR7800740",1889677,1892073,"8",2396
"SRR7800740",1937073,1941894,"10",4821
"SRR7800740",1942681,1943813,"4",1132
"SRR7800740",1953297,1954098,"4",801
"SRR7800740",1963356,1963907,"7",551
"SRR7800740",2033568,2035322,"7",1754
"SRR7800740",2065933,2066774,"10",841
"SRR7800740",2066775,2067422,"9",647
"SRR7800740",2070943,2072317,"8",1374
"SRR7800740",2073072,2075108,"10",2036
"SRR7800740",2089485,2091101,"10",1616
"SRR7800740",2110254,2112491,"2",2237
"SRR7800740",2112492,2113192,"10",700
"SRR7800740",2131340,2132472,"10",1132
"SRR7800740",2149770,2150535,"3",765
"SRR7800740",2169679,2170279,"10",600
"SRR7800740",2173542,2174741,"4",1199
"SRR7800740",2197500,2199108,"6",1608
"SRR7800740",2209853,2211523,"7",1670
"SRR7800740",2218518,2219559,"7",1041
"SRR7800740",2253986,2254634,"9",648
"SRR7800740",2261550,2262633,"2",1083
"SRR7800740",2271465,2272938,"10",1473
"SRR7800740",2289827,2291591,"7",1764
"SRR7800740",2317258,2318223,"10",965
"SRR7800740",2353276,2354330,"10",1054
"SRR7800740",2357254,2358201,"9",947
"SRR7800740",2375673,2378830,"6",3157
"SRR7800740",2378831,2379575,"10",744
"SRR7800740",2417577,2419616,"4",2039
"SRR7800740",2464639,2466738,"10",2099
"SRR7800740",2497805,2498184,"9",379
"SRR7800740",2508549,2512501,"10",3952
"SRR7800740",2512502,2513365,"7",863
"SRR7800740",2518099,2519706,"10",1607
"SRR7800740",2519707,2525333,"8",5626
"SRR7800740",2542846,2547464,"10",4618
"SRR7800740",2549068,2553055,"6",3987
"SRR7800740",2583492,2584494,"7",1002
"SRR7800740",2593540,2594633,"7",1093
"SRR7800740",2600474,2601673,"6",1199
"SRR7800740",2604102,2604855,"10",753
"SRR7800740",2611564,2612213,"4",649
"SRR7800740",2621990,2622358,"9",368
"SRR7800740",2633508,2635574,"9",2066
"SRR7800740",2643514,2644747,"10",1233
"SRR7800740",2655814,2656765,"9",951
"SRR7800740",2659239,2659925,"10",686
"SRR7800740",2670295,2671360,"2",1065
"SRR7800740",2673118,2674048,"8",930
"SRR7800740",2703366,2704638,"2",1272
"SRR7800740",2728071,2735289,"6",7218
"SRR7800740",2765066,2768844,"7",3778
"SRR7800740",2768845,2769739,"6",894
"SRR7800740",2813758,2816125,"6",2367
"SRR7800740",2816126,2820219,"4",4093
"SRR7800740",2822897,2823874,"6",977
"SRR7800740",2823875,2825297,"10",1422
"SRR7800740",2835897,2840083,"10",4186
"SRR7800740",2878878,2879744,"6",866
"SRR7800740",2887771,2889485,"10",1714
"SRR7800740",2913299,2914247,"10",948
"SRR7800740",2943137,2946867,"10",3730
"SRR7800740",2986945,2989213,"10",2268
"SRR7800740",3005671,3016166,"10",10495
"SRR7800740",3110994,3112514,"10",1520
"SRR7800740",3128137,3134291,"10",6154
"SRR7800740",3149539,3150562,"10",1023
"SRR7800740",3159598,3164218,"10",4620
"SRR7800740",3164219,3165010,"6",791
"SRR7800740",3175603,3177578,"6",1975
"SRR7800740",3183704,3184027,"4",323
"SRR7800740",3186440,3186869,"8",429
"SRR7800740",3204619,3205581,"10",962
"SRR7800740",3206810,3208362,"10",1552
"SRR7800740",3248217,3248991,"4",774
"SRR7800740",3257938,3260850,"4",2912
"SRR7800740",3279194,3281542,"7",2348
"SRR7800740",3286700,3288530,"6",1830
"SRR7800740",3359129,3361556,"7",2427
"SRR7800740",3364495,3366694,"10",2199
"SRR7800740",3370016,3371202,"6",1186
"SRR7800740",3391923,3396800,"10",4877
"SRR7800740",3396801,3399018,"2",2217
"SRR7800740",3399019,3399243,"1",224
"SRR7800740",3403445,3404751,"2",1306
"SRR7800740",3421423,3422131,"4",708
"SRR7800740",3457847,3459784,"10",1937
"SRR7800740",3481002,3481460,"1",458
"SRR7800740",3488489,3488873,"7",384
"SRR7800740",3490072,3491790,"9",1718
"SRR7800740",3497763,3499164,"7",1401
"SRR7800740",3511955,3516217,"10",4262
"SRR7800740",3521847,3523987,"8",2140
"SRR7800740",3523988,3525014,"10",1026
"SRR7800740",3527227,3532619,"10",5392
"SRR7800740",3545613,3546433,"8",820
"SRR7800740",3555191,3555511,"9",320
"SRR7800740",3558972,3561464,"10",2492
"SRR7800740",3561465,3563487,"6",2022
"SRR7800740",3566323,3566814,"7",491
"SRR7800740",3570330,3571172,"6",842
"SRR7800740",3571173,3571997,"4",824
"SRR7800740",3578753,3579251,"10",498
"SRR7800740",3591480,3599066,"8",7586
"SRR7800740",3606079,3607573,"6",1494
"SRR7800740",3636984,3637717,"10",733
"SRR7800740",3644428,3644818,"10",390
"SRR7800740",3644819,3645133,"1",314
"SRR7800740",3654339,3656360,"10",2021
"SRR7800740",3663705,3664964,"2",1259
"SRR7800740",3675318,3676899,"7",1581
"SRR7800740",3676900,3680641,"10",3741
"SRR7800740",3707692,3708687,"9",995
"SRR7800740",3715084,3717713,"4",2629
"SRR7800740",3731258,3731612,"10",354
"SRR7800740",3742774,3743654,"7",880
"SRR7800740",3743749,3744561,"10",812
"SRR7800740",3747570,3748014,"10",444
"SRR7800740",3759604,3760833,"4",1229
"SRR7800740",3777627,3778405,"10",778
"SRR7800740",3778406,3778959,"9",553
"SRR7800740",3778960,3779989,"10",1029
"SRR7800740",3789416,3789923,"3",507
"SRR7800740",3801890,3803948,"10",2058
"SRR7800740",3813912,3814874,"6",962
"SRR7800740",3824661,3827330,"10",2669
"SRR7800740",3839750,3841405,"4",1655
"SRR7800740",3868676,3868951,"4",275
"SRR7800740",3911475,3915096,"10",3621
"SRR7800740",3928210,3930965,"9",2755
"SRR7800740",3930966,3932104,"10",1138
"SRR7800740",3956116,3956729,"10",613
"SRR7800740",3970113,3971703,"7",1590
"SRR7800740",3971704,3972694,"9",990
"SRR7800740",3992775,3993305,"7",530
"SRR7800740",3993306,3997507,"10",4201
"SRR7800740",4018350,4020252,"10",1902
"SRR7800740",4031350,4031621,"7",271
"SRR7800740",4038700,4040784,"6",2084
"SRR7800740",4068568,4069999,"4",1431
"SRR7800740",4092302,4093685,"7",1383
"SRR7800740",4113100,4114448,"4",1348
"SRR7800740",4114449,4117085,"10",2636
"SRR7800740",4119562,4123036,"10",3474
"SRR7800740",4123037,4124684,"1",1647
"SRR7800740",4124685,4128556,"10",3871
"SRR7800740",4226784,4229519,"7",2735
"ERR12861631",2522547,2525094,"2",2547
"SRR24927425",14080,15002,"8",922
"SRR24927425",15003,17082,"7",2079
"SRR24927425",20969,23404,"9",2435
"SRR24927425",52028,52829,"10",801
"SRR24927425",52830,53288,"2",458
"SRR24927425",53289,54100,"10",811
"SRR24927425",68065,68841,"6",776
"SRR24927425",69455,73608,"10",4153
"SRR24927425",90627,91601,"8",974
"SRR24927425",147238,148055,"7",817
"SRR24927425",148263,149437,"8",1174
"SRR24927425",190596,191549,"8",953
"SRR24927425",203443,204267,"6",824
"SRR24927425",204268,206032,"1",1764
"SRR24927425",223822,224893,"8",1071
"SRR24927425",249820,251365,"8",1545
"SRR24927425",253012,254193,"8",1181
"SRR24927425",273238,275361,"9",2123
"SRR24927425",282624,284922,"8",2298
"SRR24927425",285387,285566,"10",179
"SRR24927425",291289,292317,"9",1028
"SRR24927425",314980,319179,"9",4199
"SRR24927425",319180,321605,"8",2425
"SRR24927425",341511,341525,"9",14
"SRR24927425",341526,342241,"8",715
"SRR24927425",344249,344543,"2",294
"SRR24927425",352727,353302,"3",575
"SRR24927425",354378,355192,"8",814
"SRR24927425",366641,368440,"8",1799
"SRR24927425",395089,396551,"10",1462
"SRR24927425",413623,414759,"8",1136
"SRR24927425",423167,424117,"1",950
"SRR24927425",448111,452892,"9",4781
"SRR24927425",485146,486670,"8",1524
"SRR24927425",488055,490941,"8",2886
"SRR24927425",491561,492670,"7",1109
"SRR24927425",508635,509141,"10",506
"SRR24927425",522952,523646,"6",694
"SRR24927425",527295,528288,"1",993
"SRR24927425",549583,552113,"9",2530
"SRR24927425",552114,554415,"8",2301
"SRR24927425",590791,591272,"8",481
"SRR24927425",600269,601204,"10",935
"SRR24927425",606891,608481,"10",1590
"SRR24927425",612634,613593,"2",959
"SRR24927425",622189,623283,"7",1094
"SRR24927425",649087,650513,"9",1426
"SRR24927425",650514,651451,"3",937
"SRR24927425",663012,664016,"1",1004
"SRR24927425",670132,671107,"10",975
"SRR24927425",686118,687370,"10",1252
"SRR24927425",690650,691812,"8",1162
"SRR24927425",703543,706878,"9",3335
"SRR24927425",708535,709320,"1",785
"SRR24927425",714539,714802,"8",263
"SRR24927425",714803,715585,"10",782
"SRR24927425",743864,744066,"3",202
"SRR24927425",753200,754172,"10",972
"SRR24927425",764826,765282,"10",456
"SRR24927425",771795,773244,"9",1449
"SRR24927425",781479,782264,"9",785
"SRR24927425",786635,788757,"10",2122
"SRR24927425",788758,789909,"8",1151
"SRR24927425",789910,790047,"4",137
"SRR24927425",810224,811452,"8",1228
"SRR24927425",816711,818093,"7",1382
"SRR24927425",820950,822227,"10",1277
"SRR24927425",864141,864402,"9",261
"SRR24927425",870446,873024,"8",2578
"SRR24927425",906869,907385,"8",516
"SRR24927425",910910,912320,"8",1410
"SRR24927425",915510,918415,"10",2905
"SRR24927425",924376,927030,"9",2654
"SRR24927425",928899,929677,"9",778
"SRR24927425",930340,931298,"8",958
"SRR24927425",932076,933930,"10",1854
"SRR24927425",944917,945462,"6",545
"SRR24927425",949879,951136,"9",1257
"SRR24927425",1031404,1031992,"9",588
"SRR24927425",1044390,1045043,"9",653
"SRR24927425",1047557,1047963,"10",406
"SRR24927425",1053801,1054950,"10",1149
"SRR24927425",1069238,1070654,"9",1416
"SRR24927425",1074817,1076116,"9",1299
"SRR24927425",1078201,1079145,"8",944
"SRR24927425",1096863,1097468,"8",605
"SRR24927425",1141018,1141672,"10",654
"SRR24927425",1142990,1144500,"1",1510
"SRR24927425",1152838,1153558,"2",720
"SRR24927425",1164281,1164875,"2",594
"SRR24927425",1164876,1165582,"8",706
"SRR24927425",1180566,1181600,"6",1034
"SRR24927425",1200448,1202900,"8",2452
"SRR24927425",1228062,1230251,"1",2189
"SRR24927425",1233182,1234255,"1",1073
"SRR24927425",1246142,1247674,"8",1532
"SRR24927425",1249748,1250731,"2",983
"SRR24927425",1253454,1254860,"2",1406
"SRR24927425",1258483,1258819,"10",336
"SRR24927425",1258820,1260556,"9",1736
"SRR24927425",1261178,1265585,"1",4407
"SRR24927425",1282956,1284125,"7",1169
"SRR24927425",1293442,1294166,"10",724
"SRR24927425",1335158,1336460,"10",1302
"SRR24927425",1343957,1344969,"10",1012
"SRR24927425",1346698,1348462,"10",1764
"SRR24927425",1355255,1356406,"8",1151
"SRR24927425",1363564,1365384,"9",1820
"SRR24927425",1367527,1368262,"8",735
"SRR24927425",1368263,1369186,"7",923
"SRR24927425",1378502,1379478,"10",976
"SRR24927425",1394025,1394946,"8",921
"SRR24927425",1425951,1426184,"9",233
"SRR24927425",1432090,1432727,"1",637
"SRR24927425",1437508,1439741,"9",2233
"SRR24927425",1496907,1498493,"6",1586
"SRR24927425",1531617,1531871,"9",254
"SRR24927425",1537498,1538453,"9",955
"SRR24927425",1560062,1560787,"1",725
"SRR24927425",1565413,1566478,"2",1065
"SRR24927425",1568881,1569786,"9",905
"SRR24927425",1598295,1601543,"10",3248
"SRR24927425",1634274,1636332,"10",2058
"SRR24927425",1636333,1639929,"9",3596
"SRR24927425",1639930,1641239,"8",1309
"SRR24927425",1650614,1652941,"8",2327
"SRR24927425",1672359,1672880,"4",521
"SRR24927425",1683427,1686933,"8",3506
"SRR24927425",1696799,1697158,"9",359
"SRR24927425",1709479,1710566,"9",1087
"SRR24927425",1711939,1715201,"9",3262
"SRR24927425",1718034,1721737,"8",3703
"SRR24927425",1721738,1724805,"10",3067
"SRR24927425",1724806,1726088,"8",1282
"SRR24927425",1761847,1763121,"10",1274
"SRR24927425",1809228,1809758,"8",530
"SRR24927425",1817718,1819113,"10",1395
"SRR24927425",1829374,1830161,"10",787
"SRR24927425",1839916,1840800,"9",884
"SRR24927425",1849433,1850603,"10",1170
"SRR24927425",1862453,1866499,"7",4046
"SRR24927425",1873489,1874519,"10",1030
"SRR24927425",1905217,1905893,"8",676
"SRR24927425",1943928,1944731,"6",803
"SRR24927425",1944732,1945446,"7",714
"SRR24927425",1963254,1964048,"6",794
"SRR24927425",1969462,1971877,"9",2415
"SRR24927425",2006197,2011087,"10",4890
"SRR24927425",2011088,2013097,"9",2009
"SRR24927425",2028668,2029848,"3",1180
"SRR24927425",2051188,2051843,"3",655
"SRR24927425",2062572,2063201,"10",629
"SRR24927425",2082667,2083508,"8",841
"SRR24927425",2100679,2108859,"10",8180
"SRR24927425",2132669,2135382,"10",2713
"SRR24927425",2151510,2154327,"10",2817
"SRR24927425",2165740,2167880,"8",2140
"SRR24927425",2177394,2178200,"8",806
"SRR24927425",2187271,2191553,"8",4282
"SRR24927425",2221625,2222775,"10",1150
"SRR24927425",2225125,2226056,"9",931
"SRR24927425",2236426,2238124,"9",1698
"SRR24927425",2240441,2242537,"3",2096
"SRR24927425",2254070,2255213,"9",1143
"SRR24927425",2260215,2260789,"8",574
"SRR24927425",2271401,2273035,"9",1634
"SRR24927425",2276735,2278926,"9",2191
"SRR24927425",2298114,2303106,"1",4992
"SRR24927425",2309363,2311045,"10",1682
"SRR24927425",2317258,2318651,"10",1393
"SRR24927425",2319146,2321362,"9",2216
"SRR24927425",2329550,2329805,"4",255
"SRR24927425",2329806,2330887,"2",1081
"SRR24927425",2338240,2339377,"8",1137
"SRR24927425",2339378,2339592,"3",214
"SRR24927425",2350246,2351109,"8",863
"SRR24927425",2357767,2358734,"10",967
"SRR24927425",2375673,2378304,"9",2631
"SRR24927425",2391242,2393744,"8",2502
"SRR24927425",2403684,2405314,"9",1630
"SRR24927425",2415993,2417405,"6",1412
"SRR24927425",2417406,2418913,"4",1507
"SRR24927425",2432447,2433482,"9",1035
"SRR24927425",2438104,2440328,"8",2224
"SRR24927425",2442036,2444061,"7",2025
"SRR24927425",2446950,2448152,"10",1202
"SRR24927425",2455323,2457229,"8",1906
"SRR24927425",2486660,2487865,"8",1205
"SRR24927425",2508737,2510493,"8",1756
"SRR24927425",2522547,2525159,"8",2612
"SRR24927425",2538321,2546418,"10",8097
"SRR24927425",2546419,2548291,"9",1872
"SRR24927425",2555397,2556752,"8",1355
"SRR24927425",2565656,2566597,"8",941
"SRR24927425",2567896,2568995,"9",1099
"SRR24927425",2595802,2596875,"10",1073
"SRR24927425",2596876,2597482,"2",606
"SRR24927425",2607510,2608331,"10",821
"SRR24927425",2610336,2611563,"8",1227
"SRR24927425",2636101,2638607,"6",2506
"SRR24927425",2643514,2645038,"1",1524
"SRR24927425",2645968,2647237,"10",1269
"SRR24927425",2657045,2658541,"10",1496
"SRR24927425",2664485,2665773,"8",1288
"SRR24927425",2706448,2708755,"9",2307
"SRR24927425",2724065,2724735,"8",670
"SRR24927425",2741623,2744873,"8",3250
"SRR24927425",2753002,2755592,"8",2590
"SRR24927425",2755593,2758377,"9",2784
"SRR24927425",2779584,2781242,"10",1658
"SRR24927425",2825574,2826464,"10",890
"SRR24927425",2828811,2831740,"2",2929
"SRR24927425",2843131,2847735,"9",4604
"SRR24927425",2851510,2854107,"10",2597
"SRR24927425",2855806,2859525,"10",3719
"SRR24927425",2884897,2885757,"1",860
"SRR24927425",2894557,2896314,"2",1757
"SRR24927425",2908283,2909603,"10",1320
"SRR24927425",2943230,2947348,"8",4118
"SRR24927425",2947916,2949300,"4",1384
"SRR24927425",2987280,2990889,"1",3609
"SRR24927425",3025332,3026384,"3",1052
"SRR24927425",3026385,3026950,"4",565
"SRR24927425",3043361,3044537,"8",1176
"SRR24927425",3114931,3118274,"9",3343
"SRR24927425",3135467,3136100,"9",633
"SRR24927425",3155092,3155372,"10",280
"SRR24927425",3155373,3157533,"8",2160
"SRR24927425",3169230,3170140,"8",910
"SRR24927425",3173034,3178337,"6",5303
"SRR24927425",3246879,3247545,"10",666
"SRR24927425",3252316,3254282,"9",1966
"SRR24927425",3257068,3261258,"10",4190
"SRR24927425",3261259,3262521,"8",1262
"SRR24927425",3266186,3269783,"6",3597
"SRR24927425",3291212,3293276,"10",2064
"SRR24927425",3293277,3295734,"9",2457
"SRR24927425",3349346,3350277,"8",931
"SRR24927425",3396863,3399650,"9",2787
"SRR24927425",3403636,3405811,"1",2175
"SRR24927425",3438101,3439449,"10",1348
"SRR24927425",3441306,3442618,"10",1312
"SRR24927425",3451576,3453097,"1",1521
"SRR24927425",3458598,3459746,"8",1148
"SRR24927425",3471170,3473201,"8",2031
"SRR24927425",3476449,3478938,"7",2489
"SRR24927425",3504837,3505479,"10",642
"SRR24927425",3508606,3510291,"9",1685
"SRR24927425",3551563,3551989,"9",426
"SRR24927425",3562459,3563487,"2",1028
"SRR24927425",3564214,3566167,"6",1953
"SRR24927425",3581844,3582757,"9",913
"SRR24927425",3587587,3588080,"10",493
"SRR24927425",3631633,3632257,"10",624
"SRR24927425",3632258,3636575,"8",4317
"SRR24927425",3638735,3640350,"8",1615
"SRR24927425",3641819,3642615,"9",796
"SRR24927425",3657471,3658742,"10",1271
"SRR24927425",3663572,3664964,"2",1392
"SRR24927425",3673824,3674268,"8",444
"SRR24927425",3705450,3708687,"9",3237
"SRR24927425",3715867,3721735,"10",5868
"SRR24927425",3725343,3726834,"7",1491
"SRR24927425",3727297,3729665,"8",2368
"SRR24927425",3729666,3729809,"7",143
"SRR24927425",3746526,3747388,"10",862
"SRR24927425",3751649,3752304,"6",655
"SRR24927425",3752305,3753711,"8",1406
"SRR24927425",3762352,3763253,"1",901
"SRR24927425",3763254,3765689,"10",2435
"SRR24927425",3794596,3795959,"4",1363
"SRR24927425",3802094,3803817,"8",1723
"SRR24927425",3803818,3804818,"6",1000
"SRR24927425",3804819,3806801,"10",1982
"SRR24927425",3806802,3807841,"8",1039
"SRR24927425",3813912,3814868,"6",956
"SRR24927425",3831527,3832508,"10",981
"SRR24927425",3847139,3847966,"4",827
"SRR24927425",3888661,3890625,"10",1964
"SRR24927425",3897566,3897936,"8",370
"SRR24927425",3897937,3900832,"10",2895
"SRR24927425",3919458,3921440,"9",1982
"SRR24927425",3930966,3931269,"10",303
"SRR24927425",3942542,3945073,"10",2531
"SRR24927425",3956067,3956380,"9",313
"SRR24927425",3956381,3956681,"10",300
"SRR24927425",3959980,3961244,"10",1264
"SRR24927425",3961245,3963870,"8",2625
"SRR24927425",3963871,3965466,"10",1595
"SRR24927425",3971645,3972804,"10",1159
"SRR24927425",3978284,3983578,"1",5294
"SRR24927425",3983579,3985079,"10",1500
"SRR24927425",4002178,4003152,"9",974
"SRR24927425",4006737,4012944,"10",6207
"SRR24927425",4026807,4028007,"10",1200
"SRR24927425",4030915,4033695,"7",2780
"SRR24927425",4034405,4035452,"8",1047
"SRR24927425",4035453,4036294,"10",841
"SRR24927425",4036295,4038558,"8",2263
"SRR24927425",4038559,4040874,"10",2315
"SRR24927425",4040875,4043216,"7",2341
"SRR24927425",4044155,4045277,"10",1122
"SRR24927425",4046309,4047032,"10",723
"SRR24927425",4051224,4053808,"10",2584
"SRR24927425",4056295,4057118,"10",823
"SRR24927425",4066408,4071401,"10",4993
"SRR24927425",4085938,4088340,"10",2402
"SRR24927425",4088341,4089447,"9",1106
"SRR24927425",4095858,4097824,"9",1966
"SRR24927425",4104626,4108283,"9",3657
"SRR24927425",4115121,4117085,"10",1964
"SRR24927425",4163879,4196829,"9",32950
"ERR12861934",12854,13766,"5",912
"ERR12861934",27874,28979,"2",1105
"ERR12861934",86856,91811,"10",4955
"ERR12861934",93088,97138,"6",4050
"ERR12861934",98252,104661,"6",6409
"ERR12861934",109621,110520,"10",899
"ERR12861934",132734,133478,"9",744
"ERR12861934",133479,136525,"2",3046
"ERR12861934",139026,140488,"8",1462
"ERR12861934",154343,155413,"3",1070
"ERR12861934",155414,156025,"10",611
"ERR12861934",189444,189957,"10",513
"ERR12861934",209925,210082,"1",157
"ERR12861934",216780,218614,"5",1834
"ERR12861934",218615,220208,"2",1593
"ERR12861934",240631,241156,"8",525
"ERR12861934",253012,254793,"8",1781
"ERR12861934",254794,257072,"5",2278
"ERR12861934",260480,261264,"1",784
"ERR12861934",261265,263876,"8",2611
"ERR12861934",280943,282488,"8",1545
"ERR12861934",286067,286818,"8",751
"ERR12861934",287754,289748,"8",1994
"ERR12861934",289749,291207,"2",1458
"ERR12861934",313221,313233,"5",12
"ERR12861934",313234,314787,"9",1553
"ERR12861934",330130,331801,"5",1671
"ERR12861934",336405,338559,"10",2154
"ERR12861934",338560,343582,"6",5022
"ERR12861934",347264,348263,"10",999
"ERR12861934",370816,372425,"4",1609
"ERR12861934",379337,382996,"10",3659
"ERR12861934",382997,383066,"9",69
"ERR12861934",383067,383400,"8",333
"ERR12861934",385126,385888,"10",762
"ERR12861934",394159,395308,"10",1149
"ERR12861934",402632,403361,"5",729
"ERR12861934",416489,417367,"6",878
"ERR12861934",420927,421939,"5",1012
"ERR12861934",423022,423970,"4",948
"ERR12861934",435469,440509,"2",5040
"ERR12861934",464228,464624,"9",396
"ERR12861934",472189,474408,"10",2219
"ERR12861934",529868,532359,"10",2491
"ERR12861934",537040,538179,"6",1139
"ERR12861934",538180,539467,"9",1287
"ERR12861934",570450,570669,"6",219
"ERR12861934",589827,590621,"4",794
"ERR12861934",598003,601719,"2",3716
"ERR12861934",604684,605851,"8",1167
"ERR12861934",632896,633669,"8",773
"ERR12861934",652324,652829,"6",505
"ERR12861934",652830,653150,"4",320
"ERR12861934",680277,681128,"5",851
"ERR12861934",697248,698559,"10",1311
"ERR12861934",721161,723027,"8",1866
"ERR12861934",735245,736652,"10",1407
"ERR12861934",737793,740036,"9",2243
"ERR12861934",740037,740375,"5",338
"ERR12861934",744067,745220,"4",1153
"ERR12861934",769447,770351,"10",904
"ERR12861934",799877,801198,"6",1321
"ERR12861934",824271,826066,"5",1795
"ERR12861934",826067,826263,"2",196
"ERR12861934",828808,836093,"10",7285
"ERR12861934",842035,842640,"8",605
"ERR12861934",886983,888064,"9",1081
"ERR12861934",969542,970790,"10",1248
"ERR12861934",970791,971321,"1",530
"ERR12861934",985335,987282,"4",1947
"ERR12861934",988755,989975,"8",1220
"ERR12861934",989976,990720,"6",744
"ERR12861934",991120,994830,"2",3710
"ERR12861934",1020308,1022781,"5",2473
"ERR12861934",1035540,1036253,"8",713
"ERR12861934",1046756,1047707,"10",951
"ERR12861934",1047708,1048046,"2",338
"ERR12861934",1055234,1058077,"1",2843
"ERR12861934",1061501,1062293,"1",792
"ERR12861934",1096426,1097644,"2",1218
"ERR12861934",1113501,1114735,"4",1234
"ERR12861934",1128346,1130113,"8",1767
"ERR12861934",1136113,1138213,"8",2100
"ERR12861934",1148185,1149385,"1",1200
"ERR12861934",1149386,1150852,"2",1466
"ERR12861934",1158644,1161227,"6",2583
"ERR12861934",1161228,1162331,"4",1103
"ERR12861934",1176249,1178375,"8",2126
"ERR12861934",1178376,1179738,"5",1362
"ERR12861934",1184211,1186183,"4",1972
"ERR12861934",1198047,1200305,"6",2258
"ERR12861934",1203989,1205367,"9",1378
"ERR12861934",1209346,1211113,"9",1767
"ERR12861934",1215644,1216942,"9",1298
"ERR12861934",1218702,1219022,"3",320
"ERR12861934",1222466,1223585,"10",1119
"ERR12861934",1238072,1239802,"4",1730
"ERR12861934",1239803,1242979,"2",3176
"ERR12861934",1252467,1252939,"6",472
"ERR12861934",1266413,1268117,"1",1704
"ERR12861934",1287270,1288602,"10",1332
"ERR12861934",1291236,1292337,"1",1101
"ERR12861934",1301483,1302543,"2",1060
"ERR12861934",1321276,1322996,"4",1720
"ERR12861934",1330135,1331287,"1",1152
"ERR12861934",1344444,1345465,"4",1021
"ERR12861934",1349507,1352247,"4",2740
"ERR12861934",1370436,1370814,"8",378
"ERR12861934",1370815,1370921,"5",106
"ERR12861934",1385868,1388227,"6",2359
"ERR12861934",1401307,1402437,"10",1130
"ERR12861934",1402438,1403054,"8",616
"ERR12861934",1403634,1403877,"6",243
"ERR12861934",1404196,1406879,"8",2683
"ERR12861934",1419041,1424648,"1",5607
"ERR12861934",1432638,1435731,"4",3093
"ERR12861934",1502772,1503573,"1",801
"ERR12861934",1510721,1511545,"9",824
"ERR12861934",1519897,1521560,"1",1663
"ERR12861934",1527189,1528147,"2",958
"ERR12861934",1528148,1530042,"5",1894
"ERR12861934",1532951,1533135,"9",184
"ERR12861934",1533136,1534392,"8",1256
"ERR12861934",1555983,1557594,"10",1611
"ERR12861934",1557595,1557630,"1",35
"ERR12861934",1559945,1560855,"4",910
"ERR12861934",1560856,1562537,"2",1681
"ERR12861934",1574011,1576681,"10",2670
"ERR12861934",1580464,1581602,"8",1138
"ERR12861934",1607775,1609796,"6",2021
"ERR12861934",1615735,1616904,"6",1169
"ERR12861934",1621573,1622280,"3",707
"ERR12861934",1626564,1628570,"2",2006
"ERR12861934",1629519,1636052,"2",6533
"ERR12861934",1643722,1644234,"4",512
"ERR12861934",1647933,1648603,"3",670
"ERR12861934",1648604,1649745,"4",1141
"ERR12861934",1654866,1655848,"4",982
"ERR12861934",1667069,1669705,"6",2636
"ERR12861934",1669706,1671446,"9",1740
"ERR12861934",1675891,1677017,"6",1126
"ERR12861934",1679948,1682282,"9",2334
"ERR12861934",1688824,1689633,"8",809
"ERR12861934",1697534,1700988,"6",3454
"ERR12861934",1700989,1702177,"4",1188
"ERR12861934",1702178,1704729,"5",2551
"ERR12861934",1709427,1710410,"2",983
"ERR12861934",1718841,1723892,"1",5051
"ERR12861934",1736089,1737507,"10",1418
"ERR12861934",1744240,1747705,"10",3465
"ERR12861934",1747706,1749637,"4",1931
"ERR12861934",1759154,1759976,"6",822
"ERR12861934",1759977,1761234,"9",1257
"ERR12861934",1761361,1763393,"6",2032
"ERR12861934",1776627,1778501,"6",1874
"ERR12861934",1778502,1781499,"9",2997
"ERR12861934",1794702,1797533,"4",2831
"ERR12861934",1797534,1798913,"5",1379
"ERR12861934",1803274,1804518,"4",1244
"ERR12861934",1814594,1817648,"1",3054
"ERR12861934",1817649,1818495,"2",846
"ERR12861934",1831626,1836746,"9",5120
"ERR12861934",1841630,1844153,"9",2523
"ERR12861934",1860356,1861019,"1",663
"ERR12861934",1861020,1862286,"9",1266
"ERR12861934",1884745,1885362,"6",617
"ERR12861934",1893731,1896028,"4",2297
"ERR12861934",1916919,1918206,"8",1287
"ERR12861934",1920264,1921256,"9",992
"ERR12861934",1922885,1924247,"8",1362
"ERR12861934",1937614,1938953,"9",1339
"ERR12861934",1938954,1940685,"4",1731
"ERR12861934",1958427,1959424,"10",997
"ERR12861934",1974732,1975708,"5",976
"ERR12861934",1984584,1985228,"10",644
"ERR12861934",1985229,1986266,"2",1037
"ERR12861934",1988035,1989117,"10",1082
"ERR12861934",2003521,2004142,"6",621
"ERR12861934",2011393,2012313,"10",920
"ERR12861934",2031137,2033567,"10",2430
"ERR12861934",2044252,2045213,"5",961
"ERR12861934",2058682,2059745,"6",1063
"ERR12861934",2062592,2063444,"5",852
"ERR12861934",2073466,2075829,"8",2363
"ERR12861934",2084016,2089056,"8",5040
"ERR12861934",2099410,2101935,"9",2525
"ERR12861934",2113193,2114119,"10",926
"ERR12861934",2120195,2121139,"6",944
"ERR12861934",2127631,2130581,"4",2950
"ERR12861934",2134275,2135715,"2",1440
"ERR12861934",2135716,2141712,"4",5996
"ERR12861934",2154279,2158034,"4",3755
"ERR12861934",2158035,2159916,"2",1881
"ERR12861934",2173542,2174968,"8",1426
"ERR12861934",2180997,2182669,"8",1672
"ERR12861934",2182670,2184360,"10",1690
"ERR12861934",2206230,2208221,"3",1991
"ERR12861934",2208222,2209679,"4",1457
"ERR12861934",2209680,2211698,"3",2018
"ERR12861934",2211699,2215122,"1",3423
"ERR12861934",2218780,2221341,"1",2561
"ERR12861934",2224287,2226251,"10",1964
"ERR12861934",2226252,2229150,"4",2898
"ERR12861934",2233648,2238042,"10",4394
"ERR12861934",2238043,2243693,"4",5650
"ERR12861934",2243694,2245208,"9",1514
"ERR12861934",2266488,2271229,"4",4741
"ERR12861934",2277162,2280113,"9",2951
"ERR12861934",2290901,2292025,"8",1124
"ERR12861934",2297806,2299801,"1",1995
"ERR12861934",2299802,2306491,"6",6689
"ERR12861934",2306492,2309969,"4",3477
"ERR12861934",2311812,2314707,"8",2895
"ERR12861934",2326234,2327249,"10",1015
"ERR12861934",2327250,2329422,"1",2172
"ERR12861934",2336804,2339110,"1",2306
"ERR12861934",2370691,2372087,"9",1396
"ERR12861934",2390402,2396269,"8",5867
"ERR12861934",2423391,2423851,"2",460
"ERR12861934",2442036,2444130,"8",2094
"ERR12861934",2446758,2447834,"10",1076
"ERR12861934",2461830,2466305,"8",4475
"ERR12861934",2480903,2481710,"1",807
"ERR12861934",2491744,2494275,"10",2531
"ERR12861934",2494276,2497568,"4",3292
"ERR12861934",2556267,2556900,"1",633
"ERR12861934",2563949,2565487,"6",1538
"ERR12861934",2565488,2566331,"8",843
"ERR12861934",2582142,2583146,"10",1004
"ERR12861934",2591366,2592141,"2",775
"ERR12861934",2592142,2596385,"5",4243
"ERR12861934",2596386,2598470,"4",2084
"ERR12861934",2605747,2607165,"6",1418
"ERR12861934",2618153,2619171,"10",1018
"ERR12861934",2631018,2632596,"10",1578
"ERR12861934",2695131,2696423,"9",1292
"ERR12861934",2696424,2700457,"10",4033
"ERR12861934",2700458,2703627,"8",3169
"ERR12861934",2703628,2709204,"1",5576
"ERR12861934",2748539,2749326,"6",787
"ERR12861934",2755178,2759299,"9",4121
"ERR12861934",2761501,2762192,"3",691
"ERR12861934",2764598,2766953,"9",2355
"ERR12861934",2771254,2772558,"8",1304
"ERR12861934",2772559,2773524,"4",965
"ERR12861934",2773525,2774288,"3",763
"ERR12861934",2792377,2793986,"8",1609
"ERR12861934",2801894,2808489,"10",6595
"ERR12861934",2811667,2814908,"8",3241
"ERR12861934",2833539,2835144,"9",1605
"ERR12861934",2847813,2850633,"6",2820
"ERR12861934",2859089,2867610,"1",8521
"ERR12861934",2868808,2870420,"9",1612
"ERR12861934",2870421,2872429,"1",2008
"ERR12861934",2872430,2874003,"2",1573
"ERR12861934",2886886,2890255,"1",3369
"ERR12861934",2914146,2914703,"3",557
"ERR12861934",2914704,2914917,"9",213
"ERR12861934",2928543,2931446,"10",2903
"ERR12861934",2931447,2932841,"5",1394
"ERR12861934",2955088,2957607,"9",2519
"ERR12861934",2972269,2973061,"6",792
"ERR12861934",2975780,2975914,"10",134
"ERR12861934",2979804,2982288,"9",2484
"ERR12861934",2982289,2985027,"4",2738
"ERR12861934",3002851,3004192,"6",1341
"ERR12861934",3027150,3032042,"5",4892
"ERR12861934",3041644,3042836,"4",1192
"ERR12861934",3046146,3046854,"2",708
"ERR12861934",3055084,3056782,"10",1698
"ERR12861934",3057925,3059238,"2",1313
"ERR12861934",3063214,3065541,"10",2327
"ERR12861934",3065542,3068773,"1",3231
"ERR12861934",3096808,3098265,"9",1457
"ERR12861934",3110496,3113468,"9",2972
"ERR12861934",3116349,3119149,"9",2800
"ERR12861934",3124227,3126313,"10",2086
"ERR12861934",3141773,3142446,"9",673
"ERR12861934",3155217,3156007,"4",790
"ERR12861934",3192538,3197088,"6",4550
"ERR12861934",3198257,3199490,"10",1233
"ERR12861934",3202240,3204547,"2",2307
"ERR12861934",3204548,3205581,"6",1033
"ERR12861934",3208363,3224129,"10",15766
"ERR12861934",3235429,3236182,"2",753
"ERR12861934",3247439,3249992,"1",2553
"ERR12861934",3249993,3252240,"5",2247
"ERR12861934",3252241,3254153,"10",1912
"ERR12861934",3255993,3257633,"10",1640
"ERR12861934",3257634,3260398,"4",2764
"ERR12861934",3260399,3262442,"5",2043
"ERR12861934",3286854,3288778,"2",1924
"ERR12861934",3292091,3293992,"9",1901
"ERR12861934",3311942,3313413,"8",1471
"ERR12861934",3335979,3338581,"10",2602
"ERR12861934",3367024,3368047,"10",1023
"ERR12861934",3368048,3370978,"8",2930
"ERR12861934",3394793,3396747,"4",1954
"ERR12861934",3400334,3402438,"10",2104
"ERR12861934",3427526,3430183,"1",2657
"ERR12861934",3430184,3431541,"10",1357
"ERR12861934",3431542,3434287,"1",2745
"ERR12861934",3441885,3442691,"10",806
"ERR12861934",3442740,3443955,"6",1215
"ERR12861934",3489381,3490578,"1",1197
"ERR12861934",3495852,3497073,"6",1221
"ERR12861934",3498423,3500361,"9",1938
"ERR12861934",3520074,3520771,"1",697
"ERR12861934",3540825,3541958,"10",1133
"ERR12861934",3551518,3552483,"9",965
"ERR12861934",3560127,3562281,"8",2154
"ERR12861934",3569698,3571313,"9",1615
"ERR12861934",3592057,3595241,"3",3184
"ERR12861934",3600665,3602009,"8",1344
"ERR12861934",3620528,3620675,"5",147
"ERR12861934",3627808,3628673,"10",865
"ERR12861934",3642973,3645298,"8",2325
"ERR12861934",3645299,3648106,"10",2807
"ERR12861934",3656682,3657644,"10",962
"ERR12861934",3657645,3658812,"1",1167
"ERR12861934",3659485,3660584,"4",1099
"ERR12861934",3660585,3663327,"8",2742
"ERR12861934",3672615,3675317,"10",2702
"ERR12861934",3675318,3676899,"4",1581
"ERR12861934",3676900,3679988,"6",3088
"ERR12861934",3679989,3681251,"10",1262
"ERR12861934",3686326,3686366,"8",40
"ERR12861934",3686367,3687098,"6",731
"ERR12861934",3699426,3700525,"6",1099
"ERR12861934",3700632,3702173,"6",1541
"ERR12861934",3702174,3703133,"2",959
"ERR12861934",3722853,3723712,"10",859
"ERR12861934",3723713,3727676,"2",3963
"ERR12861934",3731319,3731968,"6",649
"ERR12861934",3746526,3747427,"5",901
"ERR12861934",3762024,3765482,"6",3458
"ERR12861934",3769624,3770902,"4",1278
"ERR12861934",3779347,3783156,"1",3809
"ERR12861934",3783157,3788154,"10",4997
"ERR12861934",3795233,3795658,"10",425
"ERR12861934",3831569,3832546,"10",977
"ERR12861934",3837275,3841332,"10",4057
"ERR12861934",3847017,3847852,"8",835
"ERR12861934",3851284,3851986,"10",702
"ERR12861934",3857074,3857270,"1",196
"ERR12861934",3860376,3861353,"2",977
"ERR12861934",3861354,3861784,"10",430
"ERR12861934",3871859,3872990,"6",1131
"ERR12861934",3891247,3892412,"5",1165
"ERR12861934",3899250,3900278,"3",1028
"ERR12861934",3900279,3901033,"10",754
"ERR12861934",3916909,3917587,"6",678
"ERR12861934",3924182,3930446,"6",6264
"ERR12861934",3940829,3942419,"8",1590
"ERR12861934",3947644,3949331,"1",1687
"ERR12861934",3953664,3956223,"9",2559
"ERR12861934",3957680,3959979,"6",2299
"ERR12861934",3959980,3961666,"5",1686
"ERR12861934",3963233,3963870,"5",637
"ERR12861934",3968295,3969852,"6",1557
"ERR12861934",3969853,3971513,"5",1660
"ERR12861934",3976934,3977318,"2",384
"ERR12861934",3978324,3979233,"6",909
"ERR12861934",4002171,4004202,"1",2031
"ERR12861934",4004203,4008562,"5",4359
"ERR12861934",4035024,4036239,"6",1215
"ERR12861934",4036240,4037739,"8",1499
"ERR12861934",4037740,4039955,"6",2215
"ERR12861934",4046296,4047443,"5",1147
"ERR12861934",4048833,4049520,"5",687
"ERR12861934",4049521,4059537,"1",10016
"ERR12861934",4059538,4060260,"8",722
"ERR12861934",4070532,4071264,"4",732
"ERR12861934",4072382,4073621,"10",1239
"ERR12861934",4083861,4090148,"6",6287
"ERR12861934",4100293,4103729,"1",3436
"ERR12861934",4115755,4117462,"10",1707
"ERR12861934",4175516,4182644,"3",7128
"ERR12861934",4182645,4194131,"2",11486
"ERR12861934",4234561,4240445,"4",5884
"ERR12861934",4241325,4242951,"2",1626
"ERR12861934",4248815,4256622,"2",7807
"ERR13148488",4373,4687,"6",314
"ERR13148488",34967,35644,"10",677
"ERR13148488",69833,70566,"5",733
"ERR13148488",106839,109430,"7",2591
"ERR13148488",263104,263804,"5",700
"ERR13148488",267153,268903,"5",1750
"ERR13148488",338678,339353,"10",675
"ERR13148488",347315,348263,"5",948
"ERR13148488",395367,396491,"5",1124
"ERR13148488",448256,448668,"10",412
"ERR13148488",530204,531221,"6",1017
"ERR13148488",549546,550128,"10",582
"ERR13148488",560791,561453,"6",662
"ERR13148488",616589,617018,"6",429
"ERR13148488",647843,648607,"5",764
"ERR13148488",814615,815938,"4",1323
"ERR13148488",848466,849199,"10",733
"ERR13148488",905596,908016,"5",2420
"ERR13148488",915552,916582,"5",1030
"ERR13148488",927934,929188,"4",1254
"ERR13148488",944917,945231,"10",314
"ERR13148488",958831,959232,"10",401
"ERR13148488",960515,961138,"10",623
"ERR13148488",973487,973524,"9",37
"ERR13148488",973525,973839,"6",314
"ERR13148488",975226,975739,"7",513
"ERR13148488",984203,985952,"6",1749
"ERR13148488",1012202,1013344,"5",1142
"ERR13148488",1028034,1030238,"5",2204
"ERR13148488",1076199,1077243,"6",1044
"ERR13148488",1087568,1089306,"5",1738
"ERR13148488",1109274,1110127,"6",853
"ERR13148488",1125854,1126387,"5",533
"ERR13148488",1211893,1212981,"4",1088
"ERR13148488",1320750,1321974,"5",1224
"ERR13148488",1361679,1362960,"7",1281
"ERR13148488",1410097,1411599,"2",1502
"ERR13148488",1563142,1563961,"5",819
"ERR13148488",1617613,1621039,"10",3426
"ERR13148488",1672580,1672880,"5",300
"ERR13148488",1774917,1776169,"5",1252
"ERR13148488",1809228,1809758,"8",530
"ERR13148488",1855311,1856006,"10",695
"ERR13148488",1856757,1858118,"10",1361
"ERR13148488",1865281,1866499,"5",1218
"ERR13148488",1873489,1874573,"5",1084
"ERR13148488",1886772,1887512,"1",740
"ERR13148488",1904993,1905893,"5",900
"ERR13148488",1952309,1953296,"9",987
"ERR13148488",1963356,1964184,"7",828
"ERR13148488",1966554,1968420,"10",1866
"ERR13148488",1970681,1971682,"10",1001
"ERR13148488",2018945,2019916,"10",971
"ERR13148488",2062672,2063473,"10",801
"ERR13148488",2079952,2082365,"5",2413
"ERR13148488",2091385,2092398,"6",1013
"ERR13148488",2108234,2108859,"5",625
"ERR13148488",2132669,2135773,"5",3104
"ERR13148488",2186979,2188096,"4",1117
"ERR13148488",2203838,2204818,"10",980
"ERR13148488",2221739,2222909,"10",1170
"ERR13148488",2222910,2224814,"5",1904
"ERR13148488",2234261,2235988,"5",1727
"ERR13148488",2240441,2242708,"10",2267
"ERR13148488",2286754,2289167,"2",2413
"ERR13148488",2308464,2309168,"10",704
"ERR13148488",2357589,2358654,"6",1065
"ERR13148488",2474595,2475546,"5",951
"ERR13148488",2484411,2486563,"5",2152
"ERR13148488",2590592,2592686,"4",2094
"ERR13148488",2603123,2603716,"5",593
"ERR13148488",2640830,2641669,"6",839
"ERR13148488",2645335,2645967,"10",632
"ERR13148488",2652437,2653021,"10",584
"ERR13148488",2664485,2665773,"5",1288
"ERR13148488",2716359,2718078,"6",1719
"ERR13148488",2741987,2743095,"10",1108
"ERR13148488",2856259,2857112,"9",853
"ERR13148488",2884130,2884628,"4",498
"ERR13148488",2898795,2900015,"10",1220
"ERR13148488",2909720,2911591,"5",1871
"ERR13148488",2911592,2912836,"10",1244
"ERR13148488",2918167,2920597,"10",2430
"ERR13148488",2940194,2942248,"10",2054
"ERR13148488",2956491,2957964,"5",1473
"ERR13148488",2977467,2978961,"10",1494
"ERR13148488",3025779,3026830,"6",1051
"ERR13148488",3134591,3135958,"10",1367
"ERR13148488",3142973,3143969,"10",996
"ERR13148488",3158395,3159005,"6",610
"ERR13148488",3214260,3215423,"9",1163
"ERR13148488",3223618,3224798,"5",1180
"ERR13148488",3256789,3257325,"5",536
"ERR13148488",3261259,3262442,"10",1183
"ERR13148488",3279102,3280239,"6",1137
"ERR13148488",3305288,3306649,"5",1361
"ERR13148488",3306650,3307776,"10",1126
"ERR13148488",3307777,3311780,"5",4003
"ERR13148488",3367189,3367797,"10",608
"ERR13148488",3400984,3402454,"10",1470
"ERR13148488",3460092,3461943,"10",1851
"ERR13148488",3538234,3539105,"5",871
"ERR13148488",3541671,3542894,"10",1223
"ERR13148488",3564566,3565147,"10",581
"ERR13148488",3575014,3576068,"10",1054
"ERR13148488",3589111,3589859,"10",748
"ERR13148488",3638735,3639848,"10",1113
"ERR13148488",3809375,3809782,"6",407
"ERR13148488",3847139,3847927,"6",788
"ERR13148488",3870812,3873751,"10",2939
"ERR13148488",3884731,3885534,"10",803
"ERR13148488",3960395,3961599,"10",1204
"ERR13148488",4081991,4082168,"9",177
"ERR13148488",4114449,4115546,"6",1097
"ERR12861574",20607,25160,"7",4553
"ERR12861574",34190,35223,"8",1033
"ERR12861574",123164,124201,"10",1037
"ERR12861574",128357,131741,"10",3384
"ERR12861574",143982,148183,"1",4201
"ERR12861574",171598,172492,"8",894
"ERR12861574",182587,184624,"10",2037
"ERR12861574",203228,204267,"6",1039
"ERR12861574",216695,217154,"6",459
"ERR12861574",277110,282357,"1",5247
"ERR12861574",319180,319632,"1",452
"ERR12861574",347621,351217,"1",3596
"ERR12861574",353498,354377,"10",879
"ERR12861574",356097,358898,"10",2801
"ERR12861574",375103,375526,"6",423
"ERR12861574",427017,427326,"8",309
"ERR12861574",441814,442801,"6",987
"ERR12861574",449100,450314,"6",1214
"ERR12861574",482724,483566,"10",842
"ERR12861574",483567,484418,"2",851
"ERR12861574",484419,486670,"6",2251
"ERR12861574",486671,487073,"9",402
"ERR12861574",496195,497811,"8",1616
"ERR12861574",505860,506843,"6",983
"ERR12861574",608482,609029,"5",547
"ERR12861574",646406,647449,"10",1043
"ERR12861574",659225,660193,"8",968
"ERR12861574",662955,664016,"9",1061
"ERR12861574",718405,719277,"3",872
"ERR12861574",732032,742107,"6",10075
"ERR12861574",742108,743538,"7",1430
"ERR12861574",772718,773525,"9",807
"ERR12861574",791762,792911,"8",1149
"ERR12861574",809886,811366,"7",1480
"ERR12861574",824271,825336,"5",1065
"ERR12861574",832908,836093,"10",3185
"ERR12861574",836094,837520,"6",1426
"ERR12861574",842208,842640,"8",432
"ERR12861574",848466,848819,"7",353
"ERR12861574",861992,862671,"7",679
"ERR12861574",891123,891952,"10",829
"ERR12861574",947017,950697,"7",3680
"ERR12861574",975482,976642,"10",1160
"ERR12861574",976643,980208,"6",3565
"ERR12861574",989879,990772,"6",893
"ERR12861574",990773,992299,"10",1526
"ERR12861574",995586,996923,"9",1337
"ERR12861574",1024727,1029959,"1",5232
"ERR12861574",1050285,1052125,"6",1840
"ERR12861574",1052126,1053468,"5",1342
"ERR12861574",1058545,1059765,"6",1220
"ERR12861574",1085078,1085737,"3",659
"ERR12861574",1109324,1110458,"1",1134
"ERR12861574",1125671,1130113,"1",4442
"ERR12861574",1164044,1165531,"8",1487
"ERR12861574",1185153,1186328,"9",1175
"ERR12861574",1227987,1229256,"1",1269
"ERR12861574",1248140,1249324,"10",1184
"ERR12861574",1252658,1252939,"6",281
"ERR12861574",1266558,1267101,"3",543
"ERR12861574",1275434,1275955,"7",521
"ERR12861574",1311593,1312180,"3",587
"ERR12861574",1333534,1334447,"10",913
"ERR12861574",1336564,1337626,"10",1062
"ERR12861574",1375875,1383976,"1",8101
"ERR12861574",1389258,1390114,"5",856
"ERR12861574",1406566,1407015,"1",449
"ERR12861574",1418672,1419978,"10",1306
"ERR12861574",1429030,1429794,"8",764
"ERR12861574",1460802,1462088,"10",1286
"ERR12861574",1529868,1531278,"1",1410
"ERR12861574",1532780,1533079,"6",299
"ERR12861574",1545893,1546977,"3",1084
"ERR12861574",1557839,1558876,"8",1037
"ERR12861574",1563031,1564074,"6",1043
"ERR12861574",1566479,1569206,"10",2727
"ERR12861574",1579540,1582007,"8",2467
"ERR12861574",1586243,1588073,"10",1830
"ERR12861574",1608948,1609696,"9",748
"ERR12861574",1615821,1617039,"9",1218
"ERR12861574",1669353,1670449,"6",1096
"ERR12861574",1722912,1723874,"10",962
"ERR12861574",1771861,1777275,"1",5414
"ERR12861574",1805317,1809722,"1",4405
"ERR12861574",1855214,1857676,"9",2462
"ERR12861574",1869170,1869874,"10",704
"ERR12861574",1888494,1889385,"6",891
"ERR12861574",1905298,1905788,"6",490
"ERR12861574",1951082,1953206,"10",2124
"ERR12861574",1966743,1968450,"7",1707
"ERR12861574",1981996,1982863,"10",867
"ERR12861574",1992294,1994225,"8",1931
"ERR12861574",1999724,2001843,"8",2119
"ERR12861574",2022929,2024091,"9",1162
"ERR12861574",2047964,2048673,"8",709
"ERR12861574",2076150,2076657,"10",507
"ERR12861574",2087551,2089056,"10",1505
"ERR12861574",2089057,2089585,"7",528
"ERR12861574",2108234,2111146,"8",2912
"ERR12861574",2120169,2121139,"6",970
"ERR12861574",2132838,2136156,"10",3318
"ERR12861574",2136157,2138998,"6",2841
"ERR12861574",2151621,2154327,"6",2706
"ERR12861574",2248347,2251940,"1",3593
"ERR12861574",2307009,2308269,"10",1260
"ERR12861574",2314708,2317529,"6",2821
"ERR12861574",2331003,2331850,"8",847
"ERR12861574",2341166,2343676,"10",2510
"ERR12861574",2365118,2366321,"9",1203
"ERR12861574",2405511,2407088,"10",1577
"ERR12861574",2443018,2444130,"8",1112
"ERR12861574",2444131,2446691,"1",2560
"ERR12861574",2522547,2525830,"2",3283
"ERR12861574",2536300,2537394,"9",1094
"ERR12861574",2539431,2544161,"10",4730
"ERR12861574",2559538,2562701,"1",3163
"ERR12861574",2576871,2577448,"7",577
"ERR12861574",2595770,2599250,"1",3480
"ERR12861574",2611866,2613804,"9",1938
"ERR12861574",2630388,2632596,"8",2208
"ERR12861574",2643514,2648422,"8",4908
"ERR12861574",2650485,2652197,"9",1712
"ERR12861574",2664231,2665739,"8",1508
"ERR12861574",2701368,2703066,"6",1698
"ERR12861574",2721805,2723380,"10",1575
"ERR12861574",2791189,2793980,"8",2791
"ERR12861574",2800196,2801246,"8",1050
"ERR12861574",2838685,2842519,"10",3834
"ERR12861574",2924410,2926702,"6",2292
"ERR12861574",2926703,2928311,"8",1608
"ERR12861574",2930036,2931133,"7",1097
"ERR12861574",2948130,2958022,"1",9892
"ERR12861574",2958023,2959120,"5",1097
"ERR12861574",2982551,2982912,"1",361
"ERR12861574",2982913,2985111,"9",2198
"ERR12861574",3014893,3017231,"1",2338
"ERR12861574",3025928,3026830,"8",902
"ERR12861574",3053723,3056532,"1",2809
"ERR12861574",3059573,3063093,"1",3520
"ERR12861574",3075639,3076371,"10",732
"ERR12861574",3093861,3094507,"3",646
"ERR12861574",3152981,3153824,"6",843
"ERR12861574",3157987,3158765,"1",778
"ERR12861574",3236468,3237285,"9",817
"ERR12861574",3302798,3306961,"6",4163
"ERR12861574",3306962,3307776,"9",814
"ERR12861574",3311942,3312995,"8",1053
"ERR12861574",3327976,3330360,"7",2384
"ERR12861574",3352488,3354539,"8",2051
"ERR12861574",3368132,3370978,"6",2846
"ERR12861574",3370979,3373227,"1",2248
"ERR12861574",3400372,3400658,"10",286
"ERR12861574",3404051,3406871,"1",2820
"ERR12861574",3414630,3416576,"10",1946
"ERR12861574",3422182,3425322,"10",3140
"ERR12861574",3460149,3462033,"8",1884
"ERR12861574",3481544,3482668,"1",1124
"ERR12861574",3527343,3528236,"9",893
"ERR12861574",3581796,3582532,"6",736
"ERR12861574",3598400,3600233,"7",1833
"ERR12861574",3610809,3612331,"8",1522
"ERR12861574",3637783,3638619,"10",836
"ERR12861574",3668610,3669284,"9",674
"ERR12861574",3678556,3679331,"10",775
"ERR12861574",3688379,3688842,"6",463
"ERR12861574",3695018,3698159,"8",3141
"ERR12861574",3698160,3700406,"5",2246
"ERR12861574",3738591,3741420,"6",2829
"ERR12861574",3753918,3757345,"7",3427
"ERR12861574",3761597,3762023,"7",426
"ERR12861574",3762024,3763981,"1",1957
"ERR12861574",3763982,3765689,"10",1707
"ERR12861574",3786699,3788154,"8",1455
"ERR12861574",3802168,3803948,"7",1780
"ERR12861574",3814209,3814710,"8",501
"ERR12861574",3814711,3814915,"3",204
"ERR12861574",3817860,3818927,"8",1067
"ERR12861574",3838399,3839145,"7",746
"ERR12861574",3847094,3847903,"8",809
"ERR12861574",3881442,3883083,"1",1641
"ERR12861574",3926124,3927053,"10",929
"ERR12861574",3927054,3930013,"6",2959
"ERR12861574",3963070,3963870,"1",800
"ERR12861574",3988006,3988855,"6",849
"ERR12861574",4002322,4003230,"1",908
"ERR12861574",4006876,4007276,"7",400
"ERR12861574",4109502,4112183,"5",2681
"ERR12861574",4112184,4114167,"6",1983
"ERR12861574",4182645,4194131,"2",11486
"ERR12861574",4194132,4197664,"3",3532
"SRR7800442",33356,37528,"5",4172
"SRR7800442",39590,41815,"5",2225
"SRR7800442",44028,48996,"5",4968
"SRR7800442",68558,70782,"3",2224
"SRR7800442",70783,73337,"10",2554
"SRR7800442",73338,74974,"8",1636
"SRR7800442",93287,93777,"3",490
"SRR7800442",93778,94407,"10",629
"SRR7800442",123164,128620,"5",5456
"SRR7800442",136721,145466,"5",8745
"SRR7800442",147167,154486,"5",7319
"SRR7800442",157556,158217,"6",661
"SRR7800442",174364,176507,"6",2143
"SRR7800442",177269,177951,"5",682
"SRR7800442",195968,196679,"5",711
"SRR7800442",203228,203987,"10",759
"SRR7800442",203988,205732,"7",1744
"SRR7800442",212503,218463,"6",5960
"SRR7800442",227109,236730,"5",9621
"SRR7800442",246254,247733,"5",1479
"SRR7800442",249246,250573,"1",1327
"SRR7800442",250574,251045,"10",471
"SRR7800442",261265,265758,"5",4493
"SRR7800442",268252,269728,"5",1476
"SRR7800442",273646,277363,"5",3717
"SRR7800442",280838,282550,"5",1712
"SRR7800442",285921,286740,"6",819
"SRR7800442",303203,305265,"10",2062
"SRR7800442",305266,306447,"5",1181
"SRR7800442",313291,315209,"5",1918
"SRR7800442",323204,326558,"5",3354
"SRR7800442",332868,334109,"5",1241
"SRR7800442",336781,340428,"5",3647
"SRR7800442",347555,349440,"5",1885
"SRR7800442",353498,354377,"5",879
"SRR7800442",356869,357483,"5",614
"SRR7800442",360963,363197,"5",2234
"SRR7800442",374295,376453,"5",2158
"SRR7800442",376626,378168,"5",1542
"SRR7800442",384148,385928,"6",1780
"SRR7800442",391815,393609,"6",1794
"SRR7800442",410333,421939,"5",11606
"SRR7800442",431216,432110,"5",894
"SRR7800442",439709,440410,"6",701
"SRR7800442",446656,452498,"5",5842
"SRR7800442",452499,453268,"1",769
"SRR7800442",468857,469961,"5",1104
"SRR7800442",469962,471606,"2",1644
"SRR7800442",473354,476310,"5",2956
"SRR7800442",477360,480276,"5",2916
"SRR7800442",495008,497390,"5",2382
"SRR7800442",499850,503331,"5",3481
"SRR7800442",503332,505517,"8",2185
"SRR7800442",508210,509671,"5",1461
"SRR7800442",516950,519844,"5",2894
"SRR7800442",519845,520703,"10",858
"SRR7800442",520704,522723,"5",2019
"SRR7800442",522724,526031,"7",3307
"SRR7800442",532740,533629,"5",889
"SRR7800442",539072,539467,"5",395
"SRR7800442",540666,542953,"5",2287
"SRR7800442",556082,556649,"10",567
"SRR7800442",556650,560493,"6",3843
"SRR7800442",580712,581649,"5",937
"SRR7800442",584801,587115,"5",2314
"SRR7800442",587521,592177,"5",4656
"SRR7800442",600112,601204,"6",1092
"SRR7800442",608482,609261,"5",779
"SRR7800442",609262,609793,"10",531
"SRR7800442",634748,635280,"3",532
"SRR7800442",640775,645432,"10",4657
"SRR7800442",645433,651212,"5",5779
"SRR7800442",651213,653947,"6",2734
"SRR7800442",659037,660760,"5",1723
"SRR7800442",662673,667600,"5",4927
"SRR7800442",673981,674843,"6",862
"SRR7800442",674844,676697,"3",1853
"SRR7800442",676698,679445,"5",2747
"SRR7800442",681224,681914,"6",690
"SRR7800442",685499,687370,"6",1871
"SRR7800442",703543,705655,"10",2112
"SRR7800442",707563,707799,"5",236
"SRR7800442",713711,714750,"5",1039
"SRR7800442",720198,728903,"5",8705
"SRR7800442",735092,740606,"5",5514
"SRR7800442",749029,751601,"10",2572
"SRR7800442",760459,762966,"5",2507
"SRR7800442",769447,771140,"5",1693
"SRR7800442",771739,775365,"5",3626
"SRR7800442",776120,778970,"5",2850
"SRR7800442",778971,780836,"7",1865
"SRR7800442",780837,781309,"8",472
"SRR7800442",786780,789909,"6",3129
"SRR7800442",792099,795356,"6",3257
"SRR7800442",827022,829536,"5",2514
"SRR7800442",830769,831914,"10",1145
"SRR7800442",848466,853734,"5",5268
"SRR7800442",857974,863715,"6",5741
"SRR7800442",894170,895062,"6",892
"SRR7800442",908155,910141,"3",1986
"SRR7800442",919561,920550,"5",989
"SRR7800442",946702,947383,"5",681
"SRR7800442",954155,956028,"5",1873
"SRR7800442",961377,964771,"5",3394
"SRR7800442",978780,979795,"5",1015
"SRR7800442",980890,981395,"1",505
"SRR7800442",1005097,1006076,"5",979
"SRR7800442",1007888,1009828,"5",1940
"SRR7800442",1012202,1013897,"5",1695
"SRR7800442",1014693,1015014,"5",321
"SRR7800442",1023379,1027684,"5",4305
"SRR7800442",1035604,1036319,"5",715
"SRR7800442",1038205,1041793,"5",3588
"SRR7800442",1076630,1077653,"5",1023
"SRR7800442",1084061,1090094,"5",6033
"SRR7800442",1090095,1092136,"3",2041
"SRR7800442",1092137,1095986,"5",3849
"SRR7800442",1098939,1100044,"10",1105
"SRR7800442",1108801,1115583,"5",6782
"SRR7800442",1126638,1127847,"1",1209
"SRR7800442",1147449,1149342,"4",1893
"SRR7800442",1149386,1150485,"2",1099
"SRR7800442",1157536,1158097,"6",561
"SRR7800442",1161129,1161881,"10",752
"SRR7800442",1161882,1167794,"5",5912
"SRR7800442",1172174,1172981,"6",807
"SRR7800442",1176550,1177245,"5",695
"SRR7800442",1203007,1204021,"5",1014
"SRR7800442",1214678,1216288,"10",1610
"SRR7800442",1222728,1223585,"10",857
"SRR7800442",1250796,1252466,"5",1670
"SRR7800442",1252467,1252657,"3",190
"SRR7800442",1276378,1279926,"5",3548
"SRR7800442",1287370,1289689,"5",2319
"SRR7800442",1295893,1299417,"6",3524
"SRR7800442",1304411,1306368,"10",1957
"SRR7800442",1316339,1319668,"5",3329
"SRR7800442",1327039,1329876,"5",2837
"SRR7800442",1333296,1334367,"5",1071
"SRR7800442",1336827,1339757,"5",2930
"SRR7800442",1344856,1353757,"5",8901
"SRR7800442",1354780,1356406,"6",1626
"SRR7800442",1359424,1362112,"5",2688
"SRR7800442",1362113,1365728,"6",3615
"SRR7800442",1366276,1366950,"5",674
"SRR7800442",1369684,1371329,"5",1645
"SRR7800442",1374341,1376909,"10",2568
"SRR7800442",1376910,1379478,"5",2568
"SRR7800442",1388302,1390314,"5",2012
"SRR7800442",1400983,1402437,"3",1454
"SRR7800442",1403225,1403928,"6",703
"SRR7800442",1411732,1413503,"5",1771
"SRR7800442",1440038,1441296,"6",1258
"SRR7800442",1470326,1470998,"5",672
"SRR7800442",1477876,1478089,"6",213
"SRR7800442",1481225,1482125,"5",900
"SRR7800442",1491952,1493772,"5",1820
"SRR7800442",1502049,1502617,"5",568
"SRR7800442",1504035,1508348,"6",4313
"SRR7800442",1508349,1509148,"4",799
"SRR7800442",1513893,1514981,"10",1088
"SRR7800442",1525094,1526530,"6",1436
"SRR7800442",1538665,1542682,"4",4017
"SRR7800442",1542683,1545296,"5",2613
"SRR7800442",1559177,1561287,"5",2110
"SRR7800442",1579208,1581773,"5",2565
"SRR7800442",1585014,1586064,"5",1050
"SRR7800442",1598295,1600310,"5",2015
"SRR7800442",1600311,1600897,"1",586
"SRR7800442",1600898,1601462,"6",564
"SRR7800442",1601463,1601901,"4",438
"SRR7800442",1601902,1604163,"6",2261
"SRR7800442",1621659,1623506,"5",1847
"SRR7800442",1623507,1624694,"6",1187
"SRR7800442",1638390,1641273,"8",2883
"SRR7800442",1641274,1642374,"5",1100
"SRR7800442",1645718,1647069,"3",1351
"SRR7800442",1651090,1652992,"6",1902
"SRR7800442",1652993,1654685,"5",1692
"SRR7800442",1657328,1663925,"5",6597
"SRR7800442",1671599,1673462,"5",1863
"SRR7800442",1680394,1680919,"5",525
"SRR7800442",1686673,1687811,"6",1138
"SRR7800442",1698117,1699610,"8",1493
"SRR7800442",1717024,1717881,"5",857
"SRR7800442",1717882,1719025,"6",1143
"SRR7800442",1734305,1735004,"5",699
"SRR7800442",1740813,1758740,"5",17927
"SRR7800442",1771509,1771814,"8",305
"SRR7800442",1771815,1776104,"5",4289
"SRR7800442",1805533,1809227,"10",3694
"SRR7800442",1815998,1816904,"5",906
"SRR7800442",1816905,1817717,"3",812
"SRR7800442",1829374,1830147,"6",773
"SRR7800442",1836215,1839915,"5",3700
"SRR7800442",1841064,1848015,"5",6951
"SRR7800442",1850604,1853252,"5",2648
"SRR7800442",1868864,1870291,"5",1427
"SRR7800442",1870558,1871106,"4",548
"SRR7800442",1896674,1897425,"5",751
"SRR7800442",1916397,1917982,"5",1585
"SRR7800442",1924655,1929377,"5",4722
"SRR7800442",1943053,1944175,"3",1122
"SRR7800442",1984481,1986928,"6",2447
"SRR7800442",1988187,1990556,"10",2369
"SRR7800442",1990557,1992192,"5",1635
"SRR7800442",1994511,1997635,"5",3124
"SRR7800442",1997636,2000757,"10",3121
"SRR7800442",2002784,2003502,"6",718
"SRR7800442",2015339,2015965,"5",626
"SRR7800442",2026445,2029965,"6",3520
"SRR7800442",2029966,2031953,"2",1987
"SRR7800442",2049444,2053274,"5",3830
"SRR7800442",2073513,2074749,"6",1236
"SRR7800442",2085351,2087550,"5",2199
"SRR7800442",2089057,2092079,"5",3022
"SRR7800442",2095970,2096682,"10",712
"SRR7800442",2097220,2100379,"5",3159
"SRR7800442",2100380,2101935,"10",1555
"SRR7800442",2109509,2110056,"5",547
"SRR7800442",2119241,2123106,"5",3865
"SRR7800442",2151681,2152751,"2",1070
"SRR7800442",2152752,2156156,"10",3404
"SRR7800442",2158558,2167557,"5",8999
"SRR7800442",2168256,2170279,"5",2023
"SRR7800442",2173542,2174831,"3",1289
"SRR7800442",2176858,2178541,"10",1683
"SRR7800442",2178542,2180792,"5",2250
"SRR7800442",2198571,2199271,"10",700
"SRR7800442",2208222,2208755,"10",533
"SRR7800442",2208756,2209709,"3",953
"SRR7800442",2209710,2211744,"5",2034
"SRR7800442",2234557,2235754,"5",1197
"SRR7800442",2235755,2238089,"6",2334
"SRR7800442",2276457,2278126,"6",1669
"SRR7800442",2290901,2292284,"3",1383
"SRR7800442",2292285,2294558,"6",2273
"SRR7800442",2303107,2306817,"5",3710
"SRR7800442",2309363,2317602,"5",8239
"SRR7800442",2326234,2327663,"5",1429
"SRR7800442",2330888,2331729,"5",841
"SRR7800442",2342677,2343756,"5",1079
"SRR7800442",2355852,2358654,"10",2802
"SRR7800442",2381420,2382182,"3",762
"SRR7800442",2390265,2394215,"8",3950
"SRR7800442",2394216,2396362,"5",2146
"SRR7800442",2398890,2401453,"5",2563
"SRR7800442",2410393,2410944,"4",551
"SRR7800442",2415921,2417605,"5",1684
"SRR7800442",2417606,2418913,"4",1307
"SRR7800442",2421037,2422213,"5",1176
"SRR7800442",2446053,2447834,"5",1781
"SRR7800442",2463512,2464370,"5",858
"SRR7800442",2464371,2468106,"8",3735
"SRR7800442",2468107,2470513,"5",2406
"SRR7800442",2472778,2475368,"5",2590
"SRR7800442",2482502,2483438,"5",936
"SRR7800442",2484411,2489337,"5",4926
"SRR7800442",2502978,2508499,"5",5521
"SRR7800442",2510908,2513182,"6",2274
"SRR7800442",2516814,2517664,"5",850
"SRR7800442",2527892,2530221,"6",2329
"SRR7800442",2536241,2540320,"5",4079
"SRR7800442",2564225,2568995,"5",4770
"SRR7800442",2595770,2597056,"10",1286
"SRR7800442",2603197,2608462,"5",5265
"SRR7800442",2630286,2632160,"5",1874
"SRR7800442",2642039,2643243,"4",1204
"SRR7800442",2664302,2665970,"5",1668
"SRR7800442",2671361,2675932,"10",4571
"SRR7800442",2678337,2681039,"5",2702
"SRR7800442",2689573,2690626,"5",1053
"SRR7800442",2704438,2705775,"6",1337
"SRR7800442",2710275,2711531,"5",1256
"SRR7800442",2715746,2721512,"5",5766
"SRR7800442",2735519,2741316,"5",5797
"SRR7800442",2745794,2748648,"5",2854
"SRR7800442",2748649,2749110,"10",461
"SRR7800442",2749111,2752908,"6",3797
"SRR7800442",2767387,2773282,"5",5895
"SRR7800442",2774775,2776037,"7",1262
"SRR7800442",2789967,2792198,"10",2231
"SRR7800442",2804938,2812646,"5",7708
"SRR7800442",2812647,2815049,"10",2402
"SRR7800442",2815783,2819827,"4",4044
"SRR7800442",2820283,2821885,"5",1602
"SRR7800442",2830426,2831740,"7",1314
"SRR7800442",2854591,2855668,"3",1077
"SRR7800442",2855669,2858571,"5",2902
"SRR7800442",2883845,2885228,"8",1383
"SRR7800442",2906456,2908201,"4",1745
"SRR7800442",2908202,2909603,"6",1401
"SRR7800442",2909604,2912332,"10",2728
"SRR7800442",2918077,2920426,"10",2349
"SRR7800442",2925738,2928112,"10",2374
"SRR7800442",2936252,2937213,"5",961
"SRR7800442",2943759,2946662,"3",2903
"SRR7800442",2954257,2956490,"5",2233
"SRR7800442",2979804,2982157,"4",2353
"SRR7800442",2987063,2989213,"1",2150
"SRR7800442",2998085,2999113,"5",1028
"SRR7800442",3007341,3009322,"10",1981
"SRR7800442",3020542,3022050,"10",1508
"SRR7800442",3023530,3025702,"6",2172
"SRR7800442",3030243,3033110,"6",2867
"SRR7800442",3037665,3039660,"5",1995
"SRR7800442",3044490,3044537,"3",47
"SRR7800442",3044538,3047817,"6",3279
"SRR7800442",3048241,3054765,"5",6524
"SRR7800442",3057454,3059666,"6",2212
"SRR7800442",3065542,3067858,"1",2316
"SRR7800442",3075720,3079393,"6",3673
"SRR7800442",3093827,3094828,"10",1001
"SRR7800442",3106584,3110081,"5",3497
"SRR7800442",3113376,3116110,"5",2734
"SRR7800442",3139479,3141256,"6",1777
"SRR7800442",3144434,3147977,"5",3543
"SRR7800442",3174491,3176674,"6",2183
"SRR7800442",3204619,3205581,"5",962
"SRR7800442",3206810,3208362,"5",1552
"SRR7800442",3216477,3222208,"6",5731
"SRR7800442",3224799,3226492,"5",1693
"SRR7800442",3227311,3230296,"7",2985
"SRR7800442",3231343,3235900,"5",4557
"SRR7800442",3251056,3254282,"5",3226
"SRR7800442",3279289,3279959,"10",670
"SRR7800442",3308342,3313052,"5",4710
"SRR7800442",3320193,3322117,"5",1924
"SRR7800442",3322118,3323995,"10",1877
"SRR7800442",3323996,3327975,"6",3979
"SRR7800442",3337862,3338724,"5",862
"SRR7800442",3338725,3340389,"4",1664
"SRR7800442",3340390,3349030,"5",8640
"SRR7800442",3367314,3369898,"5",2584
"SRR7800442",3373571,3374587,"1",1016
"SRR7800442",3374588,3375111,"10",523
"SRR7800442",3400404,3401780,"5",1376
"SRR7800442",3414906,3417518,"5",2612
"SRR7800442",3417519,3422701,"10",5182
"SRR7800442",3432710,3435058,"4",2348
"SRR7800442",3447225,3447682,"8",457
"SRR7800442",3447683,3449223,"6",1540
"SRR7800442",3450600,3455360,"6",4760
"SRR7800442",3466330,3467883,"5",1553
"SRR7800442",3479829,3480632,"5",803
"SRR7800442",3486960,3488018,"6",1058
"SRR7800442",3492277,3495558,"5",3281
"SRR7800442",3499636,3503260,"5",3624
"SRR7800442",3504689,3505648,"6",959
"SRR7800442",3509033,3512512,"5",3479
"SRR7800442",3519255,3520469,"5",1214
"SRR7800442",3520470,3521783,"6",1313
"SRR7800442",3521784,3523987,"8",2203
"SRR7800442",3525527,3528538,"1",3011
"SRR7800442",3528539,3532717,"5",4178
"SRR7800442",3535842,3537066,"5",1224
"SRR7800442",3546525,3547003,"8",478
"SRR7800442",3557880,3561976,"5",4096
"SRR7800442",3566252,3567163,"5",911
"SRR7800442",3571416,3573025,"3",1609
"SRR7800442",3573026,3573434,"5",408
"SRR7800442",3580535,3581099,"5",564
"SRR7800442",3581796,3582532,"7",736
"SRR7800442",3589011,3591654,"5",2643
"SRR7800442",3591655,3604657,"10",13002
"SRR7800442",3611049,3613642,"5",2593
"SRR7800442",3623654,3625312,"5",1658
"SRR7800442",3625313,3627223,"3",1910
"SRR7800442",3627224,3631632,"5",4408
"SRR7800442",3631633,3632874,"6",1241
"SRR7800442",3672747,3673586,"5",839
"SRR7800442",3680905,3681251,"4",346
"SRR7800442",3682755,3684997,"5",2242
"SRR7800442",3695470,3697068,"5",1598
"SRR7800442",3702824,3703184,"10",360
"SRR7800442",3707692,3708953,"6",1261
"SRR7800442",3741421,3742417,"6",996
"SRR7800442",3743655,3744138,"10",483
"SRR7800442",3746526,3750616,"5",4090
"SRR7800442",3757600,3759053,"10",1453
"SRR7800442",3759054,3760833,"5",1779
"SRR7800442",3773304,3776852,"5",3548
"SRR7800442",3784377,3786270,"10",1893
"SRR7800442",3794705,3795799,"6",1094
"SRR7800442",3798129,3799997,"5",1868
"SRR7800442",3799998,3801421,"1",1423
"SRR7800442",3813337,3815286,"6",1949
"SRR7800442",3827933,3831431,"5",3498
"SRR7800442",3835189,3842001,"5",6812
"SRR7800442",3846695,3848080,"6",1385
"SRR7800442",3848081,3849852,"4",1771
"SRR7800442",3853183,3856018,"10",2835
"SRR7800442",3857811,3859451,"5",1640
"SRR7800442",3860856,3862636,"5",1780
"SRR7800442",3864016,3867386,"5",3370
"SRR7800442",3867387,3869175,"6",1788
"SRR7800442",3870299,3876567,"10",6268
"SRR7800442",3888765,3890871,"5",2106
"SRR7800442",3891247,3895344,"10",4097
"SRR7800442",3901088,3903245,"5",2157
"SRR7800442",3924109,3925746,"10",1637
"SRR7800442",3934348,3936092,"6",1744
"SRR7800442",3945112,3946435,"3",1323
"SRR7800442",3946436,3947340,"5",904
"SRR7800442",3947341,3948628,"3",1287
"SRR7800442",3949694,3953323,"8",3629
"SRR7800442",3953324,3956681,"6",3357
"SRR7800442",3959628,3961626,"5",1998
"SRR7800442",3965587,3969139,"5",3552
"SRR7800442",3977151,3978028,"4",877
"SRR7800442",3978029,3978224,"5",195
"SRR7800442",3980215,3981276,"3",1061
"SRR7800442",3993599,3996904,"3",3305
"SRR7800442",3996905,3997911,"5",1006
"SRR7800442",4021982,4023447,"6",1465
"SRR7800442",4054221,4058367,"5",4146
"SRR7800442",4085538,4087879,"5",2341
"SRR7800442",4092323,4095345,"5",3022
"SRR7800442",4108494,4109246,"6",752
"ERR12861904",14952,19195,"6",4243
"ERR12861904",46620,50056,"6",3436
"ERR12861904",50057,52027,"7",1970
"ERR12861904",69833,73906,"6",4073
"ERR12861904",80972,81919,"5",947
"ERR12861904",103450,104390,"2",940
"ERR12861904",104541,109403,"7",4862
"ERR12861904",155358,156219,"7",861
"ERR12861904",183285,185829,"5",2544
"ERR12861904",194249,195032,"7",783
"ERR12861904",195033,195458,"9",425
"ERR12861904",238348,240175,"7",1827
"ERR12861904",244731,245818,"6",1087
"ERR12861904",245819,246253,"7",434
"ERR12861904",246254,247378,"1",1124
"ERR12861904",255734,256649,"3",915
"ERR12861904",283021,290542,"1",7521
"ERR12861904",307389,307907,"5",518
"ERR12861904",315912,317096,"6",1184
"ERR12861904",323716,324814,"7",1098
"ERR12861904",324815,325181,"3",366
"ERR12861904",395484,396791,"6",1307
"ERR12861904",421460,424089,"6",2629
"ERR12861904",433410,434420,"7",1010
"ERR12861904",441072,441500,"1",428
"ERR12861904",449100,450314,"6",1214
"ERR12861904",492190,493037,"6",847
"ERR12861904",518829,520559,"6",1730
"ERR12861904",526266,528401,"7",2135
"ERR12861904",559651,560375,"6",724
"ERR12861904",564563,566200,"1",1637
"ERR12861904",589401,591178,"1",1777
"ERR12861904",628682,632058,"7",3376
"ERR12861904",632793,632850,"7",57
"ERR12861904",642941,644930,"7",1989
"ERR12861904",652324,653150,"1",826
"ERR12861904",661743,664016,"5",2273
"ERR12861904",669395,670131,"7",736
"ERR12861904",700528,701920,"5",1392
"ERR12861904",713711,714608,"6",897
"ERR12861904",731645,737618,"6",5973
"ERR12861904",750648,754508,"7",3860
"ERR12861904",754965,757523,"6",2558
"ERR12861904",771058,771738,"7",680
"ERR12861904",809357,809547,"5",190
"ERR12861904",821592,823925,"7",2333
"ERR12861904",834871,837375,"1",2504
"ERR12861904",880601,887919,"10",7318
"ERR12861904",895379,897361,"6",1982
"ERR12861904",902530,907385,"6",4855
"ERR12861904",912838,914073,"7",1235
"ERR12861904",935158,935722,"7",564
"ERR12861904",949129,953017,"1",3888
"ERR12861904",992184,993958,"10",1774
"ERR12861904",993959,994830,"3",871
"ERR12861904",1032956,1035294,"6",2338
"ERR12861904",1046731,1047401,"9",670
"ERR12861904",1047402,1056249,"7",8847
"ERR12861904",1069424,1069839,"1",415
"ERR12861904",1095015,1095868,"1",853
"ERR12861904",1114949,1115763,"10",814
"ERR12861904",1120277,1121894,"1",1617
"ERR12861904",1121895,1123087,"7",1192
"ERR12861904",1127848,1131975,"6",4127
"ERR12861904",1131976,1147719,"7",15743
"ERR12861904",1147720,1150303,"1",2583
"ERR12861904",1159600,1160600,"6",1000
"ERR12861904",1162332,1166001,"7",3669
"ERR12861904",1166002,1167283,"6",1281
"ERR12861904",1182506,1184259,"10",1753
"ERR12861904",1190107,1190742,"7",635
"ERR12861904",1199368,1200305,"6",937
"ERR12861904",1204094,1205367,"5",1273
"ERR12861904",1231385,1231879,"1",494
"ERR12861904",1236545,1237535,"6",990
"ERR12861904",1265202,1266250,"10",1048
"ERR12861904",1266251,1267101,"1",850
"ERR12861904",1277427,1280844,"7",3417
"ERR12861904",1306473,1307777,"6",1304
"ERR12861904",1311593,1312488,"6",895
"ERR12861904",1333671,1335047,"7",1376
"ERR12861904",1347422,1347982,"6",560
"ERR12861904",1347983,1353642,"7",5659
"ERR12861904",1368839,1372767,"6",3928
"ERR12861904",1374447,1375334,"1",887
"ERR12861904",1407274,1411599,"6",4325
"ERR12861904",1411600,1420348,"7",8748
"ERR12861904",1452618,1454879,"6",2261
"ERR12861904",1454880,1456633,"1",1753
"ERR12861904",1458157,1459312,"1",1155
"ERR12861904",1462206,1465559,"6",3353
"ERR12861904",1477876,1478089,"7",213
"ERR12861904",1498494,1501904,"7",3410
"ERR12861904",1503446,1506897,"6",3451
"ERR12861904",1511692,1513892,"5",2200
"ERR12861904",1541272,1543372,"7",2100
"ERR12861904",1550353,1552548,"7",2195
"ERR12861904",1559765,1566478,"7",6713
"ERR12861904",1566479,1575222,"6",8743
"ERR12861904",1575223,1575845,"5",622
"ERR12861904",1576591,1581216,"6",4625
"ERR12861904",1585098,1586946,"6",1848
"ERR12861904",1596830,1598021,"2",1191
"ERR12861904",1626430,1628054,"10",1624
"ERR12861904",1641889,1642261,"1",372
"ERR12861904",1656251,1656978,"7",727
"ERR12861904",1665107,1666489,"1",1382
"ERR12861904",1674864,1675927,"9",1063
"ERR12861904",1679571,1680240,"1",669
"ERR12861904",1710687,1715707,"7",5020
"ERR12861904",1749984,1751358,"5",1374
"ERR12861904",1751359,1758603,"7",7244
"ERR12861904",1777276,1780154,"10",2878
"ERR12861904",1780155,1781499,"1",1344
"ERR12861904",1781500,1784120,"7",2620
"ERR12861904",1784121,1785313,"6",1192
"ERR12861904",1785314,1786621,"10",1307
"ERR12861904",1786622,1788190,"7",1568
"ERR12861904",1794589,1796238,"7",1649
"ERR12861904",1796239,1797043,"6",804
"ERR12861904",1816308,1819113,"7",2805
"ERR12861904",1819114,1822485,"6",3371
"ERR12861904",1864255,1874573,"6",10318
"ERR12861904",1910937,1914423,"1",3486
"ERR12861904",1962176,1963929,"5",1753
"ERR12861904",1990522,1992054,"1",1532
"ERR12861904",2019459,2021227,"6",1768
"ERR12861904",2050011,2053274,"6",3263
"ERR12861904",2058809,2059745,"6",936
"ERR12861904",2059746,2061669,"5",1923
"ERR12861904",2062516,2063384,"5",868
"ERR12861904",2087816,2090069,"1",2253
"ERR12861904",2095180,2095762,"6",582
"ERR12861904",2095763,2099270,"7",3507
"ERR12861904",2129021,2130581,"6",1560
"ERR12861904",2132838,2136372,"7",3534
"ERR12861904",2136373,2139120,"6",2747
"ERR12861904",2151798,2154026,"7",2228
"ERR12861904",2173542,2174831,"10",1289
"ERR12861904",2180793,2184784,"5",3991
"ERR12861904",2201267,2203169,"1",1902
"ERR12861904",2296070,2298372,"5",2302
"ERR12861904",2303512,2304790,"5",1278
"ERR12861904",2304791,2312462,"7",7671
"ERR12861904",2314708,2319214,"6",4506
"ERR12861904",2358939,2362431,"7",3492
"ERR12861904",2375614,2376602,"7",988
"ERR12861904",2382229,2383169,"6",940
"ERR12861904",2391242,2391646,"6",404
"ERR12861904",2438752,2442035,"6",3283
"ERR12861904",2455252,2456396,"6",1144
"ERR12861904",2522547,2525830,"2",3283
"ERR12861904",2537872,2539183,"7",1311
"ERR12861904",2559906,2562148,"1",2242
"ERR12861904",2570337,2573449,"10",3112
"ERR12861904",2573450,2581793,"6",8343
"ERR12861904",2587903,2589347,"10",1444
"ERR12861904",2597171,2598785,"2",1614
"ERR12861904",2598786,2605232,"7",6446
"ERR12861904",2607391,2611563,"1",4172
"ERR12861904",2615735,2617710,"7",1975
"ERR12861904",2640719,2641778,"6",1059
"ERR12861904",2664302,2666190,"6",1888
"ERR12861904",2669331,2676067,"6",6736
"ERR12861904",2677717,2686227,"6",8510
"ERR12861904",2686228,2688453,"8",2225
"ERR12861904",2697044,2701367,"6",4323
"ERR12861904",2716733,2723636,"6",6903
"ERR12861904",2747677,2748281,"6",604
"ERR12861904",2764748,2766645,"7",1897
"ERR12861904",2788346,2792308,"1",3962
"ERR12861904",2796644,2802538,"6",5894
"ERR12861904",2814380,2814946,"5",566
"ERR12861904",2832879,2836966,"6",4087
"ERR12861904",2841561,2843259,"7",1698
"ERR12861904",2852463,2858871,"6",6408
"ERR12861904",2860532,2861630,"6",1098
"ERR12861904",2871324,2875216,"6",3892
"ERR12861904",2883327,2884129,"6",802
"ERR12861904",2902313,2903047,"6",734
"ERR12861904",2903048,2904460,"1",1412
"ERR12861904",2932306,2932661,"3",355
"ERR12861904",2959522,2960704,"1",1182
"ERR12861904",2960705,2961274,"6",569
"ERR12861904",2968491,2971160,"6",2669
"ERR12861904",2972556,2973880,"6",1324
"ERR12861904",2990099,2995081,"6",4982
"ERR12861904",2995082,2999389,"7",4307
"ERR12861904",3004561,3006935,"5",2374
"ERR12861904",3016406,3016758,"10",352
"ERR12861904",3027274,3027578,"1",304
"ERR12861904",3039265,3041482,"6",2217
"ERR12861904",3107905,3109608,"1",1703
"ERR12861904",3109609,3111682,"7",2073
"ERR12861904",3111683,3112767,"10",1084
"ERR12861904",3112768,3116178,"7",3410
"ERR12861904",3177686,3182656,"7",4970
"ERR12861904",3185913,3187778,"1",1865
"ERR12861904",3204619,3208154,"6",3535
"ERR12861904",3224799,3226339,"6",1540
"ERR12861904",3250623,3255001,"6",4378
"ERR12861904",3255002,3256687,"10",1685
"ERR12861904",3256688,3257729,"6",1041
"ERR12861904",3257730,3260647,"7",2917
"ERR12861904",3260648,3261733,"5",1085
"ERR12861904",3279289,3285911,"1",6622
"ERR12861904",3291114,3292417,"6",1303
"ERR12861904",3314712,3318466,"10",3754
"ERR12861904",3318467,3323894,"7",5427
"ERR12861904",3326870,3334471,"7",7601
"ERR12861904",3367189,3369277,"10",2088
"ERR12861904",3369278,3369807,"6",529
"ERR12861904",3396863,3398505,"7",1642
"ERR12861904",3400984,3402438,"10",1454
"ERR12861904",3422925,3425915,"7",2990
"ERR12861904",3429877,3431324,"10",1447
"ERR12861904",3438570,3439549,"7",979
"ERR12861904",3472124,3473054,"7",930
"ERR12861904",3477858,3478844,"5",986
"ERR12861904",3492560,3493284,"6",724
"ERR12861904",3503261,3504506,"6",1245
"ERR12861904",3519255,3520469,"6",1214
"ERR12861904",3521736,3523987,"7",2251
"ERR12861904",3540825,3541718,"10",893
"ERR12861904",3553694,3554779,"8",1085
"ERR12861904",3569698,3570329,"1",631
"ERR12861904",3570330,3570977,"7",647
"ERR12861904",3598400,3600233,"7",1833
"ERR12861904",3612776,3615645,"7",2869
"ERR12861904",3615646,3618046,"5",2400
"ERR12861904",3618047,3619088,"6",1041
"ERR12861904",3624509,3628593,"6",4084
"ERR12861904",3675318,3678463,"7",3145
"ERR12861904",3678464,3679331,"6",867
"ERR12861904",3686481,3687978,"1",1497
"ERR12861904",3700754,3704187,"6",3433
"ERR12861904",3707605,3709011,"6",1406
"ERR12861904",3709012,3710075,"10",1063
"ERR12861904",3724251,3724897,"1",646
"ERR12861904",3733056,3734146,"7",1090
"ERR12861904",3746469,3747825,"5",1356
"ERR12861904",3752248,3753711,"6",1463
"ERR12861904",3753712,3763253,"7",9541
"ERR12861904",3770533,3773110,"6",2577
"ERR12861904",3782702,3786270,"1",3568
"ERR12861904",3786271,3790755,"7",4484
"ERR12861904",3790756,3791821,"1",1065
"ERR12861904",3795233,3796498,"7",1265
"ERR12861904",3796499,3802585,"10",6086
"ERR12861904",3802586,3803948,"7",1362
"ERR12861904",3808583,3813637,"7",5054
"ERR12861904",3816809,3818455,"7",1646
"ERR12861904",3820701,3823011,"7",2310
"ERR12861904",3831527,3832581,"6",1054
"ERR12861904",3839813,3841086,"10",1273
"ERR12861904",3854321,3856018,"7",1697
"ERR12861904",3860989,3865709,"6",4720
"ERR12861904",3867691,3869758,"5",2067
"ERR12861904",3882435,3885137,"6",2702
"ERR12861904",3891136,3892412,"10",1276
"ERR12861904",3923001,3924503,"6",1502
"ERR12861904",3941233,3942419,"7",1186
"ERR12861904",3956155,3959979,"6",3824
"ERR12861904",3959980,3961591,"5",1611
"ERR12861904",3974815,3976683,"10",1868
"ERR12861904",3976684,3977344,"3",660
"ERR12861904",3977944,3978163,"6",219
"ERR12861904",3996150,3996734,"7",584
"ERR12861904",4004705,4005712,"6",1007
"ERR12861904",4021982,4022198,"8",216
"ERR12861904",4022199,4023447,"10",1248
"ERR12861904",4031088,4033695,"6",2607
"ERR12861904",4033696,4034774,"9",1078
"ERR12861904",4034775,4041003,"6",6228
"ERR12861904",4056442,4056894,"8",452
"ERR12861904",4098202,4099251,"3",1049
"ERR12861904",4099252,4103889,"6",4637
"ERR12861904",4115998,4117085,"6",1087
"ERR12861904",4188164,4188578,"3",414
"ERR12861904",4188579,4194131,"2",5552
"ERR12861904",4194132,4197664,"3",3532
"ERR12861540",14333,19195,"6",4862
"ERR12861540",34073,34921,"5",848
"ERR12861540",98547,100414,"9",1867
"ERR12861540",130392,133478,"10",3086
"ERR12861540",138097,139585,"10",1488
"ERR12861540",139586,145298,"4",5712
"ERR12861540",145299,148363,"6",3064
"ERR12861540",148364,150244,"8",1880
"ERR12861540",157332,158217,"4",885
"ERR12861540",171243,172492,"4",1249
"ERR12861540",173156,175332,"9",2176
"ERR12861540",195205,196483,"6",1278
"ERR12861540",198345,199859,"5",1514
"ERR12861540",235217,239068,"6",3851
"ERR12861540",259517,261084,"9",1567
"ERR12861540",261085,261264,"6",179
"ERR12861540",273017,274465,"4",1448
"ERR12861540",274466,275474,"5",1008
"ERR12861540",298888,301287,"6",2399
"ERR12861540",303152,305149,"6",1997
"ERR12861540",313291,314610,"4",1319
"ERR12861540",315667,317096,"6",1429
"ERR12861540",319633,321638,"4",2005
"ERR12861540",321639,321935,"9",296
"ERR12861540",327531,328714,"9",1183
"ERR12861540",340709,343582,"8",2873
"ERR12861540",344789,346387,"10",1598
"ERR12861540",348358,349948,"8",1590
"ERR12861540",349949,353429,"7",3480
"ERR12861540",354378,357104,"4",2726
"ERR12861540",357105,359304,"10",2199
"ERR12861540",364281,366219,"10",1938
"ERR12861540",366220,367630,"6",1410
"ERR12861540",369822,370287,"6",465
"ERR12861540",371488,371724,"6",236
"ERR12861540",371725,372648,"8",923
"ERR12861540",376322,378368,"10",2046
"ERR12861540",394885,398386,"6",3501
"ERR12861540",398387,400444,"10",2057
"ERR12861540",402800,403309,"3",509
"ERR12861540",403310,403728,"9",418
"ERR12861540",406653,408579,"4",1926
"ERR12861540",413943,414759,"8",816
"ERR12861540",421423,421832,"6",409
"ERR12861540",421833,424426,"10",2593
"ERR12861540",427943,429645,"6",1702
"ERR12861540",432198,434843,"7",2645
"ERR12861540",434844,436376,"8",1532
"ERR12861540",446371,448792,"4",2421
"ERR12861540",448793,451210,"10",2417
"ERR12861540",458110,458876,"10",766
"ERR12861540",464228,464624,"4",396
"ERR12861540",464625,465537,"7",912
"ERR12861540",496635,497062,"6",427
"ERR12861540",498249,499849,"7",1600
"ERR12861540",502444,503331,"10",887
"ERR12861540",508522,514017,"7",5495
"ERR12861540",526126,528288,"7",2162
"ERR12861540",540747,541981,"4",1234
"ERR12861540",556594,558095,"4",1501
"ERR12861540",558096,560607,"10",2511
"ERR12861540",584214,586414,"9",2200
"ERR12861540",597897,598865,"5",968
"ERR12861540",608533,609336,"10",803
"ERR12861540",609337,609853,"9",516
"ERR12861540",609854,611004,"6",1150
"ERR12861540",613594,614263,"10",669
"ERR12861540",623411,623992,"10",581
"ERR12861540",644656,645432,"7",776
"ERR12861540",647749,651061,"4",3312
"ERR12861540",660194,661475,"10",1281
"ERR12861540",661476,662672,"5",1196
"ERR12861540",670215,672626,"4",2411
"ERR12861540",682137,685308,"9",3171
"ERR12861540",685843,688316,"10",2473
"ERR12861540",702152,704169,"9",2017
"ERR12861540",704337,705526,"7",1189
"ERR12861540",714765,716176,"4",1411
"ERR12861540",717974,719558,"8",1584
"ERR12861540",719559,719873,"7",314
"ERR12861540",724546,725099,"4",553
"ERR12861540",732032,733792,"4",1760
"ERR12861540",737046,738740,"10",1694
"ERR12861540",739238,740487,"4",1249
"ERR12861540",746781,751993,"4",5212
"ERR12861540",753067,754508,"7",1441
"ERR12861540",754509,755759,"9",1250
"ERR12861540",755760,756635,"10",875
"ERR12861540",776120,776908,"8",788
"ERR12861540",781246,783143,"10",1897
"ERR12861540",792172,792806,"4",634
"ERR12861540",801619,803151,"4",1532
"ERR12861540",803152,804355,"6",1203
"ERR12861540",807951,809793,"5",1842
"ERR12861540",812279,813949,"4",1670
"ERR12861540",822151,824108,"9",1957
"ERR12861540",824109,825854,"4",1745
"ERR12861540",842127,842640,"5",513
"ERR12861540",863972,864467,"4",495
"ERR12861540",875307,877078,"6",1771
"ERR12861540",877079,880923,"10",3844
"ERR12861540",881433,882542,"6",1109
"ERR12861540",883503,885984,"6",2481
"ERR12861540",885985,891952,"9",5967
"ERR12861540",918591,919378,"9",787
"ERR12861540",924982,932075,"4",7093
"ERR12861540",932076,933459,"8",1383
"ERR12861540",941262,942601,"4",1339
"ERR12861540",964334,964978,"7",644
"ERR12861540",968343,969745,"4",1402
"ERR12861540",984379,987282,"4",2903
"ERR12861540",989152,990772,"4",1620
"ERR12861540",998417,1000251,"6",1834
"ERR12861540",1019008,1020890,"9",1882
"ERR12861540",1031324,1032415,"6",1091
"ERR12861540",1032416,1036471,"8",4055
"ERR12861540",1036472,1042034,"4",5562
"ERR12861540",1056250,1059873,"7",3623
"ERR12861540",1063524,1067521,"6",3997
"ERR12861540",1087880,1092136,"10",4256
"ERR12861540",1096160,1096787,"8",627
"ERR12861540",1096788,1097483,"10",695
"ERR12861540",1106483,1107152,"6",669
"ERR12861540",1127522,1138051,"7",10529
"ERR12861540",1138052,1138633,"5",581
"ERR12861540",1138634,1144634,"7",6000
"ERR12861540",1144635,1147469,"8",2834
"ERR12861540",1151128,1151870,"4",742
"ERR12861540",1168438,1171193,"4",2755
"ERR12861540",1173570,1174705,"6",1135
"ERR12861540",1183092,1184003,"10",911
"ERR12861540",1184324,1186183,"4",1859
"ERR12861540",1187913,1190636,"4",2723
"ERR12861540",1199201,1200171,"9",970
"ERR12861540",1214947,1216898,"8",1951
"ERR12861540",1216899,1227708,"10",10809
"ERR12861540",1238855,1240915,"4",2060
"ERR12861540",1240916,1245221,"10",4305
"ERR12861540",1246142,1249354,"10",3212
"ERR12861540",1249355,1252939,"7",3584
"ERR12861540",1264184,1264972,"9",788
"ERR12861540",1271534,1272887,"9",1353
"ERR12861540",1278211,1278992,"7",781
"ERR12861540",1283779,1288748,"6",4969
"ERR12861540",1317028,1317293,"6",265
"ERR12861540",1326526,1329039,"4",2513
"ERR12861540",1329040,1330622,"6",1582
"ERR12861540",1334521,1337774,"7",3253
"ERR12861540",1337775,1343547,"4",5772
"ERR12861540",1375875,1377066,"4",1191
"ERR12861540",1386851,1388227,"6",1376
"ERR12861540",1388228,1389838,"10",1610
"ERR12861540",1398378,1400831,"4",2453
"ERR12861540",1401475,1403224,"4",1749
"ERR12861540",1405235,1405901,"7",666
"ERR12861540",1405902,1406253,"4",351
"ERR12861540",1406254,1407015,"3",761
"ERR12861540",1407016,1409139,"4",2123
"ERR12861540",1418923,1420234,"7",1311
"ERR12861540",1453034,1453838,"8",804
"ERR12861540",1453839,1456055,"4",2216
"ERR12861540",1460802,1462110,"10",1308
"ERR12861540",1470225,1470998,"6",773
"ERR12861540",1476418,1478736,"9",2318
"ERR12861540",1478737,1480380,"10",1643
"ERR12861540",1486836,1489481,"7",2645
"ERR12861540",1500396,1501558,"6",1162
"ERR12861540",1501559,1504971,"4",3412
"ERR12861540",1507247,1508348,"7",1101
"ERR12861540",1515657,1516660,"4",1003
"ERR12861540",1518543,1521560,"10",3017
"ERR12861540",1528340,1529677,"5",1337
"ERR12861540",1532780,1535843,"4",3063
"ERR12861540",1535844,1540922,"6",5078
"ERR12861540",1540923,1542634,"10",1711
"ERR12861540",1548380,1549642,"4",1262
"ERR12861540",1569450,1571448,"6",1998
"ERR12861540",1577242,1578684,"6",1442
"ERR12861540",1598202,1601439,"10",3237
"ERR12861540",1601440,1604163,"6",2723
"ERR12861540",1629704,1630965,"6",1261
"ERR12861540",1642591,1643951,"4",1360
"ERR12861540",1645481,1646986,"10",1505
"ERR12861540",1651160,1653524,"5",2364
"ERR12861540",1679451,1680857,"6",1406
"ERR12861540",1700989,1702177,"7",1188
"ERR12861540",1709528,1711365,"10",1837
"ERR12861540",1711366,1713901,"7",2535
"ERR12861540",1715515,1716841,"6",1326
"ERR12861540",1716842,1717881,"10",1039
"ERR12861540",1734217,1735609,"10",1392
"ERR12861540",1735610,1736532,"4",922
"ERR12861540",1736533,1739516,"7",2983
"ERR12861540",1748139,1750055,"7",1916
"ERR12861540",1750056,1751784,"5",1728
"ERR12861540",1760631,1761469,"4",838
"ERR12861540",1769127,1771298,"8",2171
"ERR12861540",1771299,1772934,"4",1635
"ERR12861540",1772935,1774700,"10",1765
"ERR12861540",1774701,1776032,"4",1331
"ERR12861540",1776033,1778361,"5",2328
"ERR12861540",1779826,1781499,"4",1673
"ERR12861540",1783397,1784182,"3",785
"ERR12861540",1795028,1796118,"7",1090
"ERR12861540",1799854,1802435,"9",2581
"ERR12861540",1809228,1809821,"6",593
"ERR12861540",1815745,1816984,"9",1239
"ERR12861540",1820707,1823069,"6",2362
"ERR12861540",1823070,1826838,"7",3768
"ERR12861540",1826839,1830233,"10",3394
"ERR12861540",1830234,1831423,"4",1189
"ERR12861540",1863466,1864763,"6",1297
"ERR12861540",1870558,1871464,"9",906
"ERR12861540",1874408,1876285,"8",1877
"ERR12861540",1876286,1883356,"9",7070
"ERR12861540",1883357,1885494,"4",2137
"ERR12861540",1892752,1893825,"9",1073
"ERR12861540",1899646,1900893,"9",1247
"ERR12861540",1939506,1941515,"8",2009
"ERR12861540",1946313,1947777,"2",1464
"ERR12861540",1956017,1958230,"4",2213
"ERR12861540",2001844,2002262,"5",418
"ERR12861540",2010884,2011310,"7",426
"ERR12861540",2011311,2012313,"4",1002
"ERR12861540",2014286,2017231,"10",2945
"ERR12861540",2021833,2023805,"4",1972
"ERR12861540",2033568,2035378,"8",1810
"ERR12861540",2043678,2046355,"6",2677
"ERR12861540",2049722,2053274,"10",3552
"ERR12861540",2053275,2055192,"5",1917
"ERR12861540",2058809,2061669,"5",2860
"ERR12861540",2064535,2067637,"10",3102
"ERR12861540",2075200,2075703,"5",503
"ERR12861540",2108985,2109923,"9",938
"ERR12861540",2109924,2110253,"4",329
"ERR12861540",2112866,2113492,"6",626
"ERR12861540",2114267,2115821,"6",1554
"ERR12861540",2126632,2127479,"4",847
"ERR12861540",2147026,2161117,"6",14091
"ERR12861540",2211774,2215822,"4",4048
"ERR12861540",2215823,2217815,"10",1992
"ERR12861540",2217816,2220459,"4",2643
"ERR12861540",2220460,2223092,"9",2632
"ERR12861540",2223093,2226056,"6",2963
"ERR12861540",2235989,2239340,"4",3351
"ERR12861540",2239341,2246252,"7",6911
"ERR12861540",2246253,2247935,"4",1682
"ERR12861540",2280773,2281124,"6",351
"ERR12861540",2307064,2307921,"7",857
"ERR12861540",2307922,2309362,"8",1440
"ERR12861540",2310510,2312598,"5",2088
"ERR12861540",2312599,2314707,"4",2108
"ERR12861540",2327485,2329375,"6",1890
"ERR12861540",2336928,2339592,"5",2664
"ERR12861540",2339593,2341093,"8",1500
"ERR12861540",2341094,2342577,"10",1483
"ERR12861540",2342578,2347192,"4",4614
"ERR12861540",2347193,2351377,"6",4184
"ERR12861540",2354331,2359960,"4",5629
"ERR12861540",2370691,2373382,"7",2691
"ERR12861540",2381750,2383536,"5",1786
"ERR12861540",2386974,2395135,"6",8161
"ERR12861540",2395136,2396225,"10",1089
"ERR12861540",2405511,2408002,"10",2491
"ERR12861540",2408003,2414361,"4",6358
"ERR12861540",2414362,2415658,"10",1296
"ERR12861540",2439473,2442035,"7",2562
"ERR12861540",2446907,2447834,"6",927
"ERR12861540",2455215,2456356,"7",1141
"ERR12861540",2461830,2463274,"4",1444
"ERR12861540",2466935,2470513,"8",3578
"ERR12861540",2473927,2474594,"10",667
"ERR12861540",2474595,2477279,"4",2684
"ERR12861540",2477280,2478540,"8",1260
"ERR12861540",2480778,2481475,"7",697
"ERR12861540",2483652,2487090,"7",3438
"ERR12861540",2502978,2504208,"4",1230
"ERR12861540",2513459,2513853,"7",394
"ERR12861540",2513854,2515479,"6",1625
"ERR12861540",2526679,2530221,"6",3542
"ERR12861540",2538321,2538977,"10",656
"ERR12861540",2538978,2540559,"5",1581
"ERR12861540",2570767,2571793,"6",1026
"ERR12861540",2593540,2595292,"6",1752
"ERR12861540",2614000,2618031,"10",4031
"ERR12861540",2621630,2622699,"3",1069
"ERR12861540",2622700,2623428,"2",728
"ERR12861540",2628476,2632596,"4",4120
"ERR12861540",2638792,2640099,"4",1307
"ERR12861540",2642278,2644887,"8",2609
"ERR12861540",2644888,2648372,"9",3484
"ERR12861540",2684256,2685688,"5",1432
"ERR12861540",2686228,2687628,"8",1400
"ERR12861540",2696790,2698180,"5",1390
"ERR12861540",2700666,2700929,"5",263
"ERR12861540",2729809,2738575,"7",8766
"ERR12861540",2738576,2744508,"8",5932
"ERR12861540",2744564,2748186,"10",3622
"ERR12861540",2764359,2767505,"7",3146
"ERR12861540",2770883,2774842,"4",3959
"ERR12861540",2779523,2781050,"7",1527
"ERR12861540",2783244,2786793,"4",3549
"ERR12861540",2833591,2835811,"6",2220
"ERR12861540",2835812,2837237,"4",1425
"ERR12861540",2843216,2848170,"5",4954
"ERR12861540",2848171,2850281,"8",2110
"ERR12861540",2864290,2865759,"4",1469
"ERR12861540",2869886,2874003,"6",4117
"ERR12861540",2876640,2877742,"4",1102
"ERR12861540",2894432,2897068,"8",2636
"ERR12861540",2897069,2904460,"9",7391
"ERR12861540",2911862,2913182,"6",1320
"ERR12861540",2956491,2957607,"4",1116
"ERR12861540",2980143,2981675,"4",1532
"ERR12861540",2995235,2997846,"6",2611
"ERR12861540",3005768,3007722,"7",1954
"ERR12861540",3010891,3013651,"8",2760
"ERR12861540",3013652,3013995,"2",343
"ERR12861540",3030978,3032943,"6",1965
"ERR12861540",3045647,3046679,"6",1032
"ERR12861540",3059626,3061857,"8",2231
"ERR12861540",3061858,3062869,"2",1011
"ERR12861540",3082144,3084483,"9",2339
"ERR12861540",3104677,3111173,"9",6496
"ERR12861540",3111174,3113884,"4",2710
"ERR12861540",3148443,3149398,"10",955
"ERR12861540",3170549,3171903,"9",1354
"ERR12861540",3176207,3176833,"8",626
"ERR12861540",3195065,3195642,"9",577
"ERR12861540",3203956,3204705,"10",749
"ERR12861540",3204706,3208154,"9",3448
"ERR12861540",3218323,3222971,"3",4648
"ERR12861540",3222972,3230394,"4",7422
"ERR12861540",3238310,3247630,"4",9320
"ERR12861540",3250687,3251991,"8",1304
"ERR12861540",3252122,3255001,"6",2879
"ERR12861540",3281156,3282534,"2",1378
"ERR12861540",3311942,3313217,"4",1275
"ERR12861540",3328414,3335053,"10",6639
"ERR12861540",3358515,3359687,"9",1172
"ERR12861540",3359688,3361438,"10",1750
"ERR12861540",3361439,3363241,"8",1802
"ERR12861540",3363242,3364494,"5",1252
"ERR12861540",3368132,3370015,"5",1883
"ERR12861540",3370016,3370906,"4",890
"ERR12861540",3386563,3388025,"4",1462
"ERR12861540",3435598,3437800,"4",2202
"ERR12861540",3441885,3442645,"6",760
"ERR12861540",3468151,3469308,"10",1157
"ERR12861540",3479190,3484121,"4",4931
"ERR12861540",3484713,3486761,"7",2048
"ERR12861540",3494055,3495368,"4",1313
"ERR12861540",3503261,3505429,"9",2168
"ERR12861540",3505430,3505713,"8",283
"ERR12861540",3505714,3506857,"5",1143
"ERR12861540",3506858,3510188,"10",3330
"ERR12861540",3521736,3524231,"8",2495
"ERR12861540",3526759,3528236,"9",1477
"ERR12861540",3557861,3558029,"8",168
"ERR12861540",3560488,3561292,"9",804
"ERR12861540",3579715,3581743,"7",2028
"ERR12861540",3582625,3583105,"7",480
"ERR12861540",3583159,3586039,"4",2880
"ERR12861540",3586040,3588233,"3",2193
"ERR12861540",3604889,3610417,"4",5528
"ERR12861540",3618293,3619650,"7",1357
"ERR12861540",3625152,3625271,"3",119
"ERR12861540",3625272,3627152,"6",1880
"ERR12861540",3631694,3632193,"10",499
"ERR12861540",3632194,3632710,"8",516
"ERR12861540",3637718,3638689,"10",971
"ERR12861540",3638690,3639990,"7",1300
"ERR12861540",3648156,3649901,"6",1745
"ERR12861540",3662416,3664964,"7",2548
"ERR12861540",3675970,3676822,"7",852
"ERR12861540",3680021,3682321,"6",2300
"ERR12861540",3682322,3683619,"4",1297
"ERR12861540",3690166,3690783,"6",617
"ERR12861540",3702618,3704328,"6",1710
"ERR12861540",3706207,3709595,"6",3388
"ERR12861540",3771971,3775470,"7",3499
"ERR12861540",3784191,3788198,"9",4007
"ERR12861540",3794834,3795232,"9",398
"ERR12861540",3795233,3797968,"10",2735
"ERR12861540",3805348,3805902,"10",554
"ERR12861540",3821878,3822944,"7",1066
"ERR12861540",3835137,3837209,"4",2072
"ERR12861540",3844463,3845665,"8",1202
"ERR12861540",3845666,3849815,"4",4149
"ERR12861540",3858514,3859451,"9",937
"ERR12861540",3863144,3864791,"6",1647
"ERR12861540",3868582,3870855,"5",2273
"ERR12861540",3878253,3879129,"6",876
"ERR12861540",3881865,3883322,"6",1457
"ERR12861540",3898933,3900946,"4",2013
"ERR12861540",3903332,3904238,"2",906
"ERR12861540",3913093,3919017,"4",5924
"ERR12861540",3922387,3924108,"7",1721
"ERR12861540",3942870,3946081,"6",3211
"ERR12861540",3978284,3979126,"6",842
"ERR12861540",3987894,3990143,"4",2249
"ERR12861540",3990144,3991857,"6",1713
"ERR12861540",3991858,3993598,"7",1740
"ERR12861540",3993599,3995072,"10",1473
"ERR12861540",3995073,3997470,"6",2397
"ERR12861540",4006056,4006891,"6",835
"ERR12861540",4024233,4029016,"6",4783
"ERR12861540",4030286,4033695,"6",3409
"ERR12861540",4034923,4036339,"6",1416
"ERR12861540",4038074,4040874,"6",2800
"ERR12861540",4042048,4046260,"6",4212
"ERR12861540",4052960,4053568,"8",608
"ERR12861540",4053569,4053654,"4",85
"ERR12861540",4053655,4053808,"6",153
"ERR12861540",4067209,4071661,"4",4452
"ERR12861540",4082974,4084998,"7",2024
"ERR12861540",4084999,4091028,"6",6029
"ERR12861540",4094498,4104625,"6",10127
"ERR12861540",4108535,4114363,"6",5828
"ERR12861540",4114364,4115740,"4",1376
"ERR12861540",4115741,4118423,"6",2682
"ERR12861540",4118424,4119242,"10",818
"ERR12861540",4124419,4127931,"4",3512
"SRR7800586",49900,51457,"4",1557
"SRR7800586",51458,52829,"6",1371
"SRR7800586",111032,111908,"4",876
"SRR7800586",167097,167775,"4",678
"SRR7800586",274178,275474,"6",1296
"SRR7800586",336531,337762,"10",1231
"SRR7800586",379474,380278,"10",804
"SRR7800586",395529,396551,"10",1022
"SRR7800586",422693,423858,"4",1165
"SRR7800586",484519,485017,"5",498
"SRR7800586",542618,544492,"4",1874
"SRR7800586",686288,693450,"4",7162
"SRR7800586",749029,750974,"5",1945
"SRR7800586",753608,754296,"1",688
"SRR7800586",857654,860394,"4",2740
"SRR7800586",860395,861561,"10",1166
"SRR7800586",890077,895480,"4",5403
"SRR7800586",895481,896666,"5",1185
"SRR7800586",985222,986096,"4",874
"SRR7800586",995721,996923,"9",1202
"SRR7800586",1048311,1048852,"6",541
"SRR7800586",1048853,1049998,"2",1145
"SRR7800586",1049999,1052338,"4",2339
"SRR7800586",1077096,1078119,"10",1023
"SRR7800586",1125721,1126387,"4",666
"SRR7800586",1135229,1136028,"6",799
"SRR7800586",1204094,1205367,"5",1273
"SRR7800586",1266413,1268117,"4",1704
"SRR7800586",1324765,1329584,"4",4819
"SRR7800586",1344444,1345450,"4",1006
"SRR7800586",1345451,1346507,"10",1056
"SRR7800586",1348612,1352850,"4",4238
"SRR7800586",1377067,1379559,"4",2492
"SRR7800586",1468474,1471137,"10",2663
"SRR7800586",1471655,1472329,"1",674
"SRR7800586",1481187,1482158,"6",971
"SRR7800586",1496907,1498493,"9",1586
"SRR7800586",1502115,1502771,"10",656
"SRR7800586",1541561,1546773,"4",5212
"SRR7800586",1575070,1575902,"6",832
"SRR7800586",1575903,1576432,"5",529
"SRR7800586",1594739,1597574,"4",2835
"SRR7800586",1615735,1621330,"6",5595
"SRR7800586",1648763,1649745,"4",982
"SRR7800586",1654866,1655848,"4",982
"SRR7800586",1680504,1681021,"10",517
"SRR7800586",1742900,1744303,"4",1403
"SRR7800586",1744304,1746219,"8",1915
"SRR7800586",1870309,1874034,"4",3725
"SRR7800586",1874035,1874280,"10",245
"SRR7800586",1903369,1903770,"10",401
"SRR7800586",1925432,1929338,"10",3906
"SRR7800586",1970715,1971816,"6",1101
"SRR7800586",2073595,2074813,"4",1218
"SRR7800586",2083749,2086606,"10",2857
"SRR7800586",2124009,2125444,"4",1435
"SRR7800586",2186316,2187416,"6",1100
"SRR7800586",2187417,2189623,"4",2206
"SRR7800586",2196402,2199271,"4",2869
"SRR7800586",2199272,2200516,"6",1244
"SRR7800586",2225191,2226302,"4",1111
"SRR7800586",2236181,2238705,"4",2524
"SRR7800586",2252283,2253693,"4",1410
"SRR7800586",2256804,2258171,"4",1367
"SRR7800586",2268046,2272775,"4",4729
"SRR7800586",2376891,2391059,"4",14168
"SRR7800586",2391060,2391427,"8",367
"SRR7800586",2466250,2467985,"4",1735
"SRR7800586",2492741,2497129,"4",4388
"SRR7800586",2497130,2500194,"6",3064
"SRR7800586",2500195,2511933,"4",11738
"SRR7800586",2580676,2581522,"6",846
"SRR7800586",2646303,2647196,"3",893
"SRR7800586",2647197,2648532,"4",1335
"SRR7800586",2661490,2662675,"4",1185
"SRR7800586",2664343,2665739,"3",1396
"SRR7800586",2698181,2698668,"10",487
"SRR7800586",2716295,2716956,"6",661
"SRR7800586",2818180,2819262,"4",1082
"SRR7800586",2843505,2844354,"6",849
"SRR7800586",2852259,2854161,"4",1902
"SRR7800586",2872580,2874003,"2",1423
"SRR7800586",2938827,2942329,"1",3502
"SRR7800586",2965455,2968692,"4",3237
"SRR7800586",2969355,2970071,"6",716
"SRR7800586",3003037,3004192,"6",1155
"SRR7800586",3111113,3113184,"9",2071
"SRR7800586",3155017,3155372,"4",355
"SRR7800586",3216977,3222971,"10",5994
"SRR7800586",3257023,3257633,"6",610
"SRR7800586",3415501,3419778,"4",4277
"SRR7800586",3419779,3420041,"3",262
"SRR7800586",3427526,3429258,"4",1732
"SRR7800586",3429259,3429559,"3",300
"SRR7800586",3447941,3449131,"4",1190
"SRR7800586",3499774,3499902,"2",128
"SRR7800586",3499903,3500665,"10",762
"SRR7800586",3503924,3504506,"9",582
"SRR7800586",3612285,3612775,"1",490
"SRR7800586",3645409,3648106,"10",2697
"SRR7800586",3659485,3660671,"4",1186
"SRR7800586",3707605,3709166,"6",1561
"SRR7800586",3893662,3894120,"4",458
"SRR7800586",3916909,3918964,"1",2055
"SRR7800586",3941527,3942419,"8",892
"SRR7800586",4004454,4005052,"10",598
"SRR7800586",4005053,4005654,"5",601
"SRR7800586",4212118,4220223,"5",8105
"SRR7800586",4226236,4229519,"10",3283
"ERR12861612",3151985,3152665,"3",680
"ERR12861612",12261,14913,"5",2652
"ERR12861612",14914,20731,"10",5817
"ERR12861612",72447,77224,"5",4777
"ERR12861612",93088,94586,"3",1498
"ERR12861612",109127,110185,"3",1058
"ERR12861612",134841,136525,"5",1684
"ERR12861612",136526,140161,"8",3635
"ERR12861612",157332,158217,"3",885
"ERR12861612",162240,163632,"5",1392
"ERR12861612",170455,171171,"7",716
"ERR12861612",203481,204473,"10",992
"ERR12861612",204474,204926,"1",452
"ERR12861612",214114,214948,"5",834
"ERR12861612",227109,228181,"5",1072
"ERR12861612",233837,235459,"10",1622
"ERR12861612",250574,252338,"6",1764
"ERR12861612",304387,305265,"3",878
"ERR12861612",306359,307085,"6",726
"ERR12861612",374295,375033,"10",738
"ERR12861612",403999,404738,"3",739
"ERR12861612",418683,420272,"6",1589
"ERR12861612",455852,456472,"6",620
"ERR12861612",547979,548513,"5",534
"ERR12861612",549300,550212,"10",912
"ERR12861612",557656,560493,"5",2837
"ERR12861612",582866,583490,"5",624
"ERR12861612",613706,614455,"3",749
"ERR12861612",642479,643300,"10",821
"ERR12861612",648928,649241,"3",313
"ERR12861612",649242,650030,"10",788
"ERR12861612",650346,651061,"10",715
"ERR12861612",654183,657997,"8",3814
"ERR12861612",667950,668491,"5",541
"ERR12861612",668492,669530,"3",1038
"ERR12861612",671766,675373,"1",3607
"ERR12861612",675374,677068,"3",1694
"ERR12861612",677069,678909,"5",1840
"ERR12861612",680277,681128,"5",851
"ERR12861612",703543,705737,"10",2194
"ERR12861612",706228,707985,"7",1757
"ERR12861612",707986,709320,"2",1334
"ERR12861612",711919,714399,"7",2480
"ERR12861612",749029,750164,"3",1135
"ERR12861612",761767,762447,"1",680
"ERR12861612",778059,778970,"5",911
"ERR12861612",778971,782343,"6",3372
"ERR12861612",810141,811452,"6",1311
"ERR12861612",824271,824855,"2",584
"ERR12861612",853282,854095,"3",813
"ERR12861612",854096,855408,"10",1312
"ERR12861612",869146,870267,"5",1121
"ERR12861612",908107,909661,"6",1554
"ERR12861612",915510,916450,"5",940
"ERR12861612",925709,929235,"7",3526
"ERR12861612",993654,994830,"3",1176
"ERR12861612",998323,999529,"5",1206
"ERR12861612",1007319,1008112,"7",793
"ERR12861612",1044776,1045281,"4",505
"ERR12861612",1061290,1063927,"10",2637
"ERR12861612",1063928,1065172,"6",1244
"ERR12861612",1068335,1069129,"5",794
"ERR12861612",1069884,1070906,"6",1022
"ERR12861612",1070907,1071788,"8",881
"ERR12861612",1074082,1076087,"6",2005
"ERR12861612",1086158,1087059,"10",901
"ERR12861612",1095095,1095795,"10",700
"ERR12861612",1096788,1098274,"6",1486
"ERR12861612",1113349,1114604,"4",1255
"ERR12861612",1126638,1127847,"1",1209
"ERR12861612",1144312,1153558,"8",9246
"ERR12861612",1163975,1168246,"8",4271
"ERR12861612",1168247,1170671,"10",2424
"ERR12861612",1252540,1254827,"2",2287
"ERR12861612",1258357,1259618,"6",1261
"ERR12861612",1266294,1267101,"5",807
"ERR12861612",1276786,1277908,"4",1122
"ERR12861612",1315490,1317170,"10",1680
"ERR12861612",1346592,1348462,"6",1870
"ERR12861612",1348463,1350285,"3",1822
"ERR12861612",1355033,1356406,"6",1373
"ERR12861612",1365729,1368166,"1",2437
"ERR12861612",1374447,1377025,"10",2578
"ERR12861612",1378126,1379478,"5",1352
"ERR12861612",1383977,1384932,"6",955
"ERR12861612",1394025,1394999,"6",974
"ERR12861612",1411600,1413280,"3",1680
"ERR12861612",1464106,1468237,"5",4131
"ERR12861612",1494251,1494986,"6",735
"ERR12861612",1502718,1503573,"3",855
"ERR12861612",1510092,1515039,"10",4947
"ERR12861612",1520506,1521560,"3",1054
"ERR12861612",1523726,1526530,"6",2804
"ERR12861612",1534210,1534782,"5",572
"ERR12861612",1542175,1542966,"3",791
"ERR12861612",1552169,1553238,"8",1069
"ERR12861612",1553239,1553665,"7",426
"ERR12861612",1571068,1573550,"10",2482
"ERR12861612",1586175,1586720,"10",545
"ERR12861612",1586721,1588439,"6",1718
"ERR12861612",1613604,1614008,"3",404
"ERR12861612",1614009,1615304,"6",1295
"ERR12861612",1626564,1627436,"8",872
"ERR12861612",1627437,1628388,"2",951
"ERR12861612",1633155,1634339,"8",1184
"ERR12861612",1634340,1635142,"6",802
"ERR12861612",1639794,1642374,"10",2580
"ERR12861612",1651090,1652941,"6",1851
"ERR12861612",1657476,1659120,"1",1644
"ERR12861612",1716991,1717939,"5",948
"ERR12861612",1729137,1731415,"3",2278
"ERR12861612",1768965,1771774,"8",2809
"ERR12861612",1778502,1779696,"3",1194
"ERR12861612",1823875,1824514,"6",639
"ERR12861612",1848174,1848995,"5",821
"ERR12861612",1853476,1854782,"6",1306
"ERR12861612",1864188,1864763,"6",575
"ERR12861612",1884772,1886680,"5",1908
"ERR12861612",1896674,1897425,"5",751
"ERR12861612",1922108,1924476,"3",2368
"ERR12861612",1924477,1929377,"5",4900
"ERR12861612",1956054,1958347,"5",2293
"ERR12861612",1980670,1981995,"7",1325
"ERR12861612",1988187,1990556,"10",2369
"ERR12861612",1990557,1992192,"5",1635
"ERR12861612",1994511,1995968,"5",1457
"ERR12861612",1999506,2000963,"10",1457
"ERR12861612",2020132,2021832,"3",1700
"ERR12861612",2051188,2053274,"6",2086
"ERR12861612",2065561,2066517,"10",956
"ERR12861612",2116129,2117112,"5",983
"ERR12861612",2139929,2148749,"5",8820
"ERR12861612",2158894,2160392,"1",1498
"ERR12861612",2160393,2163245,"5",2852
"ERR12861612",2208024,2209560,"3",1536
"ERR12861612",2230666,2232095,"2",1429
"ERR12861612",2297553,2298176,"6",623
"ERR12861612",2328531,2330336,"3",1805
"ERR12861612",2347979,2348988,"3",1009
"ERR12861612",2411187,2412566,"10",1379
"ERR12861612",2446907,2447721,"6",814
"ERR12861612",2504857,2505855,"5",998
"ERR12861612",2526679,2528057,"5",1378
"ERR12861612",2530622,2531941,"2",1319
"ERR12861612",2544592,2546526,"3",1934
"ERR12861612",2546527,2547106,"5",579
"ERR12861612",2551646,2553029,"6",1383
"ERR12861612",2565520,2567772,"10",2252
"ERR12861612",2571794,2573666,"5",1872
"ERR12861612",2574399,2574987,"3",588
"ERR12861612",2633610,2634476,"5",866
"ERR12861612",2676261,2677716,"10",1455
"ERR12861612",2707697,2708712,"5",1015
"ERR12861612",2753044,2755008,"6",1964
"ERR12861612",2767387,2768646,"3",1259
"ERR12861612",2772926,2774720,"6",1794
"ERR12861612",2790477,2791058,"10",581
"ERR12861612",2812711,2814236,"3",1525
"ERR12861612",2814237,2815049,"10",812
"ERR12861612",2823195,2824313,"6",1118
"ERR12861612",2824314,2825297,"3",983
"ERR12861612",2838382,2843110,"10",4728
"ERR12861612",2872325,2873509,"2",1184
"ERR12861612",2884623,2885934,"4",1311
"ERR12861612",2928604,2929785,"5",1181
"ERR12861612",2935798,2936989,"3",1191
"ERR12861612",2943759,2946550,"10",2791
"ERR12861612",2977018,2981675,"10",4657
"ERR12861612",3004582,3007370,"3",2788
"ERR12861612",3036062,3036595,"10",533
"ERR12861612",3048968,3051441,"4",2473
"ERR12861612",3139466,3140073,"6",607
"ERR12861612",3144434,3145060,"10",626
"ERR12861612",3218303,3219401,"4",1098
"ERR12861612",3219402,3219799,"3",397
"ERR12861612",3219800,3220685,"8",885
"ERR12861612",3220686,3221298,"6",612
"ERR12861612",3252866,3254184,"6",1318
"ERR12861612",3258066,3260595,"6",2529
"ERR12861612",3294511,3295563,"6",1052
"ERR12861612",3297268,3300669,"10",3401
"ERR12861612",3315647,3316845,"5",1198
"ERR12861612",3326560,3330069,"5",3509
"ERR12861612",3333197,3335731,"5",2534
"ERR12861612",3444302,3445521,"7",1219
"ERR12861612",3473380,3476238,"5",2858
"ERR12861612",3502417,3502960,"4",543
"ERR12861612",3520557,3521783,"6",1226
"ERR12861612",3521784,3523200,"8",1416
"ERR12861612",3558972,3559966,"5",994
"ERR12861612",3562389,3565351,"10",2962
"ERR12861612",3581796,3582532,"7",736
"ERR12861612",3592057,3602874,"8",10817
"ERR12861612",3609354,3610749,"5",1395
"ERR12861612",3614530,3615244,"6",714
"ERR12861612",3625256,3627095,"6",1839
"ERR12861612",3639373,3640311,"5",938
"ERR12861612",3641899,3643659,"6",1760
"ERR12861612",3643660,3644818,"8",1158
"ERR12861612",3644819,3645019,"7",200
"ERR12861612",3692781,3693307,"3",526
"ERR12861612",3712788,3721199,"4",8411
"ERR12861612",3725343,3727201,"6",1858
"ERR12861612",3746413,3747427,"5",1014
"ERR12861612",3750782,3751458,"6",676
"ERR12861612",3772234,3773581,"5",1347
"ERR12861612",3776404,3776927,"5",523
"ERR12861612",3778406,3778959,"5",553
"ERR12861612",3784012,3786270,"10",2258
"ERR12861612",3803203,3806054,"8",2851
"ERR12861612",3806055,3807757,"10",1702
"ERR12861612",3820128,3822048,"5",1920
"ERR12861612",3823391,3824534,"3",1143
"ERR12861612",3857869,3858356,"5",487
"ERR12861612",3939808,3942121,"5",2313
"ERR12861612",3945083,3945176,"7",93
"ERR12861612",3945177,3948177,"3",3000
"ERR12861612",3960395,3961626,"5",1231
"ERR12861612",3968952,3970437,"5",1485
"ERR12861612",3975781,3976801,"8",1020
"ERR12861612",3976802,3978132,"3",1330
"ERR12861612",3980215,3981276,"3",1061
"ERR12861612",3993599,3996672,"3",3073
"ERR12861612",3997027,3999702,"5",2675
"ERR12861612",4008513,4009229,"3",716
"ERR12861612",4021914,4023759,"3",1845
"ERR12861612",4027963,4028959,"10",996
"ERR12861612",4032594,4033615,"6",1021
"ERR12861612",4042119,4043076,"6",957
"ERR12861612",4044267,4046230,"7",1963
"ERR12861612",4059835,4060584,"1",749
"ERR12861612",4117290,4118354,"10",1064
"ERR12861612",4123197,4123505,"5",308
"ERR12861612",4125278,4125879,"7",601
"ERR12861612",4135385,4137389,"6",2004
"ERR12861612",4145225,4148599,"3",3374
"ERR12861505",74571,77224,"8",2653
"ERR12861505",86156,89477,"10",3321
"ERR12861505",93287,97627,"4",4340
"ERR12861505",99222,99911,"4",689
"ERR12861505",119810,122553,"8",2743
"ERR12861505",124932,128500,"9",3568
"ERR12861505",142973,146429,"10",3456
"ERR12861505",148640,149098,"8",458
"ERR12861505",220158,224957,"4",4799
"ERR12861505",253012,254695,"8",1683
"ERR12861505",255636,257769,"3",2133
"ERR12861505",257770,261264,"9",3494
"ERR12861505",298888,301097,"6",2209
"ERR12861505",313014,313764,"4",750
"ERR12861505",321686,324313,"10",2627
"ERR12861505",340709,341538,"8",829
"ERR12861505",346745,349304,"8",2559
"ERR12861505",359639,360962,"8",1323
"ERR12861505",363075,364398,"7",1323
"ERR12861505",364399,366508,"10",2109
"ERR12861505",375103,375581,"8",478
"ERR12861505",380529,381656,"7",1127
"ERR12861505",402632,403649,"9",1017
"ERR12861505",420861,421052,"6",191
"ERR12861505",426583,427326,"8",743
"ERR12861505",445722,448792,"4",3070
"ERR12861505",448793,451621,"10",2828
"ERR12861505",453829,455818,"9",1989
"ERR12861505",462346,463174,"10",828
"ERR12861505",517398,518591,"5",1193
"ERR12861505",518592,520646,"10",2054
"ERR12861505",558157,560607,"10",2450
"ERR12861505",563205,564506,"5",1301
"ERR12861505",568545,569124,"10",579
"ERR12861505",583871,584668,"10",797
"ERR12861505",600112,601204,"10",1092
"ERR12861505",607036,609261,"6",2225
"ERR12861505",609262,613480,"9",4218
"ERR12861505",613481,617787,"10",4306
"ERR12861505",640803,644583,"10",3780
"ERR12861505",647514,651659,"10",4145
"ERR12861505",651660,656236,"4",4576
"ERR12861505",656237,659374,"8",3137
"ERR12861505",682137,685842,"9",3705
"ERR12861505",685843,688316,"10",2473
"ERR12861505",712349,714252,"7",1903
"ERR12861505",718378,719606,"8",1228
"ERR12861505",735245,740133,"5",4888
"ERR12861505",756312,758776,"10",2464
"ERR12861505",758777,765039,"6",6262
"ERR12861505",769447,770396,"4",949
"ERR12861505",772745,773525,"9",780
"ERR12861505",776120,776775,"8",655
"ERR12861505",824421,824855,"5",434
"ERR12861505",859189,860325,"9",1136
"ERR12861505",861359,863745,"7",2386
"ERR12861505",879215,880071,"10",856
"ERR12861505",888600,888940,"9",340
"ERR12861505",909487,909982,"4",495
"ERR12861505",931958,933578,"7",1620
"ERR12861505",935805,937246,"10",1441
"ERR12861505",950698,953457,"9",2759
"ERR12861505",995586,998471,"6",2885
"ERR12861505",1030582,1032415,"5",1833
"ERR12861505",1032416,1036471,"8",4055
"ERR12861505",1036472,1038985,"4",2513
"ERR12861505",1056299,1057926,"10",1627
"ERR12861505",1073098,1074382,"6",1284
"ERR12861505",1074615,1076356,"9",1741
"ERR12861505",1076357,1077311,"8",954
"ERR12861505",1128774,1129839,"8",1065
"ERR12861505",1133937,1136920,"7",2983
"ERR12861505",1136921,1139281,"5",2360
"ERR12861505",1157536,1158936,"6",1400
"ERR12861505",1173750,1175201,"6",1451
"ERR12861505",1209164,1215429,"8",6265
"ERR12861505",1220568,1222219,"8",1651
"ERR12861505",1243286,1245221,"10",1935
"ERR12861505",1245222,1251054,"4",5832
"ERR12861505",1251055,1251185,"10",130
"ERR12861505",1274588,1275186,"8",598
"ERR12861505",1278059,1279132,"7",1073
"ERR12861505",1280329,1282581,"7",2252
"ERR12861505",1374245,1375334,"10",1089
"ERR12861505",1388354,1389950,"10",1596
"ERR12861505",1453034,1453838,"8",804
"ERR12861505",1453839,1455599,"7",1760
"ERR12861505",1555894,1557630,"4",1736
"ERR12861505",1608948,1610650,"6",1702
"ERR12861505",1610651,1613849,"7",3198
"ERR12861505",1613850,1615650,"9",1800
"ERR12861505",1642591,1643973,"4",1382
"ERR12861505",1652993,1656031,"5",3038
"ERR12861505",1666685,1668495,"5",1810
"ERR12861505",1668496,1671346,"6",2850
"ERR12861505",1671347,1672938,"8",1591
"ERR12861505",1695103,1697185,"8",2082
"ERR12861505",1716822,1719094,"10",2272
"ERR12861505",1729137,1731415,"5",2278
"ERR12861505",1783397,1784182,"7",785
"ERR12861505",1797971,1803194,"9",5223
"ERR12861505",1804287,1805188,"10",901
"ERR12861505",1817457,1820647,"10",3190
"ERR12861505",1820648,1822943,"6",2295
"ERR12861505",1841818,1842444,"4",626
"ERR12861505",1864188,1867269,"6",3081
"ERR12861505",1881154,1883036,"9",1882
"ERR12861505",1900254,1900426,"9",172
"ERR12861505",1900427,1900962,"8",535
"ERR12861505",1910643,1914423,"4",3780
"ERR12861505",1981996,1982739,"7",743
"ERR12861505",1989631,1991989,"10",2358
"ERR12861505",2030285,2032323,"10",2038
"ERR12861505",2033387,2035298,"8",1911
"ERR12861505",2051142,2055750,"10",4608
"ERR12861505",2058809,2060668,"5",1859
"ERR12861505",2065245,2066686,"4",1441
"ERR12861505",2066687,2067637,"8",950
"ERR12861505",2073466,2074843,"4",1377
"ERR12861505",2096794,2097621,"8",827
"ERR12861505",2206230,2206585,"8",355
"ERR12861505",2206586,2207911,"3",1325
"ERR12861505",2211699,2212203,"9",504
"ERR12861505",2212204,2215822,"4",3618
"ERR12861505",2215823,2218208,"10",2385
"ERR12861505",2220312,2221572,"9",1260
"ERR12861505",2296408,2301859,"4",5451
"ERR12861505",2303592,2304572,"3",980
"ERR12861505",2304573,2305426,"4",853
"ERR12861505",2306913,2308513,"6",1600
"ERR12861505",2308514,2308858,"8",344
"ERR12861505",2339735,2340918,"8",1183
"ERR12861505",2365220,2366619,"5",1399
"ERR12861505",2390341,2394108,"6",3767
"ERR12861505",2397032,2401992,"8",4960
"ERR12861505",2402069,2403019,"5",950
"ERR12861505",2414556,2415658,"10",1102
"ERR12861505",2424807,2425629,"9",822
"ERR12861505",2425630,2426935,"10",1305
"ERR12861505",2433483,2434604,"10",1121
"ERR12861505",2439626,2442035,"7",2409
"ERR12861505",2466935,2468390,"8",1455
"ERR12861505",2473555,2473679,"9",124
"ERR12861505",2478014,2478462,"8",448
"ERR12861505",2570767,2571793,"6",1026
"ERR12861505",2586060,2587902,"8",1842
"ERR12861505",2610546,2611865,"8",1319
"ERR12861505",2638725,2639467,"4",742
"ERR12861505",2647197,2652197,"9",5000
"ERR12861505",2662838,2663932,"10",1094
"ERR12861505",2683598,2684300,"4",702
"ERR12861505",2703272,2709582,"4",6310
"ERR12861505",2729704,2738575,"7",8871
"ERR12861505",2738576,2741501,"8",2925
"ERR12861505",2746234,2748186,"10",1952
"ERR12861505",2771124,2772558,"8",1434
"ERR12861505",2772559,2774650,"4",2091
"ERR12861505",2845577,2856050,"10",10473
"ERR12861505",2861376,2863722,"8",2346
"ERR12861505",2875636,2876545,"4",909
"ERR12861505",2893426,2897068,"8",3642
"ERR12861505",2897069,2904460,"9",7391
"ERR12861505",2911862,2913182,"6",1320
"ERR12861505",2931673,2932225,"10",552
"ERR12861505",2932226,2932957,"3",731
"ERR12861505",2932958,2935945,"10",2987
"ERR12861505",2935946,2937085,"5",1139
"ERR12861505",2948202,2949408,"8",1206
"ERR12861505",2949409,2949852,"4",443
"ERR12861505",2973500,2973823,"8",323
"ERR12861505",2973824,2976430,"4",2606
"ERR12861505",2997903,2999389,"10",1486
"ERR12861505",3045647,3049471,"6",3824
"ERR12861505",3049472,3051160,"4",1688
"ERR12861505",3082011,3085420,"9",3409
"ERR12861505",3085421,3087578,"6",2157
"ERR12861505",3147785,3149398,"8",1613
"ERR12861505",3154747,3157134,"10",2387
"ERR12861505",3174414,3176150,"4",1736
"ERR12861505",3176207,3176833,"8",626
"ERR12861505",3203956,3204793,"10",837
"ERR12861505",3204794,3206717,"6",1923
"ERR12861505",3206718,3208154,"9",1436
"ERR12861505",3269683,3272206,"10",2523
"ERR12861505",3279157,3285751,"6",6594
"ERR12861505",3292275,3294433,"9",2158
"ERR12861505",3306962,3307600,"9",638
"ERR12861505",3327976,3333274,"6",5298
"ERR12861505",3333275,3335527,"8",2252
"ERR12861505",3358478,3359687,"9",1209
"ERR12861505",3359688,3361438,"10",1750
"ERR12861505",3361439,3363145,"8",1706
"ERR12861505",3422182,3432463,"10",10281
"ERR12861505",3432464,3435182,"4",2718
"ERR12861505",3478105,3479828,"4",1723
"ERR12861505",3485171,3486761,"7",1590
"ERR12861505",3504879,3508091,"10",3212
"ERR12861505",3508092,3510137,"8",2045
"ERR12861505",3526739,3528654,"9",1915
"ERR12861505",3551990,3552925,"10",935
"ERR12861505",3557431,3562388,"8",4957
"ERR12861505",3579756,3580456,"7",700
"ERR12861505",3586098,3587084,"10",986
"ERR12861505",3618293,3619088,"7",795
"ERR12861505",3622969,3626521,"5",3552
"ERR12861505",3626522,3628212,"6",1690
"ERR12861505",3640106,3642788,"9",2682
"ERR12861505",3642789,3643520,"4",731
"ERR12861505",3678556,3687013,"10",8457
"ERR12861505",3784191,3786270,"9",2079
"ERR12861505",3821060,3823569,"8",2509
"ERR12861505",3844063,3844874,"10",811
"ERR12861505",3844875,3845505,"4",630
"ERR12861505",3857869,3858421,"6",552
"ERR12861505",3878253,3879526,"6",1273
"ERR12861505",3921856,3923226,"10",1370
"ERR12861505",3939735,3942419,"8",2684
"ERR12861505",3942631,3944265,"6",1634
"ERR12861505",3976862,3981601,"10",4739
"ERR12861505",3993673,3995266,"10",1593
"ERR12861505",3995267,3997091,"6",1824
"ERR12861505",4134633,4137273,"6",2640
"SRR7800685",69833,71551,"10",1718
"SRR7800685",128399,131695,"10",3296
"SRR7800685",147293,148183,"1",890
"SRR7800685",172692,173155,"6",463
"SRR7800685",203443,204267,"6",824
"SRR7800685",216647,217169,"1",522
"SRR7800685",239392,240546,"10",1154
"SRR7800685",243740,244575,"6",835
"SRR7800685",356401,358898,"10",2497
"SRR7800685",365271,366095,"10",824
"SRR7800685",375103,375526,"6",423
"SRR7800685",394553,396491,"10",1938
"SRR7800685",441814,442801,"6",987
"SRR7800685",505786,506177,"5",391
"SRR7800685",506178,506843,"6",665
"SRR7800685",535925,536705,"7",780
"SRR7800685",555817,556549,"1",732
"SRR7800685",608482,609029,"5",547
"SRR7800685",633870,635013,"10",1143
"SRR7800685",646406,647449,"10",1043
"SRR7800685",658896,659966,"7",1070
"SRR7800685",669350,670131,"7",781
"SRR7800685",681224,681914,"1",690
"SRR7800685",710391,711100,"1",709
"SRR7800685",741299,743538,"5",2239
"SRR7800685",772718,773525,"9",807
"SRR7800685",812279,813657,"10",1378
"SRR7800685",820837,822082,"10",1245
"SRR7800685",822083,823925,"7",1842
"SRR7800685",823926,825417,"5",1491
"SRR7800685",832908,834941,"10",2033
"SRR7800685",861992,862671,"7",679
"SRR7800685",891148,891952,"9",804
"SRR7800685",944917,945231,"10",314
"SRR7800685",949855,950436,"6",581
"SRR7800685",995721,996923,"9",1202
"SRR7800685",1024727,1026080,"10",1353
"SRR7800685",1031324,1032153,"5",829
"SRR7800685",1052411,1053468,"10",1057
"SRR7800685",1085078,1087059,"8",1981
"SRR7800685",1109145,1111211,"1",2066
"SRR7800685",1125671,1130113,"1",4442
"SRR7800685",1134852,1137287,"7",2435
"SRR7800685",1137288,1139105,"5",1817
"SRR7800685",1151128,1151840,"10",712
"SRR7800685",1185153,1187374,"9",2221
"SRR7800685",1233182,1235165,"6",1983
"SRR7800685",1248140,1249324,"10",1184
"SRR7800685",1252658,1252939,"6",281
"SRR7800685",1275434,1275955,"7",521
"SRR7800685",1330753,1333533,"1",2780
"SRR7800685",1333534,1334447,"10",913
"SRR7800685",1336564,1337626,"10",1062
"SRR7800685",1347220,1348636,"6",1416
"SRR7800685",1348637,1352247,"7",3610
"SRR7800685",1386064,1388301,"1",2237
"SRR7800685",1389202,1390114,"5",912
"SRR7800685",1406566,1408424,"1",1858
"SRR7800685",1418672,1419978,"10",1306
"SRR7800685",1447976,1449348,"10",1372
"SRR7800685",1460802,1462088,"10",1286
"SRR7800685",1498494,1499597,"7",1103
"SRR7800685",1505583,1506897,"6",1314
"SRR7800685",1529978,1531278,"1",1300
"SRR7800685",1541158,1541753,"6",595
"SRR7800685",1551579,1552554,"7",975
"SRR7800685",1561288,1562722,"1",1434
"SRR7800685",1566479,1568716,"10",2237
"SRR7800685",1568717,1569997,"5",1280
"SRR7800685",1580278,1581341,"6",1063
"SRR7800685",1586175,1588439,"10",2264
"SRR7800685",1602616,1604163,"1",1547
"SRR7800685",1608328,1609696,"6",1368
"SRR7800685",1615792,1623434,"6",7642
"SRR7800685",1654652,1655848,"5",1196
"SRR7800685",1669353,1670243,"6",890
"SRR7800685",1711749,1712979,"9",1230
"SRR7800685",1716441,1716804,"9",363
"SRR7800685",1722912,1723874,"10",962
"SRR7800685",1750743,1751968,"10",1225
"SRR7800685",1751969,1763121,"1",11152
"SRR7800685",1786931,1787558,"1",627
"SRR7800685",1805756,1806512,"1",756
"SRR7800685",1823986,1824660,"7",674
"SRR7800685",1826422,1827375,"6",953
"SRR7800685",1868337,1869703,"3",1366
"SRR7800685",1873489,1874573,"10",1084
"SRR7800685",1882527,1883036,"10",509
"SRR7800685",1888494,1889385,"6",891
"SRR7800685",1901591,1902352,"10",761
"SRR7800685",1963356,1963898,"1",542
"SRR7800685",1981996,1982863,"10",867
"SRR7800685",1999724,2001249,"8",1525
"SRR7800685",2001250,2002464,"6",1214
"SRR7800685",2004878,2005667,"1",789
"SRR7800685",2044173,2046166,"1",1993
"SRR7800685",2077196,2077756,"6",560
"SRR7800685",2087816,2089618,"7",1802
"SRR7800685",2094213,2096729,"10",2516
"SRR7800685",2120169,2120992,"6",823
"SRR7800685",2129021,2131072,"6",2051
"SRR7800685",2132838,2136372,"7",3534
"SRR7800685",2136373,2139217,"6",2844
"SRR7800685",2151510,2154371,"6",2861
"SRR7800685",2293409,2294558,"6",1149
"SRR7800685",2307009,2308269,"10",1260
"SRR7800685",2341166,2342482,"10",1316
"SRR7800685",2363326,2366281,"9",2955
"SRR7800685",2444734,2446829,"1",2095
"SRR7800685",2446830,2447834,"6",1004
"SRR7800685",2536241,2537803,"10",1562
"SRR7800685",2570747,2572735,"10",1988
"SRR7800685",2576004,2577511,"5",1507
"SRR7800685",2593319,2598584,"1",5265
"SRR7800685",2614112,2617710,"7",3598
"SRR7800685",2632777,2633238,"10",461
"SRR7800685",2640719,2641706,"10",987
"SRR7800685",2647322,2648403,"6",1081
"SRR7800685",2650150,2651356,"6",1206
"SRR7800685",2664086,2666328,"6",2242
"SRR7800685",2666329,2667375,"10",1046
"SRR7800685",2701368,2703066,"6",1698
"SRR7800685",2765066,2766781,"10",1715
"SRR7800685",2772559,2774524,"10",1965
"SRR7800685",2841561,2844354,"1",2793
"SRR7800685",2914197,2914917,"10",720
"SRR7800685",2925217,2928311,"5",3094
"SRR7800685",2930036,2934023,"10",3987
"SRR7800685",2952546,2958022,"1",5476
"SRR7800685",2958023,2959120,"5",1097
"SRR7800685",2972146,2972434,"1",288
"SRR7800685",2972435,2973880,"6",1445
"SRR7800685",2982551,2986169,"9",3618
"SRR7800685",2986170,2986796,"10",626
"SRR7800685",2992541,2994338,"6",1797
"SRR7800685",3016354,3017231,"6",877
"SRR7800685",3027150,3028445,"10",1295
"SRR7800685",3055171,3056532,"6",1361
"SRR7800685",3075639,3076371,"10",732
"SRR7800685",3088735,3093236,"6",4501
"SRR7800685",3111294,3111812,"9",518
"SRR7800685",3152981,3153824,"6",843
"SRR7800685",3169347,3170611,"10",1264
"SRR7800685",3186770,3187423,"7",653
"SRR7800685",3227881,3228897,"10",1016
"SRR7800685",3238250,3240240,"1",1990
"SRR7800685",3251434,3253612,"6",2178
"SRR7800685",3255904,3256507,"10",603
"SRR7800685",3269368,3271531,"1",2163
"SRR7800685",3271532,3272065,"10",533
"SRR7800685",3285556,3288709,"6",3153
"SRR7800685",3288710,3292090,"10",3380
"SRR7800685",3324196,3326406,"1",2210
"SRR7800685",3352488,3354539,"8",2051
"SRR7800685",3369514,3373227,"1",3713
"SRR7800685",3423175,3425322,"10",2147
"SRR7800685",3429839,3431197,"10",1358
"SRR7800685",3441925,3442645,"6",720
"SRR7800685",3503261,3504506,"6",1245
"SRR7800685",3519078,3521846,"1",2768
"SRR7800685",3521847,3524118,"7",2271
"SRR7800685",3527343,3528236,"1",893
"SRR7800685",3540825,3541915,"10",1090
"SRR7800685",3541916,3545438,"6",3522
"SRR7800685",3581796,3582532,"6",736
"SRR7800685",3598400,3600233,"7",1833
"SRR7800685",3611501,3611861,"1",360
"SRR7800685",3618345,3619650,"6",1305
"SRR7800685",3623414,3625201,"10",1787
"SRR7800685",3627368,3628316,"10",948
"SRR7800685",3637783,3638619,"10",836
"SRR7800685",3668639,3669284,"9",645
"SRR7800685",3678556,3679331,"10",775
"SRR7800685",3688379,3688842,"6",463
"SRR7800685",3695738,3700406,"10",4668
"SRR7800685",3707605,3709011,"6",1406
"SRR7800685",3723600,3725342,"1",1742
"SRR7800685",3753995,3762023,"7",8028
"SRR7800685",3762024,3763863,"1",1839
"SRR7800685",3763864,3765689,"10",1825
"SRR7800685",3790203,3791733,"1",1530
"SRR7800685",3808860,3810004,"5",1144
"SRR7800685",3838399,3841257,"10",2858
"SRR7800685",3844099,3844803,"10",704
"SRR7800685",3860975,3866531,"1",5556
"SRR7800685",3867691,3868156,"6",465
"SRR7800685",3881442,3883083,"1",1641
"SRR7800685",3926041,3927053,"10",1012
"SRR7800685",3927054,3930177,"6",3123
"SRR7800685",3956155,3956777,"6",622
"SRR7800685",3963070,3963870,"1",800
"SRR7800685",3987894,3988855,"6",961
"SRR7800685",4002322,4003230,"1",908
"SRR7800685",4070719,4071389,"1",670
"SRR7800685",4086343,4088267,"1",1924
"SRR7800685",4100681,4103662,"1",2981
"SRR7800685",4108454,4109259,"1",805
"SRR7800685",4112291,4116969,"1",4678
"SRR7800685",4182645,4194131,"2",11486
"SRR7800685",4194132,4197664,"3",3532
"DRR286162",11822,13222,"3",1400
"DRR286162",18034,20777,"3",2743
"DRR286162",28008,29821,"3",1813
"DRR286162",93611,97627,"3",4016
"DRR286162",97628,98109,"4",481
"DRR286162",98110,101283,"3",3173
"DRR286162",133202,136435,"3",3233
"DRR286162",148640,150517,"3",1877
"DRR286162",151368,155489,"3",4121
"DRR286162",218088,224120,"9",6032
"DRR286162",224121,224957,"3",836
"DRR286162",225627,226815,"10",1188
"DRR286162",226816,227937,"2",1121
"DRR286162",227938,228356,"4",418
"DRR286162",228965,229675,"3",710
"DRR286162",339544,340428,"6",884
"DRR286162",348594,354341,"3",5747
"DRR286162",413745,414892,"3",1147
"DRR286162",414893,416863,"5",1970
"DRR286162",416864,417411,"3",547
"DRR286162",439083,442127,"3",3044
"DRR286162",459781,460783,"6",1002
"DRR286162",460784,465732,"3",4948
"DRR286162",465733,467800,"5",2067
"DRR286162",499850,503114,"3",3264
"DRR286162",529062,531305,"3",2243
"DRR286162",531306,532639,"6",1333
"DRR286162",532640,534351,"7",1711
"DRR286162",534352,535159,"3",807
"DRR286162",577122,581897,"3",4775
"DRR286162",581898,583308,"10",1410
"DRR286162",583309,587592,"3",4283
"DRR286162",607099,607426,"9",327
"DRR286162",607427,608397,"3",970
"DRR286162",608398,609642,"5",1244
"DRR286162",622189,624590,"3",2401
"DRR286162",629344,631771,"3",2427
"DRR286162",645433,648500,"3",3067
"DRR286162",649242,651322,"3",2080
"DRR286162",682137,683190,"3",1053
"DRR286162",683322,684197,"2",875
"DRR286162",685843,687881,"10",2038
"DRR286162",687882,690491,"3",2609
"DRR286162",702028,704763,"3",2735
"DRR286162",704764,707631,"7",2867
"DRR286162",771795,774615,"3",2820
"DRR286162",859689,860133,"3",444
"DRR286162",901979,906199,"3",4220
"DRR286162",918845,919497,"3",652
"DRR286162",919498,920783,"10",1285
"DRR286162",926165,927030,"9",865
"DRR286162",927031,927854,"2",823
"DRR286162",938179,941417,"9",3238
"DRR286162",956708,958164,"3",1456
"DRR286162",1028739,1031154,"3",2415
"DRR286162",1048392,1049803,"3",1411
"DRR286162",1073133,1076087,"3",2954
"DRR286162",1149603,1151012,"3",1409
"DRR286162",1166072,1174648,"3",8576
"DRR286162",1204094,1205367,"6",1273
"DRR286162",1205368,1208019,"3",2651
"DRR286162",1225448,1226736,"10",1288
"DRR286162",1226737,1227313,"3",576
"DRR286162",1277909,1282713,"3",4804
"DRR286162",1282714,1284125,"7",1411
"DRR286162",1284126,1288646,"3",4520
"DRR286162",1367684,1368166,"3",482
"DRR286162",1368167,1369683,"7",1516
"DRR286162",1369684,1370921,"2",1237
"DRR286162",1502074,1502771,"3",697
"DRR286162",1534860,1536443,"9",1583
"DRR286162",1536444,1538453,"3",2009
"DRR286162",1538454,1542682,"10",4228
"DRR286162",1548784,1549825,"3",1041
"DRR286162",1582227,1586845,"3",4618
"DRR286162",1589663,1598201,"3",8538
"DRR286162",1604599,1605292,"3",693
"DRR286162",1621331,1623575,"9",2244
"DRR286162",1637968,1639793,"10",1825
"DRR286162",1639794,1640295,"3",501
"DRR286162",1648763,1649873,"3",1110
"DRR286162",1651009,1651971,"1",962
"DRR286162",1655905,1657414,"3",1509
"DRR286162",1661764,1667208,"3",5444
"DRR286162",1671447,1672229,"3",782
"DRR286162",1698702,1700988,"3",2286
"DRR286162",1747462,1748060,"2",598
"DRR286162",1748061,1751759,"3",3698
"DRR286162",1781861,1786796,"3",4935
"DRR286162",1787610,1789284,"3",1674
"DRR286162",1817277,1817519,"5",242
"DRR286162",1817520,1822250,"10",4730
"DRR286162",1831314,1841712,"3",10398
"DRR286162",1853447,1856052,"3",2605
"DRR286162",1856053,1856711,"10",658
"DRR286162",1856712,1859154,"3",2442
"DRR286162",1859905,1861577,"3",1672
"DRR286162",1899796,1901037,"3",1241
"DRR286162",1920141,1929225,"3",9084
"DRR286162",1939506,1940997,"3",1491
"DRR286162",1961692,1962622,"3",930
"DRR286162",1990428,1990674,"4",246
"DRR286162",1991990,1995018,"3",3028
"DRR286162",2061798,2062671,"3",873
"DRR286162",2062672,2063384,"10",712
"DRR286162",2063385,2064436,"3",1051
"DRR286162",2080176,2086636,"3",6460
"DRR286162",2089860,2091161,"3",1301
"DRR286162",2125984,2127630,"3",1646
"DRR286162",2154420,2158557,"10",4137
"DRR286162",2161541,2164175,"2",2634
"DRR286162",2178818,2180422,"3",1604
"DRR286162",2197083,2200942,"3",3859
"DRR286162",2206161,2212899,"3",6738
"DRR286162",2240441,2242708,"10",2267
"DRR286162",2262915,2264016,"3",1101
"DRR286162",2316722,2318223,"6",1501
"DRR286162",2323781,2326233,"3",2452
"DRR286162",2327729,2330887,"3",3158
"DRR286162",2333899,2335412,"3",1513
"DRR286162",2338419,2342454,"3",4035
"DRR286162",2365282,2367595,"3",2313
"DRR286162",2379033,2386915,"3",7882
"DRR286162",2390265,2394164,"3",3899
"DRR286162",2395292,2396822,"3",1530
"DRR286162",2400340,2403325,"3",2985
"DRR286162",2403326,2405038,"1",1712
"DRR286162",2429046,2432446,"3",3400
"DRR286162",2440275,2445930,"3",5655
"DRR286162",2472373,2477279,"3",4906
"DRR286162",2479573,2481475,"6",1902
"DRR286162",2481476,2483546,"3",2070
"DRR286162",2484411,2486659,"3",2248
"DRR286162",2489937,2495021,"3",5084
"DRR286162",2525227,2526478,"1",1251
"DRR286162",2530452,2535909,"3",5457
"DRR286162",2548974,2551126,"9",2152
"DRR286162",2570767,2573275,"3",2508
"DRR286162",2626261,2629014,"4",2753
"DRR286162",2660249,2661157,"10",908
"DRR286162",2670065,2674205,"3",4140
"DRR286162",2684731,2688164,"9",3433
"DRR286162",2694078,2696423,"3",2345
"DRR286162",2698181,2698834,"3",653
"DRR286162",2705416,2708755,"3",3339
"DRR286162",2734108,2738136,"3",4028
"DRR286162",2756677,2760226,"3",3549
"DRR286162",2760227,2764450,"9",4223
"DRR286162",2777745,2783243,"3",5498
"DRR286162",2812989,2815622,"9",2633
"DRR286162",2815623,2818925,"3",3302
"DRR286162",2818926,2821411,"10",2485
"DRR286162",2824974,2834011,"3",9037
"DRR286162",2840304,2843031,"3",2727
"DRR286162",2856235,2857270,"3",1035
"DRR286162",2857271,2858770,"6",1499
"DRR286162",2858771,2860587,"2",1816
"DRR286162",2868932,2871559,"3",2627
"DRR286162",2872430,2877742,"3",5312
"DRR286162",2884773,2887613,"3",2840
"DRR286162",2937790,2943625,"9",5835
"DRR286162",2943626,2946867,"3",3241
"DRR286162",2949409,2952263,"3",2854
"DRR286162",2977467,2985495,"3",8028
"DRR286162",2986945,2989728,"3",2783
"DRR286162",2991936,2995081,"3",3145
"DRR286162",2995588,3000413,"7",4825
"DRR286162",3000414,3002172,"3",1758
"DRR286162",3044357,3045379,"1",1022
"DRR286162",3054587,3059289,"3",4702
"DRR286162",3059290,3063155,"1",3865
"DRR286162",3065542,3069064,"1",3522
"DRR286162",3069065,3083408,"3",14343
"DRR286162",3083409,3084915,"2",1506
"DRR286162",3100670,3101097,"3",427
"DRR286162",3102405,3107792,"3",5387
"DRR286162",3127997,3135409,"9",7412
"DRR286162",3148067,3149486,"9",1419
"DRR286162",3204619,3211751,"3",7132
"DRR286162",3235180,3237419,"3",2239
"DRR286162",3237420,3243922,"1",6502
"DRR286162",3287385,3288930,"1",1545
"DRR286162",3307287,3311941,"3",4654
"DRR286162",3314526,3316541,"7",2015
"DRR286162",3416965,3419757,"4",2792
"DRR286162",3419758,3422392,"9",2634
"DRR286162",3480745,3489803,"3",9058
"DRR286162",3503585,3508364,"3",4779
"DRR286162",3509148,3509368,"3",220
"DRR286162",3509369,3510457,"7",1088
"DRR286162",3512269,3513024,"7",755
"DRR286162",3518353,3521652,"9",3299
"DRR286162",3525803,3527142,"3",1339
"DRR286162",3536738,3538145,"10",1407
"DRR286162",3538146,3542666,"3",4520
"DRR286162",3616215,3619192,"3",2977
"DRR286162",3632358,3634850,"3",2492
"DRR286162",3634851,3638958,"6",4107
"DRR286162",3638959,3639734,"3",775
"DRR286162",3641935,3643248,"3",1313
"DRR286162",3643759,3645298,"3",1539
"DRR286162",3648318,3650454,"9",2136
"DRR286162",3650455,3653904,"10",3449
"DRR286162",3659485,3660194,"3",709
"DRR286162",3676980,3680764,"3",3784
"DRR286162",3729361,3732060,"3",2699
"DRR286162",3782279,3783682,"3",1403
"DRR286162",3807795,3811151,"10",3356
"DRR286162",3818755,3819715,"9",960
"DRR286162",3825184,3827786,"9",2602
"DRR286162",3834575,3835433,"3",858
"DRR286162",3848081,3848801,"3",720
"DRR286162",3902789,3904989,"3",2200
"DRR286162",3963871,3969695,"3",5824
"DRR286162",3989143,3997035,"3",7892
"DRR286162",4015205,4017413,"3",2208
"DRR286162",4017414,4017918,"9",504
"DRR286162",4017919,4025154,"3",7235
"DRR286162",4038074,4049916,"3",11842
"DRR286162",4237646,4238720,"1",1074
"ERR13148615",13223,13939,"5",716
"ERR13148615",13940,14536,"3",596
"ERR13148615",25887,26726,"8",839
"ERR13148615",71352,72117,"6",765
"ERR13148615",90113,91713,"8",1600
"ERR13148615",93805,95037,"5",1232
"ERR13148615",129899,131713,"10",1814
"ERR13148615",164341,168780,"4",4439
"ERR13148615",173698,174992,"6",1294
"ERR13148615",175801,177371,"8",1570
"ERR13148615",178651,179034,"2",383
"ERR13148615",186825,190526,"10",3701
"ERR13148615",190527,191615,"4",1088
"ERR13148615",198478,199811,"5",1333
"ERR13148615",204381,207318,"1",2937
"ERR13148615",209663,211888,"1",2225
"ERR13148615",218657,220261,"1",1604
"ERR13148615",225477,227108,"10",1631
"ERR13148615",229015,229594,"9",579
"ERR13148615",252584,254193,"8",1609
"ERR13148615",259116,261592,"9",2476
"ERR13148615",261593,262943,"8",1350
"ERR13148615",262944,263876,"1",932
"ERR13148615",275362,283631,"1",8269
"ERR13148615",293274,298221,"1",4947
"ERR13148615",306403,309094,"10",2691
"ERR13148615",314788,316960,"5",2172
"ERR13148615",332868,335196,"4",2328
"ERR13148615",335197,336404,"2",1207
"ERR13148615",339218,340039,"8",821
"ERR13148615",340040,341538,"5",1498
"ERR13148615",341539,341557,"9",18
"ERR13148615",341558,342339,"8",781
"ERR13148615",365227,366557,"10",1330
"ERR13148615",372607,375476,"8",2869
"ERR13148615",375477,376909,"4",1432
"ERR13148615",376910,380278,"10",3368
"ERR13148615",381454,381976,"4",522
"ERR13148615",400445,403728,"8",3283
"ERR13148615",414893,416710,"5",1817
"ERR13148615",416711,417974,"10",1263
"ERR13148615",417975,420533,"2",2558
"ERR13148615",458045,460373,"10",2328
"ERR13148615",463383,464945,"8",1562
"ERR13148615",489119,490701,"8",1582
"ERR13148615",490702,491560,"5",858
"ERR13148615",503332,505083,"8",1751
"ERR13148615",517376,518212,"6",836
"ERR13148615",529062,530460,"4",1398
"ERR13148615",531044,534131,"5",3087
"ERR13148615",541083,543793,"9",2710
"ERR13148615",560853,561453,"10",600
"ERR13148615",574699,578858,"8",4159
"ERR13148615",584801,589400,"8",4599
"ERR13148615",599939,601204,"2",1265
"ERR13148615",605852,607231,"1",1379
"ERR13148615",613481,615871,"10",2390
"ERR13148615",649180,649652,"6",472
"ERR13148615",649653,650513,"5",860
"ERR13148615",650514,651212,"3",698
"ERR13148615",652324,653150,"8",826
"ERR13148615",658979,659629,"2",650
"ERR13148615",688998,691873,"4",2875
"ERR13148615",697248,698559,"10",1311
"ERR13148615",716594,718327,"4",1733
"ERR13148615",718328,719277,"8",949
"ERR13148615",735245,737868,"5",2623
"ERR13148615",744322,745322,"6",1000
"ERR13148615",745748,747733,"9",1985
"ERR13148615",747734,749028,"10",1294
"ERR13148615",751047,752801,"9",1754
"ERR13148615",782639,786779,"1",4140
"ERR13148615",798859,800745,"5",1886
"ERR13148615",803152,804355,"1",1203
"ERR13148615",820837,822082,"10",1245
"ERR13148615",837594,840231,"4",2637
"ERR13148615",841982,842757,"8",775
"ERR13148615",850507,852022,"10",1515
"ERR13148615",859189,860881,"1",1692
"ERR13148615",890430,892956,"10",2526
"ERR13148615",895860,896968,"1",1108
"ERR13148615",909271,910746,"10",1475
"ERR13148615",910747,911028,"2",281
"ERR13148615",918502,919378,"9",876
"ERR13148615",930593,931449,"8",856
"ERR13148615",935972,937148,"6",1176
"ERR13148615",951277,952650,"9",1373
"ERR13148615",956956,958765,"10",1809
"ERR13148615",968783,969981,"4",1198
"ERR13148615",979880,980372,"5",492
"ERR13148615",985222,989975,"4",4753
"ERR13148615",990584,991670,"4",1086
"ERR13148615",998472,999793,"10",1321
"ERR13148615",1039872,1043866,"4",3994
"ERR13148615",1046575,1048130,"2",1555
"ERR13148615",1050329,1050858,"2",529
"ERR13148615",1052385,1053540,"10",1155
"ERR13148615",1053541,1056249,"2",2708
"ERR13148615",1056250,1057502,"6",1252
"ERR13148615",1057503,1058946,"1",1443
"ERR13148615",1058947,1059895,"6",948
"ERR13148615",1059896,1062413,"4",2517
"ERR13148615",1076476,1079369,"4",2893
"ERR13148615",1084562,1087204,"9",2642
"ERR13148615",1097977,1100086,"1",2109
"ERR13148615",1106415,1110760,"9",4345
"ERR13148615",1119792,1120926,"8",1134
"ERR13148615",1135044,1138846,"8",3802
"ERR13148615",1147998,1149342,"4",1344
"ERR13148615",1159600,1161413,"9",1813
"ERR13148615",1161414,1164043,"8",2629
"ERR13148615",1164044,1164435,"5",391
"ERR13148615",1164784,1168246,"8",3462
"ERR13148615",1180434,1182741,"9",2307
"ERR13148615",1184191,1189929,"4",5738
"ERR13148615",1190743,1192008,"4",1265
"ERR13148615",1204594,1205543,"5",949
"ERR13148615",1207702,1212773,"8",5071
"ERR13148615",1222466,1223248,"10",782
"ERR13148615",1223249,1223967,"6",718
"ERR13148615",1223968,1226570,"2",2602
"ERR13148615",1251630,1253330,"2",1700
"ERR13148615",1266000,1267101,"8",1101
"ERR13148615",1300313,1302543,"3",2230
"ERR13148615",1303538,1306409,"5",2871
"ERR13148615",1307778,1310616,"2",2838
"ERR13148615",1321789,1322996,"4",1207
"ERR13148615",1348549,1350946,"8",2397
"ERR13148615",1377052,1380350,"4",3298
"ERR13148615",1380351,1382873,"8",2522
"ERR13148615",1399440,1404241,"1",4801
"ERR13148615",1409642,1411599,"2",1957
"ERR13148615",1430286,1433827,"5",3541
"ERR13148615",1439582,1439826,"2",244
"ERR13148615",1439827,1441801,"10",1974
"ERR13148615",1444627,1449348,"10",4721
"ERR13148615",1460802,1462205,"10",1403
"ERR13148615",1464768,1465861,"10",1093
"ERR13148615",1466901,1471137,"10",4236
"ERR13148615",1478965,1480568,"5",1603
"ERR13148615",1480569,1481263,"10",694
"ERR13148615",1481264,1482240,"6",976
"ERR13148615",1489128,1491055,"4",1927
"ERR13148615",1517914,1519192,"10",1278
"ERR13148615",1529783,1531420,"1",1637
"ERR13148615",1531421,1532670,"4",1249
"ERR13148615",1532671,1533608,"8",937
"ERR13148615",1540923,1545788,"10",4865
"ERR13148615",1555838,1557912,"4",2074
"ERR13148615",1557913,1560982,"10",3069
"ERR13148615",1575070,1575815,"6",745
"ERR13148615",1580464,1581181,"2",717
"ERR13148615",1590297,1591633,"1",1336
"ERR13148615",1596374,1597892,"2",1518
"ERR13148615",1597893,1601354,"10",3461
"ERR13148615",1621331,1624964,"6",3633
"ERR13148615",1624965,1627613,"9",2648
"ERR13148615",1627614,1629518,"5",1904
"ERR13148615",1632340,1633098,"1",758
"ERR13148615",1639868,1642590,"8",2722
"ERR13148615",1642591,1644714,"5",2123
"ERR13148615",1645416,1649778,"10",4362
"ERR13148615",1649779,1651089,"8",1310
"ERR13148615",1651090,1652941,"1",1851
"ERR13148615",1652942,1654775,"4",1833
"ERR13148615",1654776,1656474,"10",1698
"ERR13148615",1656869,1658731,"8",1862
"ERR13148615",1668496,1672986,"4",4490
"ERR13148615",1673031,1673462,"2",431
"ERR13148615",1685839,1686933,"10",1094
"ERR13148615",1697376,1700168,"8",2792
"ERR13148615",1700989,1702454,"4",1465
"ERR13148615",1707421,1710410,"2",2989
"ERR13148615",1718157,1720979,"9",2822
"ERR13148615",1731416,1732775,"10",1359
"ERR13148615",1735116,1738148,"4",3032
"ERR13148615",1744240,1746123,"8",1883
"ERR13148615",1750138,1751448,"10",1310
"ERR13148615",1772365,1776298,"1",3933
"ERR13148615",1778787,1784336,"9",5549
"ERR13148615",1797971,1798913,"9",942
"ERR13148615",1806714,1807037,"2",323
"ERR13148615",1809106,1810045,"8",939
"ERR13148615",1817649,1821065,"2",3416
"ERR13148615",1829458,1830276,"2",818
"ERR13148615",1856712,1857497,"2",785
"ERR13148615",1857498,1858988,"8",1490
"ERR13148615",1861578,1863198,"5",1620
"ERR13148615",1863199,1864922,"4",1723
"ERR13148615",1873125,1874573,"10",1448
"ERR13148615",1874574,1876970,"8",2396
"ERR13148615",1877636,1879166,"4",1530
"ERR13148615",1882560,1883232,"3",672
"ERR13148615",1900254,1901408,"4",1154
"ERR13148615",1901409,1905788,"5",4379
"ERR13148615",1905789,1907409,"3",1620
"ERR13148615",1918207,1929471,"1",11264
"ERR13148615",1940441,1941959,"8",1518
"ERR13148615",1951018,1952308,"8",1290
"ERR13148615",1952309,1953296,"4",987
"ERR13148615",1953297,1958347,"10",5050
"ERR13148615",1959425,1960899,"5",1474
"ERR13148615",1960984,1962758,"9",1774
"ERR13148615",1966743,1968450,"4",1707
"ERR13148615",1971349,1971799,"10",450
"ERR13148615",1971800,1972127,"3",327
"ERR13148615",1974732,1976736,"10",2004
"ERR13148615",1988232,1990758,"10",2526
"ERR13148615",1999368,2001249,"8",1881
"ERR13148615",2004223,2004877,"3",654
"ERR13148615",2008940,2012209,"10",3269
"ERR13148615",2012210,2012556,"3",346
"ERR13148615",2015309,2020182,"8",4873
"ERR13148615",2020976,2022268,"5",1292
"ERR13148615",2030660,2031776,"10",1116
"ERR13148615",2044402,2045394,"10",992
"ERR13148615",2045525,2050736,"8",5211
"ERR13148615",2058585,2060044,"6",1459
"ERR13148615",2087720,2091721,"8",4001
"ERR13148615",2092605,2093126,"9",521
"ERR13148615",2093127,2094160,"10",1033
"ERR13148615",2094161,2094631,"3",470
"ERR13148615",2095473,2096631,"2",1158
"ERR13148615",2096632,2099409,"6",2777
"ERR13148615",2111147,2116777,"6",5630
"ERR13148615",2120133,2121509,"10",1376
"ERR13148615",2127631,2133160,"1",5529
"ERR13148615",2136157,2141810,"10",5653
"ERR13148615",2151120,2157403,"4",6283
"ERR13148615",2157404,2164351,"2",6947
"ERR13148615",2173542,2174912,"10",1370
"ERR13148615",2174913,2178310,"4",3397
"ERR13148615",2178311,2182669,"9",4358
"ERR13148615",2182670,2183152,"10",482
"ERR13148615",2183153,2184746,"5",1593
"ERR13148615",2186859,2188982,"4",2123
"ERR13148615",2201540,2203445,"9",1905
"ERR13148615",2209680,2212468,"4",2788
"ERR13148615",2220985,2221572,"9",587
"ERR13148615",2221573,2224917,"4",3344
"ERR13148615",2224918,2226149,"10",1231
"ERR13148615",2226150,2227108,"5",958
"ERR13148615",2233933,2238011,"10",4078
"ERR13148615",2238012,2238784,"9",772
"ERR13148615",2259594,2260789,"8",1195
"ERR13148615",2266381,2270252,"5",3871
"ERR13148615",2274559,2275734,"2",1175
"ERR13148615",2286846,2287653,"3",807
"ERR13148615",2287654,2289167,"10",1513
"ERR13148615",2306419,2308049,"2",1630
"ERR13148615",2308050,2312598,"5",4548
"ERR13148615",2312599,2314707,"4",2108
"ERR13148615",2314708,2318651,"10",3943
"ERR13148615",2325245,2327636,"10",2391
"ERR13148615",2351546,2352763,"10",1217
"ERR13148615",2364716,2366427,"2",1711
"ERR13148615",2375472,2379738,"1",4266
"ERR13148615",2381750,2384293,"10",2543
"ERR13148615",2389086,2390467,"3",1381
"ERR13148615",2390468,2394908,"9",4440
"ERR13148615",2394909,2395987,"4",1078
"ERR13148615",2410357,2410944,"8",587
"ERR13148615",2413863,2415856,"2",1993
"ERR13148615",2416408,2419028,"8",2620
"ERR13148615",2423852,2424550,"5",698
"ERR13148615",2424551,2425121,"4",570
"ERR13148615",2443082,2446829,"9",3747
"ERR13148615",2446830,2451678,"10",4848
"ERR13148615",2492263,2494048,"10",1785
"ERR13148615",2495947,2496825,"9",878
"ERR13148615",2499015,2502977,"10",3962
"ERR13148615",2504857,2505735,"8",878
"ERR13148615",2507851,2512501,"8",4650
"ERR13148615",2535323,2537947,"2",2624
"ERR13148615",2537948,2539754,"3",1806
"ERR13148615",2544592,2546870,"10",2278
"ERR13148615",2551127,2553256,"10",2129
"ERR13148615",2562848,2564521,"5",1673
"ERR13148615",2564522,2568048,"8",3526
"ERR13148615",2569046,2573666,"10",4620
"ERR13148615",2577681,2579870,"10",2189
"ERR13148615",2592851,2596241,"4",3390
"ERR13148615",2605353,2607390,"6",2037
"ERR13148615",2618153,2619171,"10",1018
"ERR13148615",2631471,2636796,"10",5325
"ERR13148615",2643076,2643513,"8",437
"ERR13148615",2643514,2648101,"1",4587
"ERR13148615",2654956,2656716,"9",1760
"ERR13148615",2663387,2663932,"3",545
"ERR13148615",2663933,2666328,"8",2395
"ERR13148615",2669331,2669778,"5",447
"ERR13148615",2698181,2699826,"10",1645
"ERR13148615",2704141,2705739,"8",1598
"ERR13148615",2705740,2709872,"4",4132
"ERR13148615",2712993,2724406,"10",11413
"ERR13148615",2744405,2745455,"2",1050
"ERR13148615",2747226,2748281,"4",1055
"ERR13148615",2748282,2749025,"1",743
"ERR13148615",2752966,2755412,"8",2446
"ERR13148615",2756677,2759299,"9",2622
"ERR13148615",2761178,2763854,"6",2676
"ERR13148615",2770161,2774650,"4",4489
"ERR13148615",2777656,2779435,"1",1779
"ERR13148615",2811667,2812646,"10",979
"ERR13148615",2812647,2816227,"5",3580
"ERR13148615",2816228,2821335,"4",5107
"ERR13148615",2869886,2870487,"6",601
"ERR13148615",2890118,2894431,"10",4313
"ERR13148615",2894432,2896314,"5",1882
"ERR13148615",2923976,2928311,"2",4335
"ERR13148615",2928312,2934875,"10",6563
"ERR13148615",2947762,2949912,"8",2150
"ERR13148615",2949913,2954738,"10",4825
"ERR13148615",2971477,2972732,"1",1255
"ERR13148615",2972733,2973014,"6",281
"ERR13148615",2985148,2986944,"10",1796
"ERR13148615",2986945,2995789,"4",8844
"ERR13148615",3007341,3008553,"2",1212
"ERR13148615",3023530,3025869,"10",2339
"ERR13148615",3025870,3027343,"8",1473
"ERR13148615",3027344,3031865,"10",4521
"ERR13148615",3041577,3044757,"4",3180
"ERR13148615",3055051,3056781,"10",1730
"ERR13148615",3059239,3062337,"3",3098
"ERR13148615",3062338,3066078,"10",3740
"ERR13148615",3113343,3115507,"1",2164
"ERR13148615",3115508,3120976,"4",5468
"ERR13148615",3143157,3143969,"6",812
"ERR13148615",3154970,3156464,"4",1494
"ERR13148615",3168155,3170548,"10",2393
"ERR13148615",3173034,3176539,"4",3505
"ERR13148615",3181970,3184222,"6",2252
"ERR13148615",3184223,3186072,"1",1849
"ERR13148615",3202240,3204618,"2",2378
"ERR13148615",3204619,3205581,"9",962
"ERR13148615",3233098,3234413,"5",1315
"ERR13148615",3236947,3240614,"2",3667
"ERR13148615",3246204,3247088,"10",884
"ERR13148615",3249993,3254282,"10",4289
"ERR13148615",3286545,3288379,"1",1834
"ERR13148615",3297561,3299687,"10",2126
"ERR13148615",3312268,3316003,"2",3735
"ERR13148615",3320058,3321723,"10",1665
"ERR13148615",3327976,3329647,"6",1671
"ERR13148615",3337070,3338581,"10",1511
"ERR13148615",3364495,3368700,"10",4205
"ERR13148615",3390591,3391354,"1",763
"ERR13148615",3391355,3392742,"2",1387
"ERR13148615",3392743,3394792,"5",2049
"ERR13148615",3396513,3397499,"1",986
"ERR13148615",3397500,3400017,"6",2517
"ERR13148615",3400254,3402438,"10",2184
"ERR13148615",3414830,3416724,"6",1894
"ERR13148615",3417934,3420041,"1",2107
"ERR13148615",3420042,3421374,"2",1332
"ERR13148615",3427526,3429211,"6",1685
"ERR13148615",3429212,3429876,"10",664
"ERR13148615",3429877,3431394,"6",1517
"ERR13148615",3432620,3435121,"6",2501
"ERR13148615",3436390,3437800,"8",1410
"ERR13148615",3437801,3439549,"10",1748
"ERR13148615",3440399,3444132,"10",3733
"ERR13148615",3457728,3463889,"4",6161
"ERR13148615",3471386,3473054,"4",1668
"ERR13148615",3490044,3492065,"10",2021
"ERR13148615",3493951,3497022,"4",3071
"ERR13148615",3497023,3497073,"6",50
"ERR13148615",3499714,3500541,"2",827
"ERR13148615",3502417,3504768,"8",2351
"ERR13148615",3508674,3509242,"8",568
"ERR13148615",3520355,3520407,"1",52
"ERR13148615",3521736,3522765,"8",1029
"ERR13148615",3528965,3531442,"8",2477
"ERR13148615",3536423,3536569,"2",146
"ERR13148615",3539916,3540741,"8",825
"ERR13148615",3540742,3544835,"6",4093
"ERR13148615",3545189,3546859,"1",1670
"ERR13148615",3561878,3562801,"1",923
"ERR13148615",3569237,3575422,"1",6185
"ERR13148615",3586040,3587353,"2",1313
"ERR13148615",3591873,3602048,"8",10175
"ERR13148615",3620123,3620990,"6",867
"ERR13148615",3625395,3627223,"8",1828
"ERR13148615",3636984,3638619,"10",1635
"ERR13148615",3640312,3641991,"8",1679
"ERR13148615",3643073,3643659,"2",586
"ERR13148615",3646957,3647613,"8",656
"ERR13148615",3647614,3647738,"1",124
"ERR13148615",3657471,3659484,"8",2013
"ERR13148615",3672201,3673586,"10",1385
"ERR13148615",3685898,3687385,"8",1487
"ERR13148615",3700407,3700631,"4",224
"ERR13148615",3706752,3707524,"9",772
"ERR13148615",3726664,3727524,"2",860
"ERR13148615",3729191,3730653,"4",1462
"ERR13148615",3746469,3748399,"5",1930
"ERR13148615",3767099,3767626,"3",527
"ERR13148615",3777697,3783830,"1",6133
"ERR13148615",3786271,3788115,"8",1844
"ERR13148615",3792546,3792619,"10",73
"ERR13148615",3799361,3800356,"6",995
"ERR13148615",3803203,3803948,"10",745
"ERR13148615",3812721,3815782,"1",3061
"ERR13148615",3815783,3818627,"10",2844
"ERR13148615",3825144,3827582,"2",2438
"ERR13148615",3831370,3834574,"1",3204
"ERR13148615",3846614,3847927,"8",1313
"ERR13148615",3851284,3851945,"10",661
"ERR13148615",3856821,3859451,"4",2630
"ERR13148615",3864338,3868510,"8",4172
"ERR13148615",3868511,3869001,"4",490
"ERR13148615",3885048,3888240,"5",3192
"ERR13148615",3888241,3890545,"10",2304
"ERR13148615",3901187,3904518,"9",3331
"ERR13148615",3911051,3911864,"2",813
"ERR13148615",3911865,3913092,"1",1227
"ERR13148615",3916224,3918813,"4",2589
"ERR13148615",3925540,3930258,"6",4718
"ERR13148615",3933894,3936504,"10",2610
"ERR13148615",3947396,3950542,"1",3146
"ERR13148615",3955832,3956422,"2",590
"ERR13148615",3959572,3960181,"5",609
"ERR13148615",3963382,3968951,"9",5569
"ERR13148615",3975283,3978355,"8",3072
"ERR13148615",4002171,4003299,"1",1128
"ERR13148615",4003300,4005147,"2",1847
"ERR13148615",4011707,4012944,"4",1237
"ERR13148615",4036456,4037856,"9",1400
"ERR13148615",4072409,4073621,"10",1212
"ERR13148615",4108355,4109267,"1",912
"ERR13148615",4111938,4113131,"1",1193
"ERR13148615",4115651,4118257,"1",2606
"ERR13148615",4166013,4175245,"4",9232
"ERR13148615",4176370,4188318,"10",11948
"ERR13148615",4229520,4234560,"5",5040
"ERR13148615",4242137,4243018,"6",881
"DRR286143",74528,74974,"8",446
"DRR286143",162918,164870,"8",1952
"DRR286143",187290,189044,"9",1754
"DRR286143",282933,283869,"2",936
"DRR286143",286819,287753,"4",934
"DRR286143",304043,304197,"2",154
"DRR286143",388660,390185,"2",1525
"DRR286143",470217,470948,"2",731
"DRR286143",614752,615108,"6",356
"DRR286143",647060,647409,"2",349
"DRR286143",675813,676295,"1",482
"DRR286143",691233,691812,"5",579
"DRR286143",700573,701742,"7",1169
"DRR286143",752258,752801,"5",543
"DRR286143",839127,839929,"4",802
"DRR286143",868580,869552,"7",972
"DRR286143",901481,902029,"4",548
"DRR286143",951726,955711,"2",3985
"DRR286143",1099283,1099512,"7",229
"DRR286143",1124432,1125150,"2",718
"DRR286143",1229343,1230601,"4",1258
"DRR286143",1247903,1248494,"2",591
"DRR286143",1292713,1293290,"9",577
"DRR286143",1295669,1296486,"2",817
"DRR286143",1306261,1307677,"4",1416
"DRR286143",1467109,1468041,"2",932
"DRR286143",1496907,1498493,"8",1586
"DRR286143",1660115,1660645,"8",530
"DRR286143",1677880,1678738,"9",858
"DRR286143",1742958,1743939,"4",981
"DRR286143",1878210,1878941,"2",731
"DRR286143",1887751,1888391,"4",640
"DRR286143",2062633,2063384,"7",751
"DRR286143",2170542,2171866,"4",1324
"DRR286143",2172786,2173541,"8",755
"DRR286143",2377973,2378390,"10",417
"DRR286143",2381864,2382141,"2",277
"DRR286143",2431822,2432366,"9",544
"DRR286143",2450512,2451330,"4",818
"DRR286143",2670553,2671536,"2",983
"DRR286143",2672927,2674154,"4",1227
"DRR286143",2690969,2692372,"7",1403
"DRR286143",2748970,2749519,"2",549
"DRR286143",2782436,2783243,"7",807
"DRR286143",2892534,2893739,"4",1205
"DRR286143",2901817,2902369,"10",552
"DRR286143",2913256,2914067,"7",811
"DRR286143",2925774,2926537,"5",763
"DRR286143",3076570,3077364,"7",794
"DRR286143",3101392,3101825,"4",433
"DRR286143",3107844,3108502,"4",658
"DRR286143",3108503,3109467,"1",964
"DRR286143",3123801,3124099,"8",298
"DRR286143",3160265,3162799,"8",2534
"DRR286143",3162800,3164007,"2",1207
"DRR286143",3356670,3358182,"6",1512
"DRR286143",3385520,3386143,"5",623
"DRR286143",3414630,3416724,"8",2094
"DRR286143",3474080,3475027,"10",947
"DRR286143",3609354,3609965,"10",611
"DRR286143",3638690,3639163,"7",473
"DRR286143",3670080,3671005,"10",925
"DRR286143",3671006,3671609,"5",603
"DRR286143",3730130,3731070,"8",940
"DRR286143",3732341,3733055,"8",714
"DRR286143",3746628,3747427,"9",799
"DRR286143",3814069,3814710,"2",641
"DRR286143",3834119,3834574,"6",455
"DRR286143",3892948,3895479,"4",2531
"DRR286143",4013695,4014221,"2",526
"DRR286143",4025589,4026443,"10",854
"ERR12861758",69833,73608,"10",3775
"ERR12861758",147293,147900,"7",607
"ERR12861758",148263,149437,"8",1174
"ERR12861758",215477,215646,"6",169
"ERR12861758",283083,284004,"1",921
"ERR12861758",341511,342699,"9",1188
"ERR12861758",342700,345731,"10",3031
"ERR12861758",423167,424117,"1",950
"ERR12861758",454246,455818,"9",1572
"ERR12861758",475823,475946,"8",123
"ERR12861758",482724,483449,"10",725
"ERR12861758",488295,489137,"10",842
"ERR12861758",506907,508092,"1",1185
"ERR12861758",527295,529005,"9",1710
"ERR12861758",529006,529926,"3",920
"ERR12861758",558743,559586,"6",843
"ERR12861758",614687,616143,"9",1456
"ERR12861758",616144,617643,"6",1499
"ERR12861758",653575,656086,"10",2511
"ERR12861758",674048,674815,"10",767
"ERR12861758",774922,775160,"3",238
"ERR12861758",915510,917376,"10",1866
"ERR12861758",956858,958256,"10",1398
"ERR12861758",984203,986096,"8",1893
"ERR12861758",1053801,1054950,"10",1149
"ERR12861758",1185055,1186328,"9",1273
"ERR12861758",1192009,1192370,"1",361
"ERR12861758",1200448,1202900,"8",2452
"ERR12861758",1248140,1249382,"10",1242
"ERR12861758",1262099,1265585,"1",3486
"ERR12861758",1322273,1323272,"1",999
"ERR12861758",1323273,1326071,"10",2798
"ERR12861758",1343957,1346386,"10",2429
"ERR12861758",1367527,1368262,"8",735
"ERR12861758",1368263,1369186,"7",923
"ERR12861758",1403560,1403877,"6",317
"ERR12861758",1415978,1416747,"6",769
"ERR12861758",1465862,1466595,"10",733
"ERR12861758",1496907,1498493,"6",1586
"ERR12861758",1507571,1508093,"8",522
"ERR12861758",1531617,1531871,"9",254
"ERR12861758",1626564,1627306,"3",742
"ERR12861758",1671447,1672255,"3",808
"ERR12861758",1676250,1678777,"10",2527
"ERR12861758",1723369,1724967,"10",1598
"ERR12861758",1744355,1746640,"10",2285
"ERR12861758",1785314,1786509,"3",1195
"ERR12861758",1878430,1879395,"9",965
"ERR12861758",1879396,1880123,"4",727
"ERR12861758",2007380,2008939,"10",1559
"ERR12861758",2024344,2026766,"9",2422
"ERR12861758",2045625,2046294,"1",669
"ERR12861758",2065933,2066603,"10",670
"ERR12861758",2105268,2107879,"10",2611
"ERR12861758",2127737,2130581,"6",2844
"ERR12861758",2149246,2150854,"10",1608
"ERR12861758",2150855,2154327,"6",3472
"ERR12861758",2209680,2211293,"3",1613
"ERR12861758",2221625,2223092,"10",1467
"ERR12861758",2223982,2224814,"3",832
"ERR12861758",2268046,2268983,"10",937
"ERR12861758",2276457,2278926,"9",2469
"ERR12861758",2298114,2299297,"1",1183
"ERR12861758",2329657,2330887,"10",1230
"ERR12861758",2357767,2358734,"10",967
"ERR12861758",2367873,2368930,"10",1057
"ERR12861758",2375472,2376741,"10",1269
"ERR12861758",2413539,2414395,"3",856
"ERR12861758",2432447,2433482,"9",1035
"ERR12861758",2438392,2440421,"8",2029
"ERR12861758",2440422,2440897,"10",475
"ERR12861758",2455323,2456356,"8",1033
"ERR12861758",2494597,2494976,"10",379
"ERR12861758",2512280,2513458,"10",1178
"ERR12861758",2595802,2598558,"6",2756
"ERR12861758",2707834,2708755,"9",921
"ERR12861758",2732566,2733431,"10",865
"ERR12861758",2748539,2749387,"1",848
"ERR12861758",2756677,2758321,"9",1644
"ERR12861758",2815050,2815622,"4",572
"ERR12861758",2831040,2831827,"10",787
"ERR12861758",2831828,2835746,"9",3918
"ERR12861758",2845645,2846264,"6",619
"ERR12861758",2852812,2855446,"9",2634
"ERR12861758",2855447,2857196,"10",1749
"ERR12861758",2884130,2884628,"2",498
"ERR12861758",2892994,2894264,"9",1270
"ERR12861758",2906655,2907910,"10",1255
"ERR12861758",2987280,2990889,"1",3609
"ERR12861758",3056232,3059238,"6",3006
"ERR12861758",3160776,3164162,"1",3386
"ERR12861758",3170549,3171455,"1",906
"ERR12861758",3174414,3177488,"4",3074
"ERR12861758",3223660,3224798,"3",1138
"ERR12861758",3247716,3249156,"6",1440
"ERR12861758",3286700,3288709,"6",2009
"ERR12861758",3288710,3294251,"10",5541
"ERR12861758",3338671,3340162,"10",1491
"ERR12861758",3361667,3362937,"3",1270
"ERR12861758",3421072,3422392,"4",1320
"ERR12861758",3438101,3439449,"10",1348
"ERR12861758",3451576,3453097,"1",1521
"ERR12861758",3512001,3512887,"10",886
"ERR12861758",3551656,3551989,"9",333
"ERR12861758",3566373,3567163,"3",790
"ERR12861758",3668349,3669166,"9",817
"ERR12861758",3678556,3680566,"10",2010
"ERR12861758",3680567,3681225,"3",658
"ERR12861758",3727677,3729171,"10",1494
"ERR12861758",3731258,3731612,"10",354
"ERR12861758",3744404,3744629,"10",225
"ERR12861758",3786271,3790202,"6",3931
"ERR12861758",3794596,3795232,"6",636
"ERR12861758",3814470,3814874,"6",404
"ERR12861758",3822937,3823390,"1",453
"ERR12861758",3831527,3832482,"10",955
"ERR12861758",3919458,3922386,"7",2928
"ERR12861758",3928266,3931269,"9",3003
"ERR12861758",3944188,3945064,"1",876
"ERR12861758",3972109,3974252,"9",2143
"ERR12861758",3975086,3976597,"3",1511
"ERR12861758",4006898,4007602,"1",704
"ERR12861758",4052519,4053927,"1",1408
"ERR12861758",4113100,4114448,"4",1348
"ERR12861758",4114449,4117289,"10",2840
"ERR12861758",4118096,4119561,"9",1465
"ERR12861758",4119562,4122478,"10",2916
"ERR12861758",4123197,4124184,"6",987
"ERR12861948",18335,19707,"8",1372
"ERR12861948",38320,41234,"1",2914
"ERR12861948",43275,43800,"10",525
"ERR12861948",53043,54100,"2",1057
"ERR12861948",80972,81702,"1",730
"ERR12861948",115989,116694,"10",705
"ERR12861948",119964,120843,"4",879
"ERR12861948",133787,134712,"5",925
"ERR12861948",136784,140488,"8",3704
"ERR12861948",152993,155685,"1",2692
"ERR12861948",175033,177751,"2",2718
"ERR12861948",186825,189356,"10",2531
"ERR12861948",189357,194186,"4",4829
"ERR12861948",205062,205732,"8",670
"ERR12861948",207622,208750,"6",1128
"ERR12861948",211479,212225,"8",746
"ERR12861948",219803,223516,"4",3713
"ERR12861948",223517,224957,"3",1440
"ERR12861948",229234,229927,"8",693
"ERR12861948",277160,280160,"1",3000
"ERR12861948",280161,282442,"4",2281
"ERR12861948",282443,286791,"1",4348
"ERR12861948",289481,290378,"2",897
"ERR12861948",296067,297272,"1",1205
"ERR12861948",306853,308991,"5",2138
"ERR12861948",314336,315572,"2",1236
"ERR12861948",318010,319632,"1",1622
"ERR12861948",326639,327530,"5",891
"ERR12861948",334660,335603,"2",943
"ERR12861948",346967,348468,"10",1501
"ERR12861948",359583,360173,"4",590
"ERR12861948",371850,372470,"6",620
"ERR12861948",372471,374187,"10",1716
"ERR12861948",388526,389441,"8",915
"ERR12861948",402748,404738,"4",1990
"ERR12861948",404739,405688,"1",949
"ERR12861948",405689,406652,"2",963
"ERR12861948",414102,414759,"8",657
"ERR12861948",437831,439336,"2",1505
"ERR12861948",439337,439978,"3",641
"ERR12861948",439979,440337,"8",358
"ERR12861948",446198,447292,"10",1094
"ERR12861948",464228,464881,"8",653
"ERR12861948",464882,471458,"9",6576
"ERR12861948",471459,474514,"10",3055
"ERR12861948",474515,476213,"5",1698
"ERR12861948",517459,521235,"6",3776
"ERR12861948",527007,528499,"3",1492
"ERR12861948",528500,530024,"1",1524
"ERR12861948",530025,531221,"2",1196
"ERR12861948",531222,534835,"5",3613
"ERR12861948",534836,536949,"9",2113
"ERR12861948",547469,550143,"9",2674
"ERR12861948",555817,556549,"1",732
"ERR12861948",563205,564245,"4",1040
"ERR12861948",580864,581649,"1",785
"ERR12861948",588228,590293,"8",2065
"ERR12861948",590294,591178,"2",884
"ERR12861948",597821,599488,"2",1667
"ERR12861948",599489,601312,"10",1823
"ERR12861948",612202,613685,"4",1483
"ERR12861948",613686,614263,"2",577
"ERR12861948",614264,615429,"6",1165
"ERR12861948",615430,619284,"9",3854
"ERR12861948",631073,634006,"8",2933
"ERR12861948",652324,653045,"6",721
"ERR12861948",654364,656236,"9",1872
"ERR12861948",668814,671015,"2",2201
"ERR12861948",679511,681128,"5",1617
"ERR12861948",686165,687370,"10",1205
"ERR12861948",688998,691873,"4",2875
"ERR12861948",718378,719460,"8",1082
"ERR12861948",720106,722108,"2",2002
"ERR12861948",722109,725317,"10",3208
"ERR12861948",726285,729107,"10",2822
"ERR12861948",729108,730303,"2",1195
"ERR12861948",730304,734588,"10",4284
"ERR12861948",748647,750105,"10",1458
"ERR12861948",750106,750426,"2",320
"ERR12861948",776120,776325,"4",205
"ERR12861948",790048,791985,"1",1937
"ERR12861948",803152,804017,"6",865
"ERR12861948",829483,830726,"9",1243
"ERR12861948",835503,836669,"9",1166
"ERR12861948",839722,839883,"6",161
"ERR12861948",839884,842640,"9",2756
"ERR12861948",846067,848971,"5",2904
"ERR12861948",858869,860325,"6",1456
"ERR12861948",862873,864140,"2",1267
"ERR12861948",864141,864402,"1",261
"ERR12861948",879645,880459,"8",814
"ERR12861948",904172,905151,"9",979
"ERR12861948",911129,915700,"9",4571
"ERR12861948",915701,917745,"2",2044
"ERR12861948",917746,919378,"8",1632
"ERR12861948",921113,921903,"8",790
"ERR12861948",944836,945172,"2",336
"ERR12861948",956708,958765,"10",2057
"ERR12861948",962656,963991,"8",1335
"ERR12861948",968783,969849,"4",1066
"ERR12861948",978237,979633,"9",1396
"ERR12861948",979634,982016,"5",2382
"ERR12861948",986583,989629,"4",3046
"ERR12861948",989630,990720,"6",1090
"ERR12861948",993003,996152,"8",3149
"ERR12861948",998376,999793,"10",1417
"ERR12861948",1012303,1013162,"8",859
"ERR12861948",1020193,1020690,"4",497
"ERR12861948",1028574,1029892,"1",1318
"ERR12861948",1047557,1047885,"10",328
"ERR12861948",1047886,1048234,"8",348
"ERR12861948",1048235,1048583,"6",348
"ERR12861948",1051150,1052338,"10",1188
"ERR12861948",1053541,1054976,"2",1435
"ERR12861948",1057540,1060276,"6",2736
"ERR12861948",1067329,1070802,"4",3473
"ERR12861948",1074615,1076198,"4",1583
"ERR12861948",1077391,1078316,"10",925
"ERR12861948",1078317,1080766,"4",2449
"ERR12861948",1080767,1083198,"1",2431
"ERR12861948",1083199,1086140,"9",2941
"ERR12861948",1093294,1095014,"8",1720
"ERR12861948",1095015,1097483,"4",2468
"ERR12861948",1107890,1109024,"6",1134
"ERR12861948",1113501,1114996,"4",1495
"ERR12861948",1116853,1120747,"2",3894
"ERR12861948",1123950,1126036,"9",2086
"ERR12861948",1128250,1129499,"2",1249
"ERR12861948",1164116,1165726,"2",1610
"ERR12861948",1176520,1177245,"10",725
"ERR12861948",1180566,1181826,"4",1260
"ERR12861948",1186843,1188341,"6",1498
"ERR12861948",1190829,1192008,"4",1179
"ERR12861948",1203052,1204064,"9",1012
"ERR12861948",1204065,1205454,"5",1389
"ERR12861948",1207240,1210115,"9",2875
"ERR12861948",1215762,1216482,"8",720
"ERR12861948",1225579,1226570,"8",991
"ERR12861948",1229343,1230109,"6",766
"ERR12861948",1235939,1237516,"6",1577
"ERR12861948",1237517,1240589,"2",3072
"ERR12861948",1263363,1264747,"9",1384
"ERR12861948",1264748,1265999,"4",1251
"ERR12861948",1268646,1271507,"8",2861
"ERR12861948",1284208,1291235,"6",7027
"ERR12861948",1291236,1292152,"10",916
"ERR12861948",1293343,1295575,"4",2232
"ERR12861948",1301412,1302981,"10",1569
"ERR12861948",1302982,1305298,"8",2316
"ERR12861948",1305299,1306019,"5",720
"ERR12861948",1306020,1307777,"10",1757
"ERR12861948",1310754,1311193,"3",439
"ERR12861948",1314043,1317908,"10",3865
"ERR12861948",1324580,1328561,"1",3981
"ERR12861948",1332226,1333391,"9",1165
"ERR12861948",1340054,1341800,"4",1746
"ERR12861948",1345807,1347011,"9",1204
"ERR12861948",1366276,1366950,"10",674
"ERR12861948",1374341,1375933,"8",1592
"ERR12861948",1375934,1377637,"1",1703
"ERR12861948",1379728,1381487,"1",1759
"ERR12861948",1397968,1399395,"6",1427
"ERR12861948",1405545,1406534,"3",989
"ERR12861948",1406535,1407819,"1",1284
"ERR12861948",1409140,1410905,"9",1765
"ERR12861948",1413504,1416046,"2",2542
"ERR12861948",1417902,1420387,"9",2485
"ERR12861948",1429030,1429794,"8",764
"ERR12861948",1464003,1465559,"6",1556
"ERR12861948",1468345,1470098,"10",1753
"ERR12861948",1473360,1474818,"8",1458
"ERR12861948",1488390,1490809,"10",2419
"ERR12861948",1494138,1495093,"9",955
"ERR12861948",1510180,1511373,"10",1193
"ERR12861948",1517033,1519275,"3",2242
"ERR12861948",1524168,1525536,"3",1368
"ERR12861948",1532745,1537127,"8",4382
"ERR12861948",1543008,1543588,"9",580
"ERR12861948",1543589,1545707,"2",2118
"ERR12861948",1545708,1546169,"4",461
"ERR12861948",1548784,1549559,"4",775
"ERR12861948",1550911,1551782,"9",871
"ERR12861948",1551783,1552692,"8",909
"ERR12861948",1557839,1559176,"8",1337
"ERR12861948",1559480,1561058,"2",1578
"ERR12861948",1561059,1564074,"8",3015
"ERR12861948",1571068,1574299,"10",3231
"ERR12861948",1574300,1575892,"6",1592
"ERR12861948",1575893,1576590,"5",697
"ERR12861948",1592503,1594495,"6",1992
"ERR12861948",1594496,1595805,"1",1309
"ERR12861948",1595806,1597574,"4",1768
"ERR12861948",1612928,1615734,"4",2806
"ERR12861948",1615735,1616870,"6",1135
"ERR12861948",1622426,1622971,"4",545
"ERR12861948",1623936,1626596,"5",2660
"ERR12861948",1629519,1633154,"4",3635
"ERR12861948",1633155,1634723,"8",1568
"ERR12861948",1638847,1644074,"4",5227
"ERR12861948",1650677,1653524,"6",2847
"ERR12861948",1656251,1657327,"2",1076
"ERR12861948",1665752,1666339,"2",587
"ERR12861948",1671625,1672255,"1",630
"ERR12861948",1697209,1698010,"10",801
"ERR12861948",1698011,1699610,"8",1599
"ERR12861948",1709322,1710566,"10",1244
"ERR12861948",1710567,1712557,"8",1990
"ERR12861948",1718034,1719025,"10",991
"ERR12861948",1728804,1731415,"4",2611
"ERR12861948",1731416,1733065,"10",1649
"ERR12861948",1736851,1740508,"4",3657
"ERR12861948",1744304,1745014,"1",710
"ERR12861948",1750056,1752172,"10",2116
"ERR12861948",1768928,1770215,"8",1287
"ERR12861948",1780685,1781129,"10",444
"ERR12861948",1781130,1782912,"1",1782
"ERR12861948",1805813,1806512,"1",699
"ERR12861948",1808205,1809011,"8",806
"ERR12861948",1817765,1818462,"10",697
"ERR12861948",1827948,1830300,"10",2352
"ERR12861948",1831071,1835876,"9",4805
"ERR12861948",1835877,1836906,"10",1029
"ERR12861948",1838062,1841379,"6",3317
"ERR12861948",1856814,1857636,"2",822
"ERR12861948",1865044,1865802,"6",758
"ERR12861948",1865803,1868863,"1",3060
"ERR12861948",1868864,1870435,"9",1571
"ERR12861948",1874717,1875621,"8",904
"ERR12861948",1878529,1879395,"3",866
"ERR12861948",1879396,1880380,"4",984
"ERR12861948",1887151,1888360,"9",1209
"ERR12861948",1888361,1895182,"6",6821
"ERR12861948",1902018,1904043,"10",2025
"ERR12861948",1904044,1907530,"8",3486
"ERR12861948",1932367,1933929,"3",1562
"ERR12861948",1937073,1939266,"2",2193
"ERR12861948",1939267,1940395,"6",1128
"ERR12861948",1940396,1942194,"8",1798
"ERR12861948",1947987,1949550,"8",1563
"ERR12861948",1954685,1958347,"8",3662
"ERR12861948",1966743,1971867,"10",5124
"ERR12861948",1971868,1972184,"3",316
"ERR12861948",1988821,1989896,"5",1075
"ERR12861948",1991421,1993740,"8",2319
"ERR12861948",2004223,2004877,"3",654
"ERR12861948",2016054,2016904,"3",850
"ERR12861948",2028467,2030115,"3",1648
"ERR12861948",2045580,2048763,"4",3183
"ERR12861948",2088129,2091685,"8",3556
"ERR12861948",2092903,2094100,"10",1197
"ERR12861948",2096765,2098744,"6",1979
"ERR12861948",2109108,2110537,"2",1429
"ERR12861948",2112492,2113492,"5",1000
"ERR12861948",2120405,2121109,"8",704
"ERR12861948",2133049,2142093,"10",9044
"ERR12861948",2142094,2143146,"5",1052
"ERR12861948",2143147,2144777,"4",1630
"ERR12861948",2151353,2152260,"6",907
"ERR12861948",2152261,2152680,"2",419
"ERR12861948",2152681,2153589,"10",908
"ERR12861948",2153590,2156047,"2",2457
"ERR12861948",2171810,2173341,"9",1531
"ERR12861948",2175953,2178449,"6",2496
"ERR12861948",2178450,2182556,"8",4106
"ERR12861948",2197500,2199271,"4",1771
"ERR12861948",2201417,2202739,"1",1322
"ERR12861948",2209650,2210154,"8",504
"ERR12861948",2221833,2222999,"10",1166
"ERR12861948",2223093,2226302,"6",3209
"ERR12861948",2232931,2236108,"10",3177
"ERR12861948",2236109,2238065,"4",1956
"ERR12861948",2253001,2255687,"1",2686
"ERR12861948",2261064,2264016,"4",2952
"ERR12861948",2287811,2289167,"10",1356
"ERR12861948",2297553,2298176,"4",623
"ERR12861948",2305667,2306743,"9",1076
"ERR12861948",2308464,2309362,"3",898
"ERR12861948",2309363,2312530,"4",3167
"ERR12861948",2325598,2327897,"10",2299
"ERR12861948",2335714,2336927,"5",1213
"ERR12861948",2375186,2380574,"1",5388
"ERR12861948",2383595,2384439,"3",844
"ERR12861948",2386580,2388340,"3",1760
"ERR12861948",2388341,2390138,"10",1797
"ERR12861948",2395292,2396759,"10",1467
"ERR12861948",2409448,2410944,"8",1496
"ERR12861948",2410945,2414463,"6",3518
"ERR12861948",2414464,2415856,"8",1392
"ERR12861948",2417290,2418871,"6",1581
"ERR12861948",2423620,2423923,"8",303
"ERR12861948",2423924,2424550,"3",626
"ERR12861948",2425996,2428790,"4",2794
"ERR12861948",2428791,2433929,"9",5138
"ERR12861948",2443595,2443885,"8",290
"ERR12861948",2443886,2444677,"9",791
"ERR12861948",2444678,2445130,"6",452
"ERR12861948",2481476,2482384,"9",908
"ERR12861948",2487128,2492262,"8",5134
"ERR12861948",2492263,2493657,"10",1394
"ERR12861948",2497805,2498212,"10",407
"ERR12861948",2505365,2505634,"1",269
"ERR12861948",2507098,2508688,"1",1590
"ERR12861948",2519791,2520366,"5",575
"ERR12861948",2522547,2525830,"2",3283
"ERR12861948",2531729,2531878,"6",149
"ERR12861948",2555397,2556844,"4",1447
"ERR12861948",2570337,2571890,"6",1553
"ERR12861948",2578967,2580590,"1",1623
"ERR12861948",2580591,2582201,"10",1610
"ERR12861948",2591323,2592141,"2",818
"ERR12861948",2592142,2593806,"5",1664
"ERR12861948",2593807,2594633,"10",826
"ERR12861948",2604742,2606576,"3",1834
"ERR12861948",2621990,2622474,"6",484
"ERR12861948",2622475,2624248,"2",1773
"ERR12861948",2624249,2625086,"8",837
"ERR12861948",2642395,2643792,"8",1397
"ERR12861948",2652437,2653537,"10",1100
"ERR12861948",2656980,2657835,"4",855
"ERR12861948",2657836,2658677,"1",841
"ERR12861948",2663323,2663932,"3",609
"ERR12861948",2663933,2665970,"6",2037
"ERR12861948",2698979,2703176,"8",4197
"ERR12861948",2713566,2719699,"10",6133
"ERR12861948",2738576,2741460,"4",2884
"ERR12861948",2747353,2749387,"6",2034
"ERR12861948",2749388,2751358,"3",1970
"ERR12861948",2751359,2752908,"9",1549
"ERR12861948",2762345,2763854,"6",1509
"ERR12861948",2768288,2770736,"8",2448
"ERR12861948",2772559,2773524,"4",965
"ERR12861948",2773525,2773948,"3",423
"ERR12861948",2773949,2774524,"2",575
"ERR12861948",2785258,2787534,"9",2276
"ERR12861948",2787535,2789655,"2",2120
"ERR12861948",2792309,2795852,"6",3543
"ERR12861948",2815050,2815622,"2",572
"ERR12861948",2815623,2818925,"5",3302
"ERR12861948",2820720,2821083,"8",363
"ERR12861948",2849097,2850078,"5",981
"ERR12861948",2863069,2870420,"1",7351
"ERR12861948",2894969,2896314,"5",1345
"ERR12861948",2915807,2917550,"6",1743
"ERR12861948",2935762,2938147,"4",2385
"ERR12861948",2948316,2950090,"2",1774
"ERR12861948",2959700,2961230,"8",1530
"ERR12861948",2976706,2982394,"10",5688
"ERR12861948",2982395,2984459,"4",2064
"ERR12861948",2991553,2994790,"6",3237
"ERR12861948",3002779,3004461,"9",1682
"ERR12861948",3030286,3031865,"10",1579
"ERR12861948",3046300,3046361,"2",61
"ERR12861948",3053277,3053530,"2",253
"ERR12861948",3059573,3063213,"1",3640
"ERR12861948",3063214,3066078,"10",2864
"ERR12861948",3066079,3067348,"2",1269
"ERR12861948",3076570,3078623,"8",2053
"ERR12861948",3108459,3109608,"10",1149
"ERR12861948",3109609,3110147,"2",538
"ERR12861948",3111683,3112712,"10",1029
"ERR12861948",3116374,3118562,"4",2188
"ERR12861948",3118563,3122664,"8",4101
"ERR12861948",3134516,3135847,"9",1331
"ERR12861948",3142973,3144759,"10",1786
"ERR12861948",3146509,3148096,"8",1587
"ERR12861948",3157987,3158893,"1",906
"ERR12861948",3167726,3170140,"10",2414
"ERR12861948",3176540,3178536,"9",1996
"ERR12861948",3184783,3186072,"1",1289
"ERR12861948",3201933,3204201,"9",2268
"ERR12861948",3205785,3212971,"10",7186
"ERR12861948",3216016,3222971,"10",6955
"ERR12861948",3222972,3224556,"3",1584
"ERR12861948",3235093,3236530,"2",1437
"ERR12861948",3242214,3243268,"4",1054
"ERR12861948",3243269,3246146,"8",2877
"ERR12861948",3250259,3252074,"10",1815
"ERR12861948",3275294,3276673,"2",1379
"ERR12861948",3282790,3284353,"6",1563
"ERR12861948",3288623,3294251,"6",5628
"ERR12861948",3294252,3298079,"10",3827
"ERR12861948",3307826,3311941,"8",4115
"ERR12861948",3311942,3313455,"2",1513
"ERR12861948",3317180,3318496,"5",1316
"ERR12861948",3321919,3322847,"2",928
"ERR12861948",3336251,3337394,"5",1143
"ERR12861948",3337395,3338581,"10",1186
"ERR12861948",3346345,3349095,"10",2750
"ERR12861948",3351706,3352018,"3",312
"ERR12861948",3368132,3372017,"8",3885
"ERR12861948",3390591,3392884,"4",2293
"ERR12861948",3392885,3393454,"8",569
"ERR12861948",3396636,3400161,"1",3525
"ERR12861948",3413233,3414171,"4",938
"ERR12861948",3427526,3429159,"4",1633
"ERR12861948",3429160,3429559,"3",399
"ERR12861948",3429560,3431197,"6",1637
"ERR12861948",3435297,3436389,"10",1092
"ERR12861948",3436390,3437800,"8",1410
"ERR12861948",3437801,3441884,"10",4083
"ERR12861948",3441885,3443955,"6",2070
"ERR12861948",3459635,3461583,"4",1948
"ERR12861948",3473843,3479189,"9",5346
"ERR12861948",3484947,3485170,"4",223
"ERR12861948",3490113,3493380,"9",3267
"ERR12861948",3497074,3499388,"10",2314
"ERR12861948",3499389,3499861,"3",472
"ERR12861948",3499862,3501914,"2",2052
"ERR12861948",3514213,3518987,"10",4774
"ERR12861948",3518988,3520841,"5",1853
"ERR12861948",3531594,3539915,"4",8321
"ERR12861948",3539916,3540741,"8",825
"ERR12861948",3540742,3541742,"6",1000
"ERR12861948",3541743,3542560,"9",817
"ERR12861948",3545510,3546600,"2",1090
"ERR12861948",3556700,3558916,"5",2216
"ERR12861948",3558917,3559745,"10",828
"ERR12861948",3559746,3571069,"1",11323
"ERR12861948",3574180,3574819,"8",639
"ERR12861948",3574820,3576709,"9",1889
"ERR12861948",3586098,3587979,"8",1881
"ERR12861948",3587980,3590550,"4",2570
"ERR12861948",3590551,3591346,"8",795
"ERR12861948",3591347,3595241,"3",3894
"ERR12861948",3600665,3605548,"1",4883
"ERR12861948",3610750,3612363,"4",1613
"ERR12861948",3617204,3617600,"6",396
"ERR12861948",3621479,3622422,"9",943
"ERR12861948",3631748,3632193,"10",445
"ERR12861948",3632194,3632710,"2",516
"ERR12861948",3640177,3643659,"4",3482
"ERR12861948",3644063,3645046,"10",983
"ERR12861948",3645047,3647798,"4",2751
"ERR12861948",3647799,3649712,"6",1913
"ERR12861948",3679989,3680674,"10",685
"ERR12861948",3682216,3683619,"10",1403
"ERR12861948",3685158,3687385,"8",2227
"ERR12861948",3688379,3689821,"10",1442
"ERR12861948",3692659,3693442,"1",783
"ERR12861948",3703482,3704187,"1",705
"ERR12861948",3724305,3727396,"9",3091
"ERR12861948",3733056,3734649,"6",1593
"ERR12861948",3734650,3735115,"1",465
"ERR12861948",3750617,3751343,"5",726
"ERR12861948",3752162,3752877,"3",715
"ERR12861948",3766918,3767727,"3",809
"ERR12861948",3776404,3777530,"2",1126
"ERR12861948",3777531,3780192,"1",2661
"ERR12861948",3786611,3789155,"9",2544
"ERR12861948",3792431,3792885,"4",454
"ERR12861948",3799089,3800224,"6",1135
"ERR12861948",3814045,3817120,"9",3075
"ERR12861948",3834575,3836861,"10",2286
"ERR12861948",3839222,3840334,"6",1112
"ERR12861948",3847017,3847966,"4",949
"ERR12861948",3847967,3848837,"10",870
"ERR12861948",3856019,3857697,"9",1678
"ERR12861948",3857698,3858356,"2",658
"ERR12861948",3860376,3861353,"2",977
"ERR12861948",3861354,3862636,"10",1282
"ERR12861948",3862637,3863311,"8",674
"ERR12861948",3864792,3867690,"9",2898
"ERR12861948",3879979,3881350,"10",1371
"ERR12861948",3882384,3883322,"4",938
"ERR12861948",3883323,3884730,"9",1407
"ERR12861948",3884731,3886195,"6",1464
"ERR12861948",3886803,3890625,"1",3822
"ERR12861948",3891247,3892032,"10",785
"ERR12861948",3900279,3901895,"10",1616
"ERR12861948",3901896,3906482,"9",4586
"ERR12861948",3915351,3916275,"4",924
"ERR12861948",3927597,3928096,"2",499
"ERR12861948",3928097,3931230,"9",3133
"ERR12861948",3948994,3950542,"9",1548
"ERR12861948",3962611,3963644,"8",1033
"ERR12861948",3969914,3971009,"5",1095
"ERR12861948",3977356,3977369,"5",13
"ERR12861948",3977370,3977503,"3",133
"ERR12861948",3977504,3977848,"1",344
"ERR12861948",3977849,3978283,"9",434
"ERR12861948",4000834,4001249,"2",415
"ERR12861948",4021788,4022517,"3",729
"ERR12861948",4059787,4060438,"8",651
"ERR12861948",4070588,4071815,"8",1227
"ERR12861948",4108524,4109346,"1",822
"ERR12861948",4115868,4117638,"8",1770
"ERR12861948",4117639,4117917,"4",278
"ERR12861948",4117918,4118487,"1",569
"ERR12861948",4118488,4119048,"5",560
"ERR12861948",4229520,4238043,"8",8523
"ERR12861948",4238044,4247353,"3",9309
"SRR13556511",120024,120436,"4",412
"SRR13556511",120437,121144,"6",707
"SRR13556511",166431,169230,"4",2799
"SRR13556511",218657,222452,"4",3795
"SRR13556511",222453,223329,"3",876
"SRR13556511",224530,228847,"4",4317
"SRR13556511",262919,263876,"1",957
"SRR13556511",281433,282488,"8",1055
"SRR13556511",298141,305807,"4",7666
"SRR13556511",305808,306852,"3",1044
"SRR13556511",315912,317222,"6",1310
"SRR13556511",317223,317539,"3",316
"SRR13556511",326750,326926,"6",176
"SRR13556511",326927,327530,"5",603
"SRR13556511",340709,341510,"4",801
"SRR13556511",347487,348263,"10",776
"SRR13556511",372703,375102,"6",2399
"SRR13556511",375103,375413,"4",310
"SRR13556511",380529,381976,"10",1447
"SRR13556511",384703,385928,"10",1225
"SRR13556511",406726,407644,"4",918
"SRR13556511",419555,420798,"2",1243
"SRR13556511",537047,538179,"6",1132
"SRR13556511",538180,539467,"9",1287
"SRR13556511",547284,548113,"10",829
"SRR13556511",682065,691232,"4",9167
"SRR13556511",691233,693534,"6",2301
"SRR13556511",694045,695702,"4",1657
"SRR13556511",715841,717973,"4",2132
"SRR13556511",732315,733491,"10",1176
"SRR13556511",733492,734422,"4",930
"SRR13556511",734423,736535,"10",2112
"SRR13556511",759040,759716,"4",676
"SRR13556511",769413,771676,"1",2263
"SRR13556511",771677,773525,"4",1848
"SRR13556511",781400,782468,"4",1068
"SRR13556511",830866,831864,"10",998
"SRR13556511",837594,838686,"4",1092
"SRR13556511",846067,847408,"10",1341
"SRR13556511",951428,954355,"1",2927
"SRR13556511",1020277,1020690,"4",413
"SRR13556511",1035540,1036715,"8",1175
"SRR13556511",1048311,1052338,"4",4027
"SRR13556511",1063407,1067710,"10",4303
"SRR13556511",1067711,1073023,"4",5312
"SRR13556511",1073260,1076198,"4",2938
"SRR13556511",1095095,1098357,"4",3262
"SRR13556511",1106944,1107604,"4",660
"SRR13556511",1146640,1151840,"4",5200
"SRR13556511",1195280,1196947,"1",1667
"SRR13556511",1196948,1200233,"6",3285
"SRR13556511",1204679,1205367,"5",688
"SRR13556511",1205368,1219523,"4",14155
"SRR13556511",1219524,1222219,"10",2695
"SRR13556511",1266413,1267101,"4",688
"SRR13556511",1290630,1291751,"1",1121
"SRR13556511",1298136,1301288,"4",3152
"SRR13556511",1324765,1326899,"4",2134
"SRR13556511",1340521,1342512,"4",1991
"SRR13556511",1434229,1435772,"4",1543
"SRR13556511",1454880,1455599,"10",719
"SRR13556511",1464003,1465559,"6",1556
"SRR13556511",1483645,1483988,"1",343
"SRR13556511",1519586,1521560,"9",1974
"SRR13556511",1548472,1549559,"4",1087
"SRR13556511",1554323,1555639,"4",1316
"SRR13556511",1559945,1560475,"4",530
"SRR13556511",1580464,1581602,"8",1138
"SRR13556511",1592034,1597574,"4",5540
"SRR13556511",1621573,1622342,"3",769
"SRR13556511",1622343,1623506,"4",1163
"SRR13556511",1627797,1632864,"4",5067
"SRR13556511",1639076,1642261,"4",3185
"SRR13556511",1650677,1651859,"4",1182
"SRR13556511",1678037,1678713,"6",676
"SRR13556511",1697655,1699610,"6",1955
"SRR13556511",1709322,1710036,"10",714
"SRR13556511",1752051,1753345,"4",1294
"SRR13556511",1757106,1758603,"4",1497
"SRR13556511",1762124,1763859,"6",1735
"SRR13556511",1774505,1776032,"1",1527
"SRR13556511",1776033,1777275,"2",1242
"SRR13556511",1779042,1780684,"4",1642
"SRR13556511",1780685,1781003,"10",318
"SRR13556511",1803169,1805446,"4",2277
"SRR13556511",1833151,1835378,"9",2227
"SRR13556511",1839192,1840922,"3",1730
"SRR13556511",1840923,1842399,"1",1476
"SRR13556511",1849965,1850603,"4",638
"SRR13556511",1865044,1866556,"6",1512
"SRR13556511",1894318,1896098,"6",1780
"SRR13556511",1900325,1901236,"4",911
"SRR13556511",1904810,1907530,"4",2720
"SRR13556511",1952309,1953296,"4",987
"SRR13556511",1966743,1979747,"4",13004
"SRR13556511",2030448,2031776,"10",1328
"SRR13556511",2046044,2046618,"6",574
"SRR13556511",2046619,2047848,"4",1229
"SRR13556511",2047849,2048304,"8",455
"SRR13556511",2058637,2059810,"5",1173
"SRR13556511",2069929,2072372,"1",2443
"SRR13556511",2072373,2074749,"10",2376
"SRR13556511",2127978,2132472,"4",4494
"SRR13556511",2151437,2152284,"6",847
"SRR13556511",2152285,2152680,"2",395
"SRR13556511",2152681,2154133,"10",1452
"SRR13556511",2154134,2163176,"4",9042
"SRR13556511",2185064,2186858,"4",1794
"SRR13556511",2199272,2200516,"6",1244
"SRR13556511",2221739,2224814,"4",3075
"SRR13556511",2232029,2235592,"10",3563
"SRR13556511",2250615,2262633,"4",12018
"SRR13556511",2268046,2274155,"4",6109
"SRR13556511",2286988,2287549,"4",561
"SRR13556511",2318415,2321062,"6",2647
"SRR13556511",2324238,2325244,"4",1006
"SRR13556511",2364000,2366281,"1",2281
"SRR13556511",2388954,2394523,"6",5569
"SRR13556511",2396344,2397840,"10",1496
"SRR13556511",2460524,2462918,"4",2394
"SRR13556511",2465820,2472207,"4",6387
"SRR13556511",2492513,2493657,"10",1144
"SRR13556511",2510908,2518579,"4",7671
"SRR13556511",2529290,2532169,"6",2879
"SRR13556511",2562702,2563948,"6",1246
"SRR13556511",2570337,2571890,"6",1553
"SRR13556511",2604990,2607165,"3",2175
"SRR13556511",2630763,2634653,"10",3890
"SRR13556511",2634800,2635943,"4",1143
"SRR13556511",2644047,2655707,"4",11660
"SRR13556511",2655708,2656619,"3",911
"SRR13556511",2707800,2708712,"4",912
"SRR13556511",2715746,2719699,"6",3953
"SRR13556511",2756677,2758798,"9",2121
"SRR13556511",2762345,2763916,"6",1571
"SRR13556511",2769994,2772049,"4",2055
"SRR13556511",2792377,2793986,"8",1609
"SRR13556511",2839489,2839808,"6",319
"SRR13556511",2849552,2854327,"6",4775
"SRR13556511",2860563,2861484,"6",921
"SRR13556511",2863723,2865376,"1",1653
"SRR13556511",2883327,2884129,"6",802
"SRR13556511",2908255,2911484,"4",3229
"SRR13556511",2956491,2957607,"10",1116
"SRR13556511",2975780,2976040,"10",260
"SRR13556511",2987510,2989213,"9",1703
"SRR13556511",3028791,3031537,"10",2746
"SRR13556511",3097604,3098204,"9",600
"SRR13556511",3103929,3107675,"6",3746
"SRR13556511",3116374,3118562,"4",2188
"SRR13556511",3131981,3134291,"4",2310
"SRR13556511",3143157,3144530,"6",1373
"SRR13556511",3184783,3186158,"1",1375
"SRR13556511",3198257,3199291,"10",1034
"SRR13556511",3204463,3205721,"6",1258
"SRR13556511",3217223,3222971,"10",5748
"SRR13556511",3242214,3247630,"4",5416
"SRR13556511",3286700,3289662,"4",2962
"SRR13556511",3289663,3294251,"6",4588
"SRR13556511",3294366,3295648,"10",1282
"SRR13556511",3314999,3316945,"1",1946
"SRR13556511",3358478,3366829,"4",8351
"SRR13556511",3388687,3393584,"4",4897
"SRR13556511",3413233,3414373,"4",1140
"SRR13556511",3416903,3419757,"4",2854
"SRR13556511",3427526,3428265,"4",739
"SRR13556511",3432773,3434287,"1",1514
"SRR13556511",3435183,3436162,"4",979
"SRR13556511",3441938,3443955,"4",2017
"SRR13556511",3495620,3498422,"4",2802
"SRR13556511",3502133,3502960,"5",827
"SRR13556511",3508509,3510137,"4",1628
"SRR13556511",3514986,3517546,"6",2560
"SRR13556511",3524508,3525298,"4",790
"SRR13556511",3537131,3539105,"4",1974
"SRR13556511",3545648,3546487,"6",839
"SRR13556511",3558917,3562388,"4",3471
"SRR13556511",3562389,3564449,"6",2060
"SRR13556511",3568709,3569521,"4",812
"SRR13556511",3610809,3611813,"6",1004
"SRR13556511",3642138,3642644,"4",506
"SRR13556511",3703482,3704187,"1",705
"SRR13556511",3779097,3780192,"1",1095
"SRR13556511",3787442,3788154,"4",712
"SRR13556511",3791840,3792630,"1",790
"SRR13556511",3792756,3799057,"4",6301
"SRR13556511",3799058,3799955,"6",897
"SRR13556511",3847017,3847852,"8",835
"SRR13556511",3882435,3883208,"6",773
"SRR13556511",3914836,3917536,"5",2700
"SRR13556511",3962617,3968462,"4",5845
"SRR13556511",3975283,3977985,"4",2702
"SRR13556511",4013251,4017918,"4",4667
"SRR13556511",4025221,4026806,"6",1585
"SRR13556511",4034878,4037848,"4",2970
"SRR13556511",4072453,4073235,"4",782
"SRR13556511",4117229,4118633,"4",1404
"SRR13556511",4226278,4240081,"4",13803
"ERR12861400",49900,51457,"4",1557
"ERR12861400",51458,52829,"6",1371
"ERR12861400",111032,111908,"4",876
"ERR12861400",167097,167775,"4",678
"ERR12861400",274079,275474,"6",1395
"ERR12861400",336531,337868,"10",1337
"ERR12861400",379474,380234,"10",760
"ERR12861400",395484,396551,"10",1067
"ERR12861400",422693,423848,"4",1155
"ERR12861400",484463,484593,"10",130
"ERR12861400",484594,484941,"5",347
"ERR12861400",542618,544492,"4",1874
"ERR12861400",686147,693450,"4",7303
"ERR12861400",749029,750974,"5",1945
"ERR12861400",753608,754296,"1",688
"ERR12861400",857654,860394,"4",2740
"ERR12861400",860395,861561,"10",1166
"ERR12861400",890077,895480,"4",5403
"ERR12861400",895481,896666,"5",1185
"ERR12861400",985222,986096,"4",874
"ERR12861400",995721,996923,"9",1202
"ERR12861400",1048311,1048967,"6",656
"ERR12861400",1048968,1050328,"2",1360
"ERR12861400",1050329,1052338,"4",2009
"ERR12861400",1077096,1077959,"10",863
"ERR12861400",1125721,1126387,"4",666
"ERR12861400",1135229,1136219,"6",990
"ERR12861400",1204262,1205367,"5",1105
"ERR12861400",1266413,1268117,"4",1704
"ERR12861400",1324765,1329432,"4",4667
"ERR12861400",1344444,1345450,"4",1006
"ERR12861400",1345451,1346507,"10",1056
"ERR12861400",1348612,1352850,"4",4238
"ERR12861400",1377067,1379559,"4",2492
"ERR12861400",1468549,1471137,"10",2588
"ERR12861400",1471655,1472361,"1",706
"ERR12861400",1481187,1482158,"6",971
"ERR12861400",1502115,1502717,"10",602
"ERR12861400",1541561,1546977,"4",5416
"ERR12861400",1575070,1575902,"6",832
"ERR12861400",1575903,1576432,"5",529
"ERR12861400",1594739,1597574,"4",2835
"ERR12861400",1615735,1621330,"6",5595
"ERR12861400",1648763,1649745,"4",982
"ERR12861400",1654866,1655848,"4",982
"ERR12861400",1680504,1681021,"10",517
"ERR12861400",1742900,1744303,"4",1403
"ERR12861400",1744304,1746219,"8",1915
"ERR12861400",1870221,1874034,"4",3813
"ERR12861400",1874035,1874280,"10",245
"ERR12861400",1903369,1903770,"10",401
"ERR12861400",1925432,1929338,"10",3906
"ERR12861400",1970715,1971816,"6",1101
"ERR12861400",2073595,2074813,"4",1218
"ERR12861400",2083749,2086478,"10",2729
"ERR12861400",2124009,2125444,"4",1435
"ERR12861400",2186316,2187699,"6",1383
"ERR12861400",2196635,2199271,"4",2636
"ERR12861400",2199272,2200516,"6",1244
"ERR12861400",2224918,2226302,"4",1384
"ERR12861400",2236181,2238705,"4",2524
"ERR12861400",2252283,2253693,"4",1410
"ERR12861400",2256804,2258171,"4",1367
"ERR12861400",2268046,2272826,"4",4780
"ERR12861400",2383011,2391059,"4",8048
"ERR12861400",2391060,2391427,"8",367
"ERR12861400",2466250,2467985,"4",1735
"ERR12861400",2492920,2497129,"4",4209
"ERR12861400",2497130,2500298,"6",3168
"ERR12861400",2500299,2511933,"4",11634
"ERR12861400",2580676,2581522,"6",846
"ERR12861400",2646303,2647196,"3",893
"ERR12861400",2647197,2651992,"4",4795
"ERR12861400",2661490,2662607,"4",1117
"ERR12861400",2664485,2665699,"3",1214
"ERR12861400",2698181,2698780,"10",599
"ERR12861400",2818180,2819262,"4",1082
"ERR12861400",2843505,2844354,"6",849
"ERR12861400",2852259,2854161,"4",1902
"ERR12861400",2872580,2874003,"2",1423
"ERR12861400",2938827,2942329,"1",3502
"ERR12861400",2965455,2968692,"4",3237
"ERR12861400",2969355,2970071,"6",716
"ERR12861400",3003037,3004192,"6",1155
"ERR12861400",3111113,3113184,"9",2071
"ERR12861400",3155017,3155372,"4",355
"ERR12861400",3217189,3222971,"10",5782
"ERR12861400",3257023,3257633,"6",610
"ERR12861400",3415501,3419778,"4",4277
"ERR12861400",3427526,3429258,"4",1732
"ERR12861400",3429259,3429559,"3",300
"ERR12861400",3447941,3449131,"4",1190
"ERR12861400",3499774,3499902,"2",128
"ERR12861400",3499903,3500593,"10",690
"ERR12861400",3503261,3504228,"8",967
"ERR12861400",3504229,3504484,"9",255
"ERR12861400",3612285,3612775,"1",490
"ERR12861400",3645445,3648106,"10",2661
"ERR12861400",3659713,3660627,"4",914
"ERR12861400",3707605,3709166,"6",1561
"ERR12861400",3892948,3894120,"4",1172
"ERR12861400",3916909,3918964,"1",2055
"ERR12861400",3941527,3942419,"8",892
"ERR12861400",4004497,4005712,"5",1215
"ERR12861400",4216759,4224323,"8",7564
"SRR7800521",13992,14639,"3",647
"SRR7800521",18219,18764,"9",545
"SRR7800521",20292,20968,"2",676
"SRR7800521",23003,26589,"8",3586
"SRR7800521",45866,51349,"9",5483
"SRR7800521",51350,52829,"10",1479
"SRR7800521",52830,53288,"2",458
"SRR7800521",53289,54100,"10",811
"SRR7800521",68065,68719,"6",654
"SRR7800521",90627,91772,"8",1145
"SRR7800521",93088,95293,"3",2205
"SRR7800521",97400,101428,"6",4028
"SRR7800521",108086,109462,"3",1376
"SRR7800521",147337,147725,"7",388
"SRR7800521",148263,150447,"8",2184
"SRR7800521",185544,185956,"9",412
"SRR7800521",190527,191919,"3",1392
"SRR7800521",195714,196417,"3",703
"SRR7800521",196418,198344,"9",1926
"SRR7800521",198345,199724,"3",1379
"SRR7800521",203443,204267,"6",824
"SRR7800521",204268,206032,"1",1764
"SRR7800521",215477,215646,"9",169
"SRR7800521",224121,224893,"9",772
"SRR7800521",238635,240279,"8",1644
"SRR7800521",242994,246166,"9",3172
"SRR7800521",253012,253726,"8",714
"SRR7800521",253727,255557,"3",1830
"SRR7800521",283021,283980,"3",959
"SRR7800521",285387,285722,"10",335
"SRR7800521",291289,292317,"9",1028
"SRR7800521",300138,301097,"9",959
"SRR7800521",303958,305057,"9",1099
"SRR7800521",314980,315085,"1",105
"SRR7800521",315086,317499,"9",2413
"SRR7800521",319030,321872,"8",2842
"SRR7800521",327531,327965,"9",434
"SRR7800521",341511,341525,"9",14
"SRR7800521",341526,342241,"8",715
"SRR7800521",344249,344617,"2",368
"SRR7800521",359606,360660,"4",1054
"SRR7800521",366641,368405,"8",1764
"SRR7800521",394217,396791,"10",2574
"SRR7800521",403999,404820,"3",821
"SRR7800521",406653,407644,"3",991
"SRR7800521",414008,414759,"8",751
"SRR7800521",420861,421279,"6",418
"SRR7800521",422693,424072,"9",1379
"SRR7800521",424073,425637,"10",1564
"SRR7800521",440900,441813,"3",913
"SRR7800521",448111,453324,"9",5213
"SRR7800521",454894,455818,"9",924
"SRR7800521",462538,463382,"10",844
"SRR7800521",482724,483449,"10",725
"SRR7800521",488295,489442,"8",1147
"SRR7800521",489443,490879,"9",1436
"SRR7800521",508459,509671,"6",1212
"SRR7800521",512100,515325,"6",3225
"SRR7800521",517551,518212,"3",661
"SRR7800521",519930,520513,"10",583
"SRR7800521",525695,528288,"9",2593
"SRR7800521",549583,550212,"9",629
"SRR7800521",553519,554415,"9",896
"SRR7800521",564046,564245,"9",199
"SRR7800521",570272,570611,"1",339
"SRR7800521",576746,577430,"1",684
"SRR7800521",582131,582865,"10",734
"SRR7800521",583693,586414,"9",2721
"SRR7800521",590755,591272,"8",517
"SRR7800521",595874,596822,"9",948
"SRR7800521",600269,602195,"10",1926
"SRR7800521",612202,616461,"9",4259
"SRR7800521",617019,619284,"9",2265
"SRR7800521",622189,623283,"7",1094
"SRR7800521",649087,651502,"9",2415
"SRR7800521",669707,671107,"10",1400
"SRR7800521",674048,674843,"6",795
"SRR7800521",685967,687370,"8",1403
"SRR7800521",690492,691812,"8",1320
"SRR7800521",703543,707058,"9",3515
"SRR7800521",714539,714802,"8",263
"SRR7800521",714803,715585,"10",782
"SRR7800521",742879,745747,"10",2868
"SRR7800521",753200,754508,"10",1308
"SRR7800521",763482,765416,"10",1934
"SRR7800521",766915,769320,"9",2405
"SRR7800521",770397,773886,"9",3489
"SRR7800521",781479,782390,"9",911
"SRR7800521",787821,788256,"10",435
"SRR7800521",788257,790047,"8",1790
"SRR7800521",803152,803813,"9",661
"SRR7800521",816593,818093,"7",1500
"SRR7800521",821036,822150,"10",1114
"SRR7800521",830917,831914,"9",997
"SRR7800521",870446,873328,"9",2882
"SRR7800521",893123,893706,"8",583
"SRR7800521",906869,908936,"8",2067
"SRR7800521",910910,912320,"8",1410
"SRR7800521",915510,916998,"10",1488
"SRR7800521",923725,925831,"8",2106
"SRR7800521",929768,931343,"8",1575
"SRR7800521",933667,935909,"6",2242
"SRR7800521",944917,945462,"6",545
"SRR7800521",945463,946494,"3",1031
"SRR7800521",949855,951136,"9",1281
"SRR7800521",955969,958256,"10",2287
"SRR7800521",965369,968253,"9",2884
"SRR7800521",969783,971580,"10",1797
"SRR7800521",972482,972983,"3",501
"SRR7800521",1030582,1032153,"9",1571
"SRR7800521",1044709,1045876,"8",1167
"SRR7800521",1047402,1048967,"9",1565
"SRR7800521",1049999,1051309,"4",1310
"SRR7800521",1051310,1054926,"10",3616
"SRR7800521",1060093,1061201,"10",1108
"SRR7800521",1069130,1070763,"9",1633
"SRR7800521",1073133,1076198,"9",3065
"SRR7800521",1078317,1078865,"3",548
"SRR7800521",1096863,1097468,"8",605
"SRR7800521",1141018,1141617,"10",599
"SRR7800521",1148264,1149186,"8",922
"SRR7800521",1152838,1153641,"2",803
"SRR7800521",1157241,1158496,"9",1255
"SRR7800521",1162154,1164280,"9",2126
"SRR7800521",1164281,1164783,"2",502
"SRR7800521",1164784,1166706,"8",1922
"SRR7800521",1166707,1168118,"9",1411
"SRR7800521",1178716,1179270,"9",554
"SRR7800521",1184650,1187912,"9",3262
"SRR7800521",1199201,1202900,"8",3699
"SRR7800521",1214879,1216404,"6",1525
"SRR7800521",1216405,1217217,"8",812
"SRR7800521",1222682,1223216,"10",534
"SRR7800521",1223271,1223788,"9",517
"SRR7800521",1228062,1230251,"1",2189
"SRR7800521",1235390,1237535,"10",2145
"SRR7800521",1246142,1247674,"8",1532
"SRR7800521",1247675,1249470,"10",1795
"SRR7800521",1249471,1250731,"3",1260
"SRR7800521",1253454,1254860,"2",1406
"SRR7800521",1262099,1265297,"9",3198
"SRR7800521",1282714,1283988,"7",1274
"SRR7800521",1286386,1287127,"3",741
"SRR7800521",1292779,1294166,"10",1387
"SRR7800521",1322610,1324443,"9",1833
"SRR7800521",1330753,1331383,"6",630
"SRR7800521",1334481,1335126,"3",645
"SRR7800521",1335127,1336460,"10",1333
"SRR7800521",1342630,1344926,"10",2296
"SRR7800521",1347170,1348462,"10",1292
"SRR7800521",1363564,1366275,"9",2711
"SRR7800521",1367527,1369153,"8",1626
"SRR7800521",1378528,1379478,"10",950
"SRR7800521",1386911,1388227,"9",1316
"SRR7800521",1403598,1403763,"6",165
"SRR7800521",1425176,1426827,"9",1651
"SRR7800521",1432090,1432727,"1",637
"SRR7800521",1437508,1439826,"9",2318
"SRR7800521",1508565,1510029,"9",1464
"SRR7800521",1513540,1514981,"9",1441
"SRR7800521",1528148,1531919,"9",3771
"SRR7800521",1537498,1538453,"9",955
"SRR7800521",1560062,1560787,"1",725
"SRR7800521",1565241,1569786,"9",4545
"SRR7800521",1590708,1593125,"9",2417
"SRR7800521",1598202,1601711,"10",3509
"SRR7800521",1602535,1604598,"1",2063
"SRR7800521",1604599,1606026,"3",1427
"SRR7800521",1612785,1614008,"3",1223
"SRR7800521",1623700,1624589,"6",889
"SRR7800521",1634274,1636332,"10",2058
"SRR7800521",1636333,1639929,"9",3596
"SRR7800521",1639930,1641239,"8",1309
"SRR7800521",1650614,1652941,"8",2327
"SRR7800521",1672359,1672880,"4",521
"SRR7800521",1683427,1686933,"9",3506
"SRR7800521",1696785,1697158,"9",373
"SRR7800521",1709479,1710566,"9",1087
"SRR7800521",1711939,1715279,"9",3340
"SRR7800521",1718034,1720979,"8",2945
"SRR7800521",1720980,1722911,"4",1931
"SRR7800521",1722912,1724805,"10",1893
"SRR7800521",1724806,1726185,"8",1379
"SRR7800521",1748908,1749882,"6",974
"SRR7800521",1760784,1763121,"9",2337
"SRR7800521",1777302,1778501,"9",1199
"SRR7800521",1783397,1784251,"7",854
"SRR7800521",1794788,1799175,"9",4387
"SRR7800521",1809106,1810302,"8",1196
"SRR7800521",1814472,1817046,"9",2574
"SRR7800521",1817649,1819113,"10",1464
"SRR7800521",1822281,1823874,"3",1593
"SRR7800521",1839916,1840800,"9",884
"SRR7800521",1849433,1850603,"1",1170
"SRR7800521",1862453,1863909,"9",1456
"SRR7800521",1863910,1866499,"7",2589
"SRR7800521",1873489,1874519,"10",1030
"SRR7800521",1884280,1886680,"6",2400
"SRR7800521",1905450,1905893,"8",443
"SRR7800521",1925259,1929471,"8",4212
"SRR7800521",1929472,1933610,"10",4138
"SRR7800521",1947924,1948090,"3",166
"SRR7800521",1958520,1959317,"10",797
"SRR7800521",1963072,1964300,"6",1228
"SRR7800521",1971288,1971867,"9",579
"SRR7800521",2006372,2011024,"10",4652
"SRR7800521",2011025,2012313,"9",1288
"SRR7800521",2020121,2021227,"3",1106
"SRR7800521",2028668,2029848,"3",1180
"SRR7800521",2037515,2039738,"8",2223
"SRR7800521",2044252,2045213,"9",961
"SRR7800521",2058809,2059940,"8",1131
"SRR7800521",2061670,2068127,"6",6457
"SRR7800521",2068128,2072372,"8",4244
"SRR7800521",2082667,2083748,"8",1081
"SRR7800521",2100608,2108859,"10",8251
"SRR7800521",2111699,2112381,"9",682
"SRR7800521",2121157,2122931,"1",1774
"SRR7800521",2132669,2135878,"10",3209
"SRR7800521",2149689,2154261,"6",4572
"SRR7800521",2164352,2167202,"3",2850
"SRR7800521",2167203,2167880,"8",677
"SRR7800521",2178655,2180654,"9",1999
"SRR7800521",2187316,2191553,"8",4237
"SRR7800521",2206700,2209605,"3",2905
"SRR7800521",2221625,2222775,"10",1150
"SRR7800521",2240441,2242537,"3",2096
"SRR7800521",2254070,2255213,"9",1143
"SRR7800521",2260334,2260937,"3",603
"SRR7800521",2266488,2267952,"3",1464
"SRR7800521",2271311,2273035,"9",1724
"SRR7800521",2274494,2276313,"3",1819
"SRR7800521",2276314,2278926,"9",2612
"SRR7800521",2298128,2302809,"1",4681
"SRR7800521",2302810,2308463,"9",5653
"SRR7800521",2309363,2311045,"10",1682
"SRR7800521",2317258,2318651,"10",1393
"SRR7800521",2327729,2328482,"3",753
"SRR7800521",2328483,2329863,"4",1380
"SRR7800521",2329864,2330887,"2",1023
"SRR7800521",2333805,2335224,"3",1419
"SRR7800521",2348879,2349634,"3",755
"SRR7800521",2349635,2351133,"8",1498
"SRR7800521",2357698,2358734,"10",1036
"SRR7800521",2375472,2378304,"9",2832
"SRR7800521",2391242,2393744,"8",2502
"SRR7800521",2403684,2405314,"9",1630
"SRR7800521",2415993,2417405,"6",1412
"SRR7800521",2427519,2428590,"9",1071
"SRR7800521",2432293,2433482,"9",1189
"SRR7800521",2437285,2444733,"9",7448
"SRR7800521",2444734,2445084,"4",350
"SRR7800521",2447054,2448152,"10",1098
"SRR7800521",2455323,2457229,"8",1906
"SRR7800521",2486660,2487962,"8",1302
"SRR7800521",2504857,2505555,"8",698
"SRR7800521",2505556,2505855,"9",299
"SRR7800521",2508500,2510493,"8",1993
"SRR7800521",2522547,2525226,"3",2679
"SRR7800521",2538321,2547464,"10",9143
"SRR7800521",2547465,2548015,"3",550
"SRR7800521",2555397,2556752,"3",1355
"SRR7800521",2565520,2566597,"8",1077
"SRR7800521",2567896,2568966,"9",1070
"SRR7800521",2595031,2595801,"9",770
"SRR7800521",2595802,2597005,"6",1203
"SRR7800521",2597006,2597482,"2",476
"SRR7800521",2610336,2611563,"8",1227
"SRR7800521",2618153,2619171,"6",1018
"SRR7800521",2636101,2638607,"6",2506
"SRR7800521",2643586,2645038,"1",1452
"SRR7800521",2645968,2647364,"10",1396
"SRR7800521",2656980,2658541,"10",1561
"SRR7800521",2664485,2666190,"8",1705
"SRR7800521",2669998,2672800,"9",2802
"SRR7800521",2672801,2674205,"3",1404
"SRR7800521",2705072,2708755,"9",3683
"SRR7800521",2716182,2721804,"3",5622
"SRR7800521",2723893,2724735,"8",842
"SRR7800521",2741623,2744873,"8",3250
"SRR7800521",2748539,2749387,"1",848
"SRR7800521",2753002,2755592,"8",2590
"SRR7800521",2755593,2759299,"9",3706
"SRR7800521",2765364,2766718,"9",1354
"SRR7800521",2779686,2780181,"10",495
"SRR7800521",2790477,2791083,"3",606
"SRR7800521",2825574,2826464,"10",890
"SRR7800521",2828811,2831740,"2",2929
"SRR7800521",2843193,2847735,"9",4542
"SRR7800521",2851510,2854107,"10",2597
"SRR7800521",2855806,2859525,"10",3719
"SRR7800521",2884897,2885757,"1",860
"SRR7800521",2894557,2896314,"2",1757
"SRR7800521",2908283,2909603,"10",1320
"SRR7800521",2911618,2913207,"3",1589
"SRR7800521",2928604,2930991,"10",2387
"SRR7800521",2935798,2937085,"3",1287
"SRR7800521",2943464,2947348,"8",3884
"SRR7800521",2947916,2949300,"4",1384
"SRR7800521",2973921,2976514,"8",2593
"SRR7800521",2987280,2990889,"1",3609
"SRR7800521",3025489,3026449,"3",960
"SRR7800521",3026450,3026890,"4",440
"SRR7800521",3042897,3044429,"9",1532
"SRR7800521",3055631,3058329,"6",2698
"SRR7800521",3106663,3107792,"7",1129
"SRR7800521",3113469,3118274,"9",4805
"SRR7800521",3135467,3136193,"9",726
"SRR7800521",3138677,3139385,"7",708
"SRR7800521",3143705,3145060,"8",1355
"SRR7800521",3156008,3157533,"8",1525
"SRR7800521",3169303,3170140,"8",837
"SRR7800521",3175853,3179117,"9",3264
"SRR7800521",3179118,3180683,"3",1565
"SRR7800521",3180684,3181969,"1",1285
"SRR7800521",3191651,3193400,"8",1749
"SRR7800521",3204505,3205581,"9",1076
"SRR7800521",3246818,3249156,"10",2338
"SRR7800521",3257068,3261258,"10",4190
"SRR7800521",3261259,3262521,"8",1262
"SRR7800521",3264522,3268960,"3",4438
"SRR7800521",3268961,3269831,"6",870
"SRR7800521",3290571,3293367,"10",2796
"SRR7800521",3293368,3295490,"9",2122
"SRR7800521",3314817,3316945,"10",2128
"SRR7800521",3327916,3330969,"6",3053
"SRR7800521",3342303,3342901,"9",598
"SRR7800521",3342902,3345055,"3",2153
"SRR7800521",3349096,3350336,"3",1240
"SRR7800521",3361984,3362895,"9",911
"SRR7800521",3396246,3399650,"9",3404
"SRR7800521",3400984,3402613,"3",1629
"SRR7800521",3403636,3405811,"1",2175
"SRR7800521",3425396,3428403,"3",3007
"SRR7800521",3428404,3429159,"9",755
"SRR7800521",3432773,3433417,"8",644
"SRR7800521",3433418,3435058,"9",1640
"SRR7800521",3438101,3442618,"10",4517
"SRR7800521",3450180,3453097,"9",2917
"SRR7800521",3469783,3473201,"3",3418
"SRR7800521",3476449,3478683,"9",2234
"SRR7800521",3483538,3483898,"3",360
"SRR7800521",3489381,3489888,"10",507
"SRR7800521",3492277,3493284,"9",1007
"SRR7800521",3504837,3506128,"10",1291
"SRR7800521",3506129,3508412,"3",2283
"SRR7800521",3508413,3510291,"9",1878
"SRR7800521",3553599,3553786,"10",187
"SRR7800521",3562459,3566167,"9",3708
"SRR7800521",3581235,3582624,"9",1389
"SRR7800521",3587556,3588233,"10",677
"SRR7800521",3588234,3588845,"1",611
"SRR7800521",3603759,3605025,"10",1266
"SRR7800521",3625237,3626839,"8",1602
"SRR7800521",3626840,3627152,"10",312
"SRR7800521",3631633,3632292,"10",659
"SRR7800521",3632293,3634850,"1",2557
"SRR7800521",3634851,3636983,"8",2132
"SRR7800521",3638735,3640350,"8",1615
"SRR7800521",3641819,3643579,"9",1760
"SRR7800521",3657471,3658574,"10",1103
"SRR7800521",3663572,3664964,"8",1392
"SRR7800521",3668311,3669166,"9",855
"SRR7800521",3673824,3675317,"8",1493
"SRR7800521",3675318,3677680,"10",2362
"SRR7800521",3677681,3678389,"3",708
"SRR7800521",3678390,3680490,"10",2100
"SRR7800521",3703784,3708687,"9",4903
"SRR7800521",3725343,3731070,"9",5727
"SRR7800521",3731071,3731738,"10",667
"SRR7800521",3731739,3732565,"4",826
"SRR7800521",3741329,3745275,"8",3946
"SRR7800521",3746469,3747388,"10",919
"SRR7800521",3751649,3752304,"6",655
"SRR7800521",3752305,3753711,"8",1406
"SRR7800521",3760834,3765689,"1",4855
"SRR7800521",3768751,3769141,"9",390
"SRR7800521",3794596,3796886,"4",2290
"SRR7800521",3801841,3803817,"8",1976
"SRR7800521",3803818,3804796,"6",978
"SRR7800521",3804797,3804921,"3",124
"SRR7800521",3804922,3806801,"10",1879
"SRR7800521",3806802,3808029,"8",1227
"SRR7800521",3811950,3814868,"6",2918
"SRR7800521",3823570,3824428,"3",858
"SRR7800521",3831527,3832581,"10",1054
"SRR7800521",3836919,3838493,"1",1574
"SRR7800521",3847139,3847966,"4",827
"SRR7800521",3854479,3856018,"8",1539
"SRR7800521",3863227,3864698,"1",1471
"SRR7800521",3869861,3874081,"3",4220
"SRR7800521",3874082,3876727,"9",2645
"SRR7800521",3886510,3887228,"9",718
"SRR7800521",3887229,3888240,"3",1011
"SRR7800521",3888241,3890625,"10",2384
"SRR7800521",3896727,3897936,"8",1209
"SRR7800521",3897937,3901004,"10",3067
"SRR7800521",3901938,3903040,"9",1102
"SRR7800521",3919458,3921440,"9",1982
"SRR7800521",3924152,3925580,"3",1428
"SRR7800521",3925581,3931374,"9",5793
"SRR7800521",3941400,3945139,"10",3739
"SRR7800521",3945140,3947277,"3",2137
"SRR7800521",3955090,3956066,"3",976
"SRR7800521",3956067,3956681,"10",614
"SRR7800521",3959572,3960056,"3",484
"SRR7800521",3961219,3963870,"8",2651
"SRR7800521",3963871,3965332,"10",1461
"SRR7800521",3965333,3968717,"9",3384
"SRR7800521",3968718,3973200,"10",4482
"SRR7800521",3978342,3978857,"1",515
"SRR7800521",4002151,4003152,"9",1001
"SRR7800521",4006824,4012944,"10",6120
"SRR7800521",4020414,4028007,"10",7593
"SRR7800521",4030488,4033695,"7",3207
"SRR7800521",4034315,4035452,"8",1137
"SRR7800521",4035453,4036285,"10",832
"SRR7800521",4036286,4038558,"9",2272
"SRR7800521",4038559,4040874,"10",2315
"SRR7800521",4040875,4043216,"7",2341
"SRR7800521",4044155,4045277,"10",1122
"SRR7800521",4046309,4047199,"10",890
"SRR7800521",4048801,4049916,"10",1115
"SRR7800521",4051075,4054118,"10",3043
"SRR7800521",4056125,4057179,"10",1054
"SRR7800521",4065848,4070083,"10",4235
"SRR7800521",4084115,4088340,"6",4225
"SRR7800521",4088341,4089447,"9",1106
"SRR7800521",4095858,4100292,"9",4434
"SRR7800521",4100293,4101339,"6",1046
"SRR7800521",4101340,4108354,"9",7014
"SRR7800521",4108355,4112922,"1",4567
"SRR7800521",4119562,4124200,"1",4638
"SRR7800521",4157179,4201330,"9",44151
"SRR7800521",4201331,4211628,"8",10297
"SRR13556488",46620,51349,"6",4729
"SRR13556488",69833,70566,"6",733
"SRR13556488",101805,102529,"7",724
"SRR13556488",102530,104390,"2",1860
"SRR13556488",104493,109403,"7",4910
"SRR13556488",149519,155212,"6",5693
"SRR13556488",194784,195458,"9",674
"SRR13556488",238348,241686,"7",3338
"SRR13556488",241915,246091,"6",4176
"SRR13556488",246092,248832,"1",2740
"SRR13556488",286774,287753,"1",979
"SRR13556488",313921,315572,"7",1651
"SRR13556488",315573,317559,"6",1986
"SRR13556488",323204,324641,"7",1437
"SRR13556488",369611,371487,"7",1876
"SRR13556488",371488,374092,"10",2604
"SRR13556488",387418,396551,"7",9133
"SRR13556488",420927,422042,"7",1115
"SRR13556488",422043,424089,"6",2046
"SRR13556488",443862,444598,"10",736
"SRR13556488",449035,450581,"6",1546
"SRR13556488",450582,451621,"7",1039
"SRR13556488",455887,456905,"6",1018
"SRR13556488",492506,492893,"6",387
"SRR13556488",526518,528465,"7",1947
"SRR13556488",564563,566200,"6",1637
"SRR13556488",609262,609793,"10",531
"SRR13556488",669261,670131,"5",870
"SRR13556488",700528,701920,"5",1392
"SRR13556488",753200,757871,"6",4671
"SRR13556488",763071,765192,"6",2121
"SRR13556488",771074,771738,"7",664
"SRR13556488",803152,803912,"7",760
"SRR13556488",818553,823925,"7",5372
"SRR13556488",835669,836624,"6",955
"SRR13556488",853127,855408,"6",2281
"SRR13556488",886872,887970,"7",1098
"SRR13556488",896700,897396,"6",696
"SRR13556488",902530,907158,"6",4628
"SRR13556488",935158,935722,"7",564
"SRR13556488",949855,950436,"1",581
"SRR13556488",962564,966028,"7",3464
"SRR13556488",1032684,1035355,"6",2671
"SRR13556488",1046731,1046944,"9",213
"SRR13556488",1046945,1048046,"7",1101
"SRR13556488",1114700,1119964,"7",5264
"SRR13556488",1121895,1123087,"7",1192
"SRR13556488",1127848,1130811,"1",2963
"SRR13556488",1134640,1136920,"7",2280
"SRR13556488",1136921,1139105,"5",2184
"SRR13556488",1160519,1163854,"7",3335
"SRR13556488",1173625,1174839,"6",1214
"SRR13556488",1188418,1190742,"7",2324
"SRR13556488",1199368,1200305,"6",937
"SRR13556488",1204094,1205367,"5",1273
"SRR13556488",1265202,1266157,"10",955
"SRR13556488",1285390,1288875,"7",3485
"SRR13556488",1306548,1307777,"6",1229
"SRR13556488",1333671,1335047,"7",1376
"SRR13556488",1347110,1348416,"6",1306
"SRR13556488",1352851,1353603,"6",752
"SRR13556488",1368839,1372767,"6",3928
"SRR13556488",1407274,1411731,"6",4457
"SRR13556488",1413504,1415307,"10",1803
"SRR13556488",1415308,1420296,"7",4988
"SRR13556488",1431135,1433827,"6",2692
"SRR13556488",1448038,1449520,"7",1482
"SRR13556488",1462323,1467904,"6",5581
"SRR13556488",1491838,1495928,"10",4090
"SRR13556488",1498581,1501512,"7",2931
"SRR13556488",1505583,1507115,"6",1532
"SRR13556488",1507116,1513892,"7",6776
"SRR13556488",1541272,1547829,"7",6557
"SRR13556488",1559765,1560399,"3",634
"SRR13556488",1568410,1575929,"6",7519
"SRR13556488",1575930,1576590,"5",660
"SRR13556488",1576591,1581829,"6",5238
"SRR13556488",1583672,1583838,"7",166
"SRR13556488",1589919,1590829,"2",910
"SRR13556488",1627890,1629518,"6",1628
"SRR13556488",1648847,1650555,"7",1708
"SRR13556488",1654776,1656978,"7",2202
"SRR13556488",1664579,1666489,"1",1910
"SRR13556488",1674928,1675927,"9",999
"SRR13556488",1690159,1690484,"2",325
"SRR13556488",1690485,1692979,"7",2494
"SRR13556488",1701180,1702297,"7",1117
"SRR13556488",1711296,1715707,"7",4411
"SRR13556488",1748588,1749882,"7",1294
"SRR13556488",1749883,1751968,"10",2085
"SRR13556488",1762009,1763121,"1",1112
"SRR13556488",1777302,1778278,"10",976
"SRR13556488",1783338,1784182,"6",844
"SRR13556488",1795028,1796519,"7",1491
"SRR13556488",1796520,1796760,"1",240
"SRR13556488",1816308,1819113,"7",2805
"SRR13556488",1819114,1829123,"6",10009
"SRR13556488",1839916,1840800,"3",884
"SRR13556488",1863466,1874573,"6",11107
"SRR13556488",1924128,1930342,"10",6214
"SRR13556488",2020147,2021227,"6",1080
"SRR13556488",2058809,2059882,"5",1073
"SRR13556488",2070780,2072317,"1",1537
"SRR13556488",2087551,2089251,"10",1700
"SRR13556488",2095246,2095852,"6",606
"SRR13556488",2095853,2096631,"7",778
"SRR13556488",2113541,2117693,"7",4152
"SRR13556488",2118647,2120992,"10",2345
"SRR13556488",2129021,2131072,"6",2051
"SRR13556488",2132838,2134786,"7",1948
"SRR13556488",2146701,2154026,"7",7325
"SRR13556488",2182991,2184784,"5",1793
"SRR13556488",2208222,2209469,"1",1247
"SRR13556488",2209470,2209605,"6",135
"SRR13556488",2220843,2221448,"9",605
"SRR13556488",2239752,2242198,"7",2446
"SRR13556488",2276735,2277791,"7",1056
"SRR13556488",2293409,2294558,"6",1149
"SRR13556488",2295598,2295822,"1",224
"SRR13556488",2311221,2312462,"5",1241
"SRR13556488",2314708,2319548,"6",4840
"SRR13556488",2324238,2324999,"6",761
"SRR13556488",2355213,2364247,"7",9034
"SRR13556488",2375614,2383169,"7",7555
"SRR13556488",2390265,2394076,"6",3811
"SRR13556488",2424551,2425739,"7",1188
"SRR13556488",2440120,2442035,"6",1915
"SRR13556488",2442036,2444041,"5",2005
"SRR13556488",2446758,2447834,"6",1076
"SRR13556488",2530562,2531961,"6",1399
"SRR13556488",2538181,2539210,"3",1029
"SRR13556488",2559602,2562983,"1",3381
"SRR13556488",2562984,2563948,"7",964
"SRR13556488",2570791,2571793,"6",1002
"SRR13556488",2580676,2581695,"6",1019
"SRR13556488",2581696,2586059,"7",4363
"SRR13556488",2586060,2589347,"10",3287
"SRR13556488",2592142,2604855,"7",12713
"SRR13556488",2604856,2607390,"3",2534
"SRR13556488",2607391,2609746,"1",2355
"SRR13556488",2615134,2619171,"7",4037
"SRR13556488",2624671,2625848,"7",1177
"SRR13556488",2640719,2641778,"6",1059
"SRR13556488",2669331,2674048,"7",4717
"SRR13556488",2677717,2679276,"6",1559
"SRR13556488",2686161,2694784,"6",8623
"SRR13556488",2761289,2762344,"3",1055
"SRR13556488",2762345,2763854,"9",1509
"SRR13556488",2763855,2766575,"7",2720
"SRR13556488",2778666,2781242,"7",2576
"SRR13556488",2814380,2814946,"5",566
"SRR13556488",2832620,2835811,"6",3191
"SRR13556488",2835812,2837180,"7",1368
"SRR13556488",2841561,2843062,"7",1501
"SRR13556488",2845837,2854327,"6",8490
"SRR13556488",2860532,2861630,"6",1098
"SRR13556488",2862361,2864407,"1",2046
"SRR13556488",2872430,2877123,"6",4693
"SRR13556488",2882067,2884129,"6",2062
"SRR13556488",2903184,2904460,"1",1276
"SRR13556488",2937707,2938712,"7",1005
"SRR13556488",2959522,2963339,"1",3817
"SRR13556488",2968491,2971387,"6",2896
"SRR13556488",2972556,2973880,"6",1324
"SRR13556488",2986341,2986854,"7",513
"SRR13556488",2995888,3001880,"7",5992
"SRR13556488",3001881,3004192,"6",2311
"SRR13556488",3027274,3028114,"1",840
"SRR13556488",3033240,3035436,"7",2196
"SRR13556488",3041644,3042786,"7",1142
"SRR13556488",3047818,3048862,"5",1044
"SRR13556488",3063842,3064554,"7",712
"SRR13556488",3084916,3088151,"7",3235
"SRR13556488",3088152,3094696,"6",6544
"SRR13556488",3107958,3109418,"9",1460
"SRR13556488",3109419,3109533,"1",114
"SRR13556488",3109534,3111752,"7",2218
"SRR13556488",3114763,3116302,"3",1539
"SRR13556488",3148339,3149398,"1",1059
"SRR13556488",3169347,3170512,"10",1165
"SRR13556488",3186159,3187753,"7",1594
"SRR13556488",3199225,3200944,"1",1719
"SRR13556488",3204619,3205721,"6",1102
"SRR13556488",3222972,3226339,"6",3367
"SRR13556488",3251434,3255665,"6",4231
"SRR13556488",3255666,3256687,"7",1021
"SRR13556488",3256688,3257531,"6",843
"SRR13556488",3279289,3286288,"1",6999
"SRR13556488",3286289,3292023,"6",5734
"SRR13556488",3314918,3317018,"1",2100
"SRR13556488",3317019,3318052,"10",1033
"SRR13556488",3327113,3334471,"7",7358
"SRR13556488",3358661,3359571,"10",910
"SRR13556488",3368132,3371620,"6",3488
"SRR13556488",3396863,3398340,"7",1477
"SRR13556488",3422865,3425492,"7",2627
"SRR13556488",3429785,3431252,"7",1467
"SRR13556488",3437991,3439549,"7",1558
"SRR13556488",3441779,3443637,"6",1858
"SRR13556488",3473380,3475325,"10",1945
"SRR13556488",3503261,3504564,"6",1303
"SRR13556488",3504565,3505648,"7",1083
"SRR13556488",3553662,3554779,"8",1117
"SRR13556488",3570330,3572108,"7",1778
"SRR13556488",3572109,3572968,"10",859
"SRR13556488",3598400,3600233,"7",1833
"SRR13556488",3625080,3627457,"6",2377
"SRR13556488",3654008,3655334,"7",1326
"SRR13556488",3659242,3660830,"5",1588
"SRR13556488",3675318,3677419,"7",2101
"SRR13556488",3677420,3679331,"6",1911
"SRR13556488",3700754,3702444,"6",1690
"SRR13556488",3702445,3704187,"1",1742
"SRR13556488",3707605,3709237,"6",1632
"SRR13556488",3742418,3745225,"7",2807
"SRR13556488",3753918,3763549,"7",9631
"SRR13556488",3763676,3767727,"7",4051
"SRR13556488",3769023,3773540,"7",4517
"SRR13556488",3789287,3790970,"7",1683
"SRR13556488",3790971,3793053,"6",2082
"SRR13556488",3796499,3802076,"10",5577
"SRR13556488",3808860,3809459,"7",599
"SRR13556488",3809460,3810972,"6",1512
"SRR13556488",3821129,3823001,"7",1872
"SRR13556488",3830675,3832222,"1",1547
"SRR13556488",3858514,3861209,"7",2695
"SRR13556488",3861210,3863563,"6",2353
"SRR13556488",3867691,3868175,"6",484
"SRR13556488",3931853,3932533,"6",680
"SRR13556488",3938548,3942291,"7",3743
"SRR13556488",3956155,3958465,"6",2310
"SRR13556488",3963055,3963870,"10",815
"SRR13556488",4002319,4004267,"10",1948
"SRR13556488",4004268,4006823,"6",2555
"SRR13556488",4031088,4033596,"6",2508
"ERR12861626",21623,22126,"4",503
"ERR12861626",55357,55920,"4",563
"ERR12861626",70691,72300,"6",1609
"ERR12861626",85906,87182,"6",1276
"ERR12861626",120024,125342,"4",5318
"ERR12861626",125343,128620,"5",3277
"ERR12861626",164341,170454,"4",6113
"ERR12861626",218657,222625,"4",3968
"ERR12861626",256823,257573,"4",750
"ERR12861626",257574,258377,"8",803
"ERR12861626",259680,265014,"4",5334
"ERR12861626",269426,275474,"4",6048
"ERR12861626",305758,306598,"3",840
"ERR12861626",306599,307085,"8",486
"ERR12861626",307086,307907,"5",821
"ERR12861626",311349,312770,"4",1421
"ERR12861626",312771,313920,"5",1149
"ERR12861626",371488,371777,"4",289
"ERR12861626",371778,375102,"6",3324
"ERR12861626",375103,375413,"4",310
"ERR12861626",378819,382064,"10",3245
"ERR12861626",406726,407644,"4",918
"ERR12861626",419555,420186,"2",631
"ERR12861626",446307,447216,"10",909
"ERR12861626",454894,455238,"4",344
"ERR12861626",475463,476373,"5",910
"ERR12861626",477270,478487,"4",1217
"ERR12861626",484998,491720,"4",6722
"ERR12861626",505860,508209,"1",2349
"ERR12861626",520063,520559,"6",496
"ERR12861626",608182,608986,"4",804
"ERR12861626",652324,652712,"6",388
"ERR12861626",652713,653150,"4",437
"ERR12861626",666791,667600,"1",809
"ERR12861626",683724,688735,"4",5011
"ERR12861626",716314,717721,"4",1407
"ERR12861626",733412,736652,"4",3240
"ERR12861626",749029,750426,"5",1397
"ERR12861626",750427,750903,"4",476
"ERR12861626",763254,764608,"6",1354
"ERR12861626",772718,773525,"4",807
"ERR12861626",781400,784509,"4",3109
"ERR12861626",784510,785303,"3",793
"ERR12861626",785304,786143,"4",839
"ERR12861626",809061,813550,"4",4489
"ERR12861626",813551,815547,"5",1996
"ERR12861626",815548,818130,"6",2582
"ERR12861626",837678,839948,"4",2270
"ERR12861626",856706,860361,"4",3655
"ERR12861626",890077,891952,"4",1875
"ERR12861626",891953,893210,"5",1257
"ERR12861626",893211,896666,"4",3455
"ERR12861626",944917,945231,"4",314
"ERR12861626",951137,952642,"3",1505
"ERR12861626",952643,954536,"6",1893
"ERR12861626",969850,970790,"10",940
"ERR12861626",977860,981779,"4",3919
"ERR12861626",985335,988580,"4",3245
"ERR12861626",1020277,1022175,"4",1898
"ERR12861626",1030582,1031126,"3",544
"ERR12861626",1042077,1042936,"4",859
"ERR12861626",1055214,1056105,"10",891
"ERR12861626",1064045,1067949,"10",3904
"ERR12861626",1067950,1072868,"4",4918
"ERR12861626",1073361,1076198,"4",2837
"ERR12861626",1095095,1103837,"4",8742
"ERR12861626",1107890,1108586,"10",696
"ERR12861626",1127848,1130113,"6",2265
"ERR12861626",1151013,1151840,"4",827
"ERR12861626",1185355,1186230,"6",875
"ERR12861626",1191042,1192008,"4",966
"ERR12861626",1192009,1192370,"1",361
"ERR12861626",1199201,1200233,"6",1032
"ERR12861626",1209346,1210115,"9",769
"ERR12861626",1220315,1222219,"9",1904
"ERR12861626",1235582,1239488,"5",3906
"ERR12861626",1259778,1260212,"4",434
"ERR12861626",1290630,1292152,"4",1522
"ERR12861626",1300313,1301288,"4",975
"ERR12861626",1340515,1341800,"4",1285
"ERR12861626",1380164,1381091,"4",927
"ERR12861626",1386851,1389564,"4",2713
"ERR12861626",1398788,1399988,"4",1200
"ERR12861626",1434229,1435808,"4",1579
"ERR12861626",1438447,1447300,"4",8853
"ERR12861626",1489482,1490532,"4",1050
"ERR12861626",1548546,1549642,"10",1096
"ERR12861626",1613073,1615369,"10",2296
"ERR12861626",1621573,1622564,"3",991
"ERR12861626",1622565,1622816,"4",251
"ERR12861626",1623700,1624266,"10",566
"ERR12861626",1629519,1632903,"4",3384
"ERR12861626",1639884,1642261,"4",2377
"ERR12861626",1652680,1653524,"6",844
"ERR12861626",1695138,1696419,"1",1281
"ERR12861626",1699779,1704729,"9",4950
"ERR12861626",1736851,1738054,"4",1203
"ERR12861626",1749984,1751968,"10",1984
"ERR12861626",1751969,1760702,"4",8733
"ERR12861626",1760703,1760947,"9",244
"ERR12861626",1760948,1761174,"8",226
"ERR12861626",1761556,1763859,"6",2303
"ERR12861626",1780551,1782545,"4",1994
"ERR12861626",1806633,1808399,"4",1766
"ERR12861626",1827822,1828905,"6",1083
"ERR12861626",1832818,1839851,"4",7033
"ERR12861626",1882639,1883232,"4",593
"ERR12861626",1895879,1896876,"6",997
"ERR12861626",1896877,1899645,"10",2768
"ERR12861626",1899646,1902928,"4",3282
"ERR12861626",1905450,1909615,"4",4165
"ERR12861626",1918117,1918905,"3",788
"ERR12861626",1939506,1940685,"4",1179
"ERR12861626",1952309,1954354,"4",2045
"ERR12861626",1954355,1954922,"10",567
"ERR12861626",1966743,1970321,"4",3578
"ERR12861626",1972532,1979747,"4",7215
"ERR12861626",2008700,2011259,"4",2559
"ERR12861626",2011260,2012701,"10",1441
"ERR12861626",2012702,2013630,"8",928
"ERR12861626",2046044,2046476,"6",432
"ERR12861626",2046477,2047848,"4",1371
"ERR12861626",2047849,2048209,"8",360
"ERR12861626",2073595,2074813,"4",1218
"ERR12861626",2096343,2107120,"4",10777
"ERR12861626",2124009,2125105,"4",1096
"ERR12861626",2127978,2130581,"4",2603
"ERR12861626",2136627,2138200,"6",1573
"ERR12861626",2142617,2144232,"4",1615
"ERR12861626",2154546,2163218,"4",8672
"ERR12861626",2175688,2180654,"4",4966
"ERR12861626",2180655,2182556,"8",1901
"ERR12861626",2198457,2199271,"4",814
"ERR12861626",2199272,2200452,"6",1180
"ERR12861626",2221739,2226302,"4",4563
"ERR12861626",2236181,2238089,"4",1908
"ERR12861626",2240441,2242045,"4",1604
"ERR12861626",2254130,2259178,"4",5048
"ERR12861626",2259179,2262633,"10",3454
"ERR12861626",2272939,2274122,"6",1183
"ERR12861626",2293409,2294558,"6",1149
"ERR12861626",2307064,2308269,"6",1205
"ERR12861626",2364000,2366583,"1",2583
"ERR12861626",2369144,2371522,"4",2378
"ERR12861626",2388954,2390264,"6",1310
"ERR12861626",2401952,2402989,"4",1037
"ERR12861626",2433615,2434487,"6",872
"ERR12861626",2462311,2462682,"4",371
"ERR12861626",2465946,2468106,"4",2160
"ERR12861626",2496051,2497568,"4",1517
"ERR12861626",2505856,2511928,"4",6072
"ERR12861626",2529290,2531929,"6",2639
"ERR12861626",2566523,2567665,"4",1142
"ERR12861626",2570654,2572010,"6",1356
"ERR12861626",2580146,2581522,"6",1376
"ERR12861626",2604944,2606615,"3",1671
"ERR12861626",2609201,2610418,"1",1217
"ERR12861626",2611564,2612839,"6",1275
"ERR12861626",2612840,2613892,"4",1052
"ERR12861626",2621831,2624028,"4",2197
"ERR12861626",2645968,2651849,"4",5881
"ERR12861626",2661490,2665699,"4",4209
"ERR12861626",2683598,2684685,"4",1087
"ERR12861626",2684686,2688164,"10",3478
"ERR12861626",2747353,2748220,"4",867
"ERR12861626",2793866,2798646,"4",4780
"ERR12861626",2817121,2819262,"4",2141
"ERR12861626",2838596,2840083,"4",1487
"ERR12861626",2848480,2854327,"6",5847
"ERR12861626",2859161,2863783,"4",4622
"ERR12861626",2875489,2876803,"4",1314
"ERR12861626",2908255,2911833,"4",3578
"ERR12861626",2913136,2914613,"4",1477
"ERR12861626",2922423,2923388,"10",965
"ERR12861626",2925461,2928311,"6",2850
"ERR12861626",2928718,2929851,"10",1133
"ERR12861626",2956663,2959259,"1",2596
"ERR12861626",2968693,2970071,"6",1378
"ERR12861626",2991817,2994877,"4",3060
"ERR12861626",3027056,3027935,"4",879
"ERR12861626",3082432,3087474,"4",5042
"ERR12861626",3103929,3107675,"6",3746
"ERR12861626",3116266,3118562,"4",2296
"ERR12861626",3170334,3170611,"10",277
"ERR12861626",3204619,3208362,"6",3743
"ERR12861626",3218477,3222971,"3",4494
"ERR12861626",3247498,3247586,"4",88
"ERR12861626",3286700,3293992,"6",7292
"ERR12861626",3293993,3300739,"4",6746
"ERR12861626",3324836,3326053,"5",1217
"ERR12861626",3345104,3348573,"4",3469
"ERR12861626",3348574,3348995,"10",421
"ERR12861626",3367024,3367876,"10",852
"ERR12861626",3390695,3393532,"4",2837
"ERR12861626",3400984,3402438,"10",1454
"ERR12861626",3415118,3416375,"4",1257
"ERR12861626",3435297,3436162,"4",865
"ERR12861626",3442667,3443955,"6",1288
"ERR12861626",3462368,3467573,"4",5205
"ERR12861626",3497362,3498422,"10",1060
"ERR12861626",3505935,3507113,"2",1178
"ERR12861626",3507114,3512969,"4",5855
"ERR12861626",3525910,3526758,"6",848
"ERR12861626",3558207,3560608,"6",2401
"ERR12861626",3562389,3564449,"6",2060
"ERR12861626",3611247,3611657,"6",410
"ERR12861626",3611658,3613691,"4",2033
"ERR12861626",3625435,3627367,"8",1932
"ERR12861626",3640235,3642644,"4",2409
"ERR12861626",3672334,3673586,"10",1252
"ERR12861626",3678556,3679693,"6",1137
"ERR12861626",3686346,3687013,"6",667
"ERR12861626",3699426,3700139,"6",713
"ERR12861626",3707605,3709072,"6",1467
"ERR12861626",3798457,3800471,"6",2014
"ERR12861626",3802702,3803817,"6",1115
"ERR12861626",3803818,3803948,"1",130
"ERR12861626",3831569,3832915,"10",1346
"ERR12861626",3839526,3840896,"10",1370
"ERR12861626",3847017,3848245,"4",1228
"ERR12861626",3868582,3869860,"4",1278
"ERR12861626",3869861,3870726,"5",865
"ERR12861626",3871585,3872990,"6",1405
"ERR12861626",3880065,3881786,"4",1721
"ERR12861626",3881787,3883442,"6",1655
"ERR12861626",3886062,3888240,"8",2178
"ERR12861626",3888765,3890625,"1",1860
"ERR12861626",3923080,3927013,"6",3933
"ERR12861626",3934177,3936092,"4",1915
"ERR12861626",3969184,3969713,"6",529
"ERR12861626",3975283,3977985,"4",2702
"ERR12861626",4117229,4118805,"4",1576
"ERR12861626",4222270,4234560,"4",12290
"ERR12861626",4239923,4242643,"2",2720
"SRR7800686",46674,48706,"5",2032
"SRR7800686",93088,95293,"3",2205
"SRR7800686",99379,99740,"8",361
"SRR7800686",107630,109507,"3",1877
"SRR7800686",109508,111031,"5",1523
"SRR7800686",112117,117512,"5",5395
"SRR7800686",122391,128620,"5",6229
"SRR7800686",134841,137301,"5",2460
"SRR7800686",137302,140488,"8",3186
"SRR7800686",140489,148363,"5",7874
"SRR7800686",150811,153797,"10",2986
"SRR7800686",156709,162457,"5",5748
"SRR7800686",164150,165228,"6",1078
"SRR7800686",165229,167660,"4",2431
"SRR7800686",184699,185956,"3",1257
"SRR7800686",190176,191987,"8",1811
"SRR7800686",191988,197682,"5",5694
"SRR7800686",199860,201476,"5",1616
"SRR7800686",210819,211363,"5",544
"SRR7800686",211364,212780,"8",1416
"SRR7800686",215920,220944,"5",5024
"SRR7800686",229015,230862,"5",1847
"SRR7800686",233059,237513,"5",4454
"SRR7800686",246254,249418,"5",3164
"SRR7800686",258972,259438,"5",466
"SRR7800686",263087,264586,"5",1499
"SRR7800686",266103,269477,"5",3374
"SRR7800686",278194,278952,"10",758
"SRR7800686",280508,282623,"5",2115
"SRR7800686",282624,283980,"8",1356
"SRR7800686",289662,290873,"6",1211
"SRR7800686",295045,296205,"5",1160
"SRR7800686",320861,324383,"5",3522
"SRR7800686",336531,337982,"6",1451
"SRR7800686",345601,349048,"5",3447
"SRR7800686",352651,353302,"3",651
"SRR7800686",353303,354593,"5",1290
"SRR7800686",354594,354920,"8",326
"SRR7800686",363198,365085,"5",1887
"SRR7800686",366558,368545,"8",1987
"SRR7800686",369547,370977,"8",1430
"SRR7800686",371373,372648,"5",1275
"SRR7800686",374230,375102,"3",872
"SRR7800686",375103,376126,"5",1023
"SRR7800686",380618,381334,"3",716
"SRR7800686",399823,400494,"10",671
"SRR7800686",425638,427326,"5",1688
"SRR7800686",439709,440410,"6",701
"SRR7800686",465425,473353,"5",7928
"SRR7800686",494932,496932,"5",2000
"SRR7800686",506890,508521,"6",1631
"SRR7800686",512100,515325,"6",3225
"SRR7800686",532740,533629,"5",889
"SRR7800686",537004,542073,"5",5069
"SRR7800686",542383,543480,"5",1097
"SRR7800686",554734,555134,"5",400
"SRR7800686",557416,558156,"5",740
"SRR7800686",559535,564356,"5",4821
"SRR7800686",566201,570126,"5",3925
"SRR7800686",585970,586414,"5",444
"SRR7800686",601313,602051,"3",738
"SRR7800686",603749,604593,"6",844
"SRR7800686",611317,613112,"10",1795
"SRR7800686",613408,614455,"3",1047
"SRR7800686",632793,633669,"6",876
"SRR7800686",651252,652501,"5",1249
"SRR7800686",653948,657002,"8",3054
"SRR7800686",664094,664552,"5",458
"SRR7800686",673609,674843,"10",1234
"SRR7800686",674844,676526,"3",1682
"SRR7800686",682137,684719,"5",2582
"SRR7800686",690650,693206,"1",2556
"SRR7800686",697157,701742,"5",4585
"SRR7800686",708467,711240,"1",2773
"SRR7800686",711241,713710,"5",2469
"SRR7800686",714400,720105,"8",5705
"SRR7800686",720613,721206,"3",593
"SRR7800686",722283,722917,"5",634
"SRR7800686",725946,729269,"5",3323
"SRR7800686",732223,736150,"5",3927
"SRR7800686",738507,740807,"5",2300
"SRR7800686",744151,745399,"5",1248
"SRR7800686",745655,747484,"7",1829
"SRR7800686",748034,750408,"10",2374
"SRR7800686",752186,752801,"4",615
"SRR7800686",756178,761264,"5",5086
"SRR7800686",769447,770253,"6",806
"SRR7800686",784357,786779,"10",2422
"SRR7800686",813174,814464,"5",1290
"SRR7800686",827076,828704,"5",1628
"SRR7800686",839070,840231,"6",1161
"SRR7800686",841836,842960,"5",1124
"SRR7800686",845426,845816,"5",390
"SRR7800686",851402,852301,"5",899
"SRR7800686",855578,857877,"5",2299
"SRR7800686",859189,861561,"6",2372
"SRR7800686",871441,873444,"8",2003
"SRR7800686",873445,874631,"6",1186
"SRR7800686",893920,895062,"6",1142
"SRR7800686",908699,909661,"6",962
"SRR7800686",919561,920550,"5",989
"SRR7800686",934099,935909,"6",1810
"SRR7800686",935910,936823,"10",913
"SRR7800686",939016,941140,"5",2124
"SRR7800686",954155,955968,"5",1813
"SRR7800686",955969,957882,"10",1913
"SRR7800686",966734,968253,"1",1519
"SRR7800686",968254,969017,"3",763
"SRR7800686",969018,969727,"4",709
"SRR7800686",975788,978502,"3",2714
"SRR7800686",989281,990720,"4",1439
"SRR7800686",994831,999529,"5",4698
"SRR7800686",1012351,1019662,"5",7311
"SRR7800686",1023379,1024726,"10",1347
"SRR7800686",1033229,1037222,"5",3993
"SRR7800686",1039618,1041793,"5",2175
"SRR7800686",1051310,1052338,"10",1028
"SRR7800686",1058895,1060030,"10",1135
"SRR7800686",1068466,1068818,"5",352
"SRR7800686",1076285,1077243,"5",958
"SRR7800686",1077244,1079369,"8",2125
"SRR7800686",1087281,1089628,"5",2347
"SRR7800686",1089629,1090516,"3",887
"SRR7800686",1106483,1108402,"10",1919
"SRR7800686",1148573,1153188,"5",4615
"SRR7800686",1153189,1153558,"3",369
"SRR7800686",1157417,1158097,"6",680
"SRR7800686",1162671,1164875,"5",2204
"SRR7800686",1164876,1167412,"8",2536
"SRR7800686",1167413,1170009,"5",2596
"SRR7800686",1170010,1170796,"3",786
"SRR7800686",1200448,1202869,"3",2421
"SRR7800686",1211767,1213789,"4",2022
"SRR7800686",1214879,1219429,"8",4550
"SRR7800686",1220994,1223194,"10",2200
"SRR7800686",1223824,1224937,"5",1113
"SRR7800686",1247675,1249470,"10",1795
"SRR7800686",1252540,1252876,"3",336
"SRR7800686",1257018,1257882,"6",864
"SRR7800686",1257883,1258993,"3",1110
"SRR7800686",1281074,1282520,"10",1446
"SRR7800686",1310065,1310575,"1",510
"SRR7800686",1320750,1322631,"5",1881
"SRR7800686",1326970,1328353,"5",1383
"SRR7800686",1330753,1331708,"6",955
"SRR7800686",1369684,1371736,"5",2052
"SRR7800686",1376425,1377874,"1",1449
"SRR7800686",1390483,1392421,"10",1938
"SRR7800686",1392422,1392836,"7",414
"SRR7800686",1403196,1404606,"6",1410
"SRR7800686",1432779,1435327,"5",2548
"SRR7800686",1449711,1452386,"5",2675
"SRR7800686",1468549,1472563,"5",4014
"SRR7800686",1490128,1492861,"5",2733
"SRR7800686",1496907,1498493,"8",1586
"SRR7800686",1502049,1505430,"5",3381
"SRR7800686",1507571,1508093,"6",522
"SRR7800686",1518813,1522611,"5",3798
"SRR7800686",1532780,1534055,"4",1275
"SRR7800686",1534056,1537444,"5",3388
"SRR7800686",1538454,1541039,"4",2585
"SRR7800686",1542175,1542939,"3",764
"SRR7800686",1552169,1552855,"8",686
"SRR7800686",1552856,1553665,"5",809
"SRR7800686",1580591,1581602,"5",1011
"SRR7800686",1594133,1594866,"10",733
"SRR7800686",1601712,1603683,"6",1971
"SRR7800686",1607069,1607254,"5",185
"SRR7800686",1607351,1609696,"6",2345
"SRR7800686",1611576,1616870,"5",5294
"SRR7800686",1621659,1623506,"5",1847
"SRR7800686",1623507,1624694,"6",1187
"SRR7800686",1648763,1649605,"5",842
"SRR7800686",1650919,1652325,"6",1406
"SRR7800686",1652326,1655976,"5",3650
"SRR7800686",1663257,1664098,"6",841
"SRR7800686",1672359,1672880,"1",521
"SRR7800686",1672881,1673539,"3",658
"SRR7800686",1698521,1699610,"8",1089
"SRR7800686",1726497,1732986,"10",6489
"SRR7800686",1769806,1771814,"8",2008
"SRR7800686",1771815,1772639,"5",824
"SRR7800686",1774955,1775588,"5",633
"SRR7800686",1783397,1784336,"10",939
"SRR7800686",1799675,1802260,"10",2585
"SRR7800686",1806633,1809105,"1",2472
"SRR7800686",1809106,1810634,"8",1528
"SRR7800686",1815937,1817648,"5",1711
"SRR7800686",1831180,1833298,"6",2118
"SRR7800686",1833299,1834870,"5",1571
"SRR7800686",1837577,1839915,"5",2338
"SRR7800686",1840923,1842608,"6",1685
"SRR7800686",1850533,1853252,"5",2719
"SRR7800686",1859078,1859904,"8",826
"SRR7800686",1879907,1880270,"2",363
"SRR7800686",1888034,1891333,"5",3299
"SRR7800686",1900345,1901236,"5",891
"SRR7800686",1922108,1924384,"6",2276
"SRR7800686",1934349,1934955,"6",606
"SRR7800686",1937073,1938953,"6",1880
"SRR7800686",1942195,1944731,"6",2536
"SRR7800686",1944732,1947777,"7",3045
"SRR7800686",1954355,1958426,"5",4071
"SRR7800686",1958427,1959424,"10",997
"SRR7800686",1964232,1965713,"10",1481
"SRR7800686",1970732,1971752,"10",1020
"SRR7800686",1975904,1976736,"6",832
"SRR7800686",1997342,1999367,"5",2025
"SRR7800686",2001024,2002262,"5",1238
"SRR7800686",2006044,2008989,"3",2945
"SRR7800686",2012684,2013097,"10",413
"SRR7800686",2020132,2021326,"3",1194
"SRR7800686",2026445,2028080,"5",1635
"SRR7800686",2029966,2033194,"5",3228
"SRR7800686",2039840,2041729,"5",1889
"SRR7800686",2049722,2051568,"5",1846
"SRR7800686",2061670,2063384,"10",1714
"SRR7800686",2064306,2068586,"10",4280
"SRR7800686",2076004,2079296,"1",3292
"SRR7800686",2086142,2088869,"6",2727
"SRR7800686",2088870,2091254,"8",2384
"SRR7800686",2091255,2092079,"5",824
"SRR7800686",2096875,2100498,"5",3623
"SRR7800686",2100499,2102219,"10",1720
"SRR7800686",2109032,2110148,"5",1116
"SRR7800686",2119797,2123312,"8",3515
"SRR7800686",2136309,2144319,"5",8010
"SRR7800686",2151249,2154327,"10",3078
"SRR7800686",2164352,2168360,"3",4008
"SRR7800686",2168361,2173541,"5",5180
"SRR7800686",2173542,2174699,"3",1157
"SRR7800686",2180997,2182615,"10",1618
"SRR7800686",2184472,2186858,"10",2386
"SRR7800686",2198571,2199108,"10",537
"SRR7800686",2207470,2209560,"3",2090
"SRR7800686",2217220,2218082,"4",862
"SRR7800686",2223406,2225459,"5",2053
"SRR7800686",2232415,2235834,"5",3419
"SRR7800686",2240441,2242438,"3",1997
"SRR7800686",2246517,2250059,"4",3542
"SRR7800686",2256744,2258507,"5",1763
"SRR7800686",2265378,2266487,"10",1109
"SRR7800686",2267953,2269634,"6",1681
"SRR7800686",2284136,2290537,"10",6401
"SRR7800686",2290538,2292585,"3",2047
"SRR7800686",2303107,2304507,"5",1400
"SRR7800686",2312599,2316346,"6",3747
"SRR7800686",2327729,2330286,"3",2557
"SRR7800686",2336928,2338921,"8",1993
"SRR7800686",2343927,2344737,"8",810
"SRR7800686",2349847,2350854,"8",1007
"SRR7800686",2354058,2355392,"5",1334
"SRR7800686",2357386,2358824,"10",1438
"SRR7800686",2360441,2362173,"5",1732
"SRR7800686",2377658,2378453,"4",795
"SRR7800686",2390226,2394908,"5",4682
"SRR7800686",2396942,2398111,"10",1169
"SRR7800686",2410357,2412433,"10",2076
"SRR7800686",2412434,2413109,"3",675
"SRR7800686",2423909,2424550,"5",641
"SRR7800686",2429046,2431632,"6",2586
"SRR7800686",2443818,2444579,"7",761
"SRR7800686",2444580,2445044,"4",464
"SRR7800686",2450418,2451330,"4",912
"SRR7800686",2463379,2464520,"5",1141
"SRR7800686",2464521,2466480,"8",1959
"SRR7800686",2466537,2470513,"5",3976
"SRR7800686",2473555,2475220,"5",1665
"SRR7800686",2482502,2483438,"5",936
"SRR7800686",2484411,2486535,"5",2124
"SRR7800686",2490379,2494177,"10",3798
"SRR7800686",2494178,2494914,"3",736
"SRR7800686",2503271,2504208,"5",937
"SRR7800686",2506283,2508499,"5",2216
"SRR7800686",2510944,2513106,"6",2162
"SRR7800686",2525160,2528262,"5",3102
"SRR7800686",2528263,2531212,"6",2949
"SRR7800686",2543852,2546565,"3",2713
"SRR7800686",2550396,2553256,"3",2860
"SRR7800686",2556793,2558794,"5",2001
"SRR7800686",2562984,2565254,"5",2270
"SRR7800686",2570904,2571793,"6",889
"SRR7800686",2577681,2578112,"3",431
"SRR7800686",2595770,2596848,"10",1078
"SRR7800686",2596849,2597519,"2",670
"SRR7800686",2597520,2598592,"5",1072
"SRR7800686",2630388,2632160,"5",1772
"SRR7800686",2641982,2643243,"1",1261
"SRR7800686",2647322,2652033,"5",4711
"SRR7800686",2660378,2663009,"5",2631
"SRR7800686",2664485,2665970,"8",1485
"SRR7800686",2678337,2680084,"6",1747
"SRR7800686",2684998,2689386,"5",4388
"SRR7800686",2762345,2764700,"5",2355
"SRR7800686",2766954,2772558,"5",5604
"SRR7800686",2782629,2784896,"5",2267
"SRR7800686",2811794,2812550,"5",756
"SRR7800686",2844959,2846044,"5",1085
"SRR7800686",2848014,2850078,"5",2064
"SRR7800686",2884640,2886733,"1",2093
"SRR7800686",2888065,2889720,"1",1655
"SRR7800686",2891459,2894264,"5",2805
"SRR7800686",2922331,2923300,"5",969
"SRR7800686",2932306,2932737,"10",431
"SRR7800686",2936133,2936776,"5",643
"SRR7800686",2943759,2944331,"1",572
"SRR7800686",2944332,2948085,"10",3753
"SRR7800686",2948086,2950009,"4",1923
"SRR7800686",2955434,2956490,"10",1056
"SRR7800686",2961404,2962436,"10",1032
"SRR7800686",2968693,2973061,"5",4368
"SRR7800686",2976706,2985913,"10",9207
"SRR7800686",2991041,2994934,"5",3893
"SRR7800686",2997953,2999095,"5",1142
"SRR7800686",3004529,3006850,"5",2321
"SRR7800686",3016238,3016877,"5",639
"SRR7800686",3023669,3025331,"5",1662
"SRR7800686",3028889,3031956,"5",3067
"SRR7800686",3059445,3067397,"5",7952
"SRR7800686",3075877,3079393,"6",3516
"SRR7800686",3097407,3099621,"5",2214
"SRR7800686",3125836,3127777,"10",1941
"SRR7800686",3145549,3146902,"5",1353
"SRR7800686",3153153,3153760,"5",607
"SRR7800686",3153761,3157202,"10",3441
"SRR7800686",3169347,3170836,"3",1489
"SRR7800686",3170837,3172016,"5",1179
"SRR7800686",3173831,3175602,"6",1771
"SRR7800686",3192538,3193400,"8",862
"SRR7800686",3205755,3206763,"5",1008
"SRR7800686",3227577,3228625,"7",1048
"SRR7800686",3228626,3232732,"1",4106
"SRR7800686",3252421,3254230,"2",1809
"SRR7800686",3295649,3302731,"5",7082
"SRR7800686",3308342,3316845,"5",8503
"SRR7800686",3330361,3333049,"6",2688
"SRR7800686",3349275,3350381,"8",1106
"SRR7800686",3373571,3381593,"6",8022
"SRR7800686",3381594,3384098,"7",2504
"SRR7800686",3387260,3387928,"5",668
"SRR7800686",3387967,3394346,"8",6379
"SRR7800686",3406943,3408424,"5",1481
"SRR7800686",3414879,3419844,"5",4965
"SRR7800686",3431395,3437800,"5",6405
"SRR7800686",3437801,3442666,"10",4865
"SRR7800686",3442667,3443955,"6",1288
"SRR7800686",3447772,3451012,"5",3240
"SRR7800686",3483986,3485170,"5",1184
"SRR7800686",3491118,3492065,"5",947
"SRR7800686",3493570,3497151,"5",3581
"SRR7800686",3499847,3501846,"10",1999
"SRR7800686",3514944,3521652,"5",6708
"SRR7800686",3521653,3523922,"8",2269
"SRR7800686",3525607,3527226,"4",1619
"SRR7800686",3543023,3545509,"5",2486
"SRR7800686",3553787,3555983,"10",2196
"SRR7800686",3555984,3558206,"1",2222
"SRR7800686",3558207,3561464,"5",3257
"SRR7800686",3561465,3562728,"1",1263
"SRR7800686",3562729,3564163,"10",1434
"SRR7800686",3578792,3579410,"6",618
"SRR7800686",3582048,3584468,"5",2420
"SRR7800686",3590915,3592056,"6",1141
"SRR7800686",3592973,3604825,"6",11852
"SRR7800686",3613148,3617111,"5",3963
"SRR7800686",3631557,3632193,"10",636
"SRR7800686",3638735,3640350,"8",1615
"SRR7800686",3640351,3641853,"5",1502
"SRR7800686",3643716,3646456,"5",2740
"SRR7800686",3673779,3675317,"3",1538
"SRR7800686",3678390,3680837,"10",2447
"SRR7800686",3687979,3688929,"5",950
"SRR7800686",3695589,3697068,"5",1479
"SRR7800686",3733056,3734577,"10",1521
"SRR7800686",3737514,3742417,"5",4903
"SRR7800686",3742418,3743879,"3",1461
"SRR7800686",3748956,3750616,"5",1660
"SRR7800686",3765885,3766633,"5",748
"SRR7800686",3773889,3776973,"5",3084
"SRR7800686",3794439,3795232,"1",793
"SRR7800686",3795659,3796625,"3",966
"SRR7800686",3798129,3799903,"5",1774
"SRR7800686",3799904,3803517,"8",3613
"SRR7800686",3803518,3803934,"3",416
"SRR7800686",3803935,3804781,"6",846
"SRR7800686",3804782,3805915,"3",1133
"SRR7800686",3816388,3817713,"5",1325
"SRR7800686",3822964,3823390,"5",426
"SRR7800686",3823391,3824514,"3",1123
"SRR7800686",3830195,3831420,"5",1225
"SRR7800686",3847017,3847927,"4",910
"SRR7800686",3863227,3866882,"10",3655
"SRR7800686",3866883,3868510,"6",1627
"SRR7800686",3884731,3885786,"5",1055
"SRR7800686",3893693,3894048,"10",355
"SRR7800686",3909280,3910941,"5",1661
"SRR7800686",3914591,3919271,"5",4680
"SRR7800686",3936178,3939400,"6",3222
"SRR7800686",3945112,3948177,"3",3065
"SRR7800686",3955250,3955845,"3",595
"SRR7800686",3955846,3956223,"5",377
"SRR7800686",3975781,3976801,"8",1020
"SRR7800686",3976802,3978132,"3",1330
"SRR7800686",3980215,3981276,"3",1061
"SRR7800686",3991236,3992251,"10",1015
"SRR7800686",3997027,3998506,"5",1479
"SRR7800686",4004454,4005712,"5",1258
"SRR7800686",4013251,4015204,"5",1953
"SRR7800686",4025221,4026806,"7",1585
"SRR7800686",4070126,4071389,"10",1263
"SRR7800686",4071390,4074875,"5",3485
"SRR7800686",4087985,4088214,"3",229
"SRR7800686",4089865,4095345,"5",5480
"SRR7800686",4108494,4109246,"6",752
"SRR7800686",4114887,4118330,"10",3443
"SRR7800686",4119562,4120634,"6",1072
